        0.0000000000	        0.0000000000	        1.0000000000	        0.0000000000	        0.0000000000	        0.0000000000	        0.0000000000	        0.0000000000	        0.0000000000	        0.0000000000	        0.0022130969	        0.0000000000	        0.0000000000	        0.0003073529
        0.0006386460	        0.0067235316	        0.9977658028	        0.0000000000	        0.0000000000	        0.0000000000	        0.0000000002	        0.0000000003	        0.0000000012	        0.0000020310	        0.0022528210	        0.0666666667	        0.0000004701	        0.0002637599
        0.0013591019	        0.0143036357	        0.9952450459	        0.0000000000	        0.0000000000	        0.0000000000	        0.0000000016	        0.0000000025	        0.0000000087	        0.0000068035	        0.0022988589	        0.0666666667	        0.0000019679	        0.0002353917
        0.0021717769	        0.0228477894	        0.9924012565	        0.0000000000	        0.0000000000	        0.0000000000	        0.0000000056	        0.0000000091	        0.0000000319	        0.0000154121	        0.0023528725	        0.0666666667	        0.0000047561	        0.0002142577
        0.0030883849	        0.0324764356	        0.9891934364	        0.0000000000	        0.0000000000	        0.0000000000	        0.0000000151	        0.0000000249	        0.0000000873	        0.0000293248	        0.0024167451	        0.0666666667	        0.0000091726	        0.0001979347
        0.0041221033	        0.0433243479	        0.9855755647	        0.0000000000	        0.0000000000	        0.0000000000	        0.0000000344	        0.0000000575	        0.0000002017	        0.0000505094	        0.0024927145	        0.0666666667	        0.0000156460	        0.0001854139
        0.0052877492	        0.0555420412	        0.9814960860	        0.0000000000	        0.0000000000	        0.0000000000	        0.0000000707	        0.0000001190	        0.0000004173	        0.0000816034	        0.0025834770	        0.0666666667	        0.0000247186	        0.0001762640
        0.0066019743	        0.0692971610	        0.9768974084	        0.0000000000	        0.0000000000	        0.0000000000	        0.0000001353	        0.0000002274	        0.0000007975	        0.0001261439	        0.0026922883	        0.0666666667	        0.0000370786	        0.0001703622
        0.0080834821	        0.0847757320	        0.9717154518	        0.0000000000	        0.0000000000	        0.0000000000	        0.0000002463	        0.0000004094	        0.0000014349	        0.0001888765	        0.0028230657	        0.0666666667	        0.0000536033	        0.0001677876
        0.0097532660	        0.1021830506	        0.9658793082	        0.0000000000	        0.0000000000	        0.0000000000	        0.0000004322	        0.0000007028	        0.0000024606	        0.0002761688	        0.0029804782	        0.0666666667	        0.0000754158	        0.0001687725
        0.0116348733	        0.1217438367	        0.9593111132	        0.0000000000	        0.0000000000	        0.0000000000	        0.0000007378	        0.0000011606	        0.0000040566	        0.0003965545	        0.0031699969	        0.0666666667	        0.0001039601	        0.0001736779
        0.0137546927	        0.1437009668	        0.9519262882	        0.0000000000	        0.0000000000	        0.0000000000	        0.0000012347	        0.0000018572	        0.0000064744	        0.0005614313	        0.0033978438	        0.0666666667	        0.0001410939	        0.0001829744
        0.0161422702	        0.1683116000	        0.9436344354	        0.0000000000	        0.0000000000	        0.0000000000	        0.0000020371	        0.0000028990	        0.0000100662	        0.0007859056	        0.0036707220	        0.0666666667	        0.0001891995	        0.0001972163
        0.0188306506	        0.1958386442	        0.9343413941	        0.0000000000	        0.0000000000	        0.0000000000	        0.0000033277	        0.0000044432	        0.0000153377	        0.0010897081	        0.0039951209	        0.0666666667	        0.0002512988	        0.0002169939
        0.0218567475	        0.2265341285	        0.9239533665	        0.0000000000	        0.0000000000	        0.0000000000	        0.0000054009	        0.0000067316	        0.0000230347	        0.0014979289	        0.0043758769	        0.0666666667	        0.0003311297	        0.0002428442
        0.0252617393	        0.2606091322	        0.9123846583	        0.0000000000	        0.0000000000	        0.0000000000	        0.0000087281	        0.0000101465	        0.0000342715	        0.0020409659	        0.0048136526	        0.0666666667	        0.0004330864	        0.0002751121
        0.0290914903	        0.2981831588	        0.8995712938	        0.0000000000	        0.0000000000	        0.0000000000	        0.0000140564	        0.0000152961	        0.0000506747	        0.0027524744	        0.0053014641	        0.0666666667	        0.0005618182	        0.0003138137
        0.0333969940	        0.3392074146	        0.8854925870	        0.0000000000	        0.0000000000	        0.0000000000	        0.0000225302	        0.0000231161	        0.0000744203	        0.0036633605	        0.0058219694	        0.0666666667	        0.0007211558	        0.0003587177
        0.0382348325	        0.3833693575	        0.8701989188	        0.0000000000	        0.0000000000	        0.0000000000	        0.0000357867	        0.0000349182	        0.0001078574	        0.0047899200	        0.0063479147	        0.0666666667	        0.0009120914	        0.0004098208
        0.0436676462	        0.4300151364	        0.8538357098	        0.0000000000	        0.0000000000	        0.0000000000	        0.0000559468	        0.0000523277	        0.0001525764	        0.0061172313	        0.0068385070	        0.0666666667	        0.0011301971	        0.0004669011
        0.0497646022	        0.4781481807	        0.8366511181	        0.0000000000	        0.0000000000	        0.0000000000	        0.0000855398	        0.0000772665	        0.0002086607	        0.0075853604	        0.0072270415	        0.0666666667	        0.0013639348	        0.0005264557
        0.0566018496	        0.5265509151	        0.8189782922	        0.0000000000	        0.0000000000	        0.0000000000	        0.0001272807	        0.0001118951	        0.0002742339	        0.0090898422	        0.0074400295	        0.0666666667	        0.0015952147	        0.0005814750
        0.0642629411	        0.5740172545	        0.8011897720	        0.0000000000	        0.0000000000	        0.0000000000	        0.0001836694	        0.0001584761	        0.0003455433	        0.0105038829	        0.0074332276	        0.0666666667	        0.0018028683	        0.0006246528
        0.0728392004	        0.6195902195	        0.7836434377	        0.0000000000	        0.0000000000	        0.0000000000	        0.0002566546	        0.0002195155	        0.0004182174	        0.0117141650	        0.0072085193	        0.0666666667	        0.0019681921	        0.0006507030
        0.0824300053	        0.6626846943	        0.7666438862	        0.0000000000	        0.0000000000	        0.0000000000	        0.0003474872	        0.0002979937	        0.0004885078	        0.0126488162	        0.0068072894	        0.0666666667	        0.0020797395	        0.0006576233
        0.0931429507	        0.7030698391	        0.7504200888	        0.0000000000	        0.0000000000	        0.0000000000	        0.0004567464	        0.0003972367	        0.0005536577	        0.0132839965	        0.0062892558	        0.0666666667	        0.0021353039	        0.0006466960
        0.1050938490	        0.7407713243	        0.7351113331	        0.0000000000	        0.0000000000	        0.0000000000	        0.0005844373	        0.0005202903	        0.0006117857	        0.0136331796	        0.0057123484	        0.0666666667	        0.0021409171	        0.0006215250
        0.1184065179	        0.7759628083	        0.7207638610	        0.0000000000	        0.0000000000	        0.0000000000	        0.0007300811	        0.0006691547	        0.0006618684	        0.0137309287	        0.0051218766	        0.0666666667	        0.0021078749	        0.0005867002
        0.1332122955	        0.8088824745	        0.7073435362	        0.0000000000	        0.0000000000	        0.0000000000	        0.0008927634	        0.0008442903	        0.0007037711	        0.0136194276	        0.0045482563	        0.0666666667	        0.0020492750	        0.0005466390
        0.1496492201	        0.8397806907	        0.6947602235	        0.0000000000	        0.0000000000	        0.0000000000	        0.0010711362	        0.0010444851	        0.0007380890	        0.0133401742	        0.0040092876	        0.0666666667	        0.0019773567	        0.0005049151
        0.1678608015	        0.8688919599	        0.6828933893	        0.0000000000	        0.0000000000	        0.0000000000	        0.0012633772	        0.0012669280	        0.0007658281	        0.0129299910	        0.0035137207	        0.0666666667	        0.0019021450	        0.0004640683
        0.1879943127	        0.8964223556	        0.6716114468	        0.0000000000	        0.0000000000	        0.0000000000	        0.0014671186	        0.0015073235	        0.0007881016	        0.0124197402	        0.0030644775	        0.0666666667	        0.0018311734	        0.0004257146
        0.2101985296	        0.9225455970	        0.6607830985	        0.0000000000	        0.0000000000	        0.0000000000	        0.0016793603	        0.0017599849	        0.0008059398	        0.0118344342	        0.0026610329	        0.0666666667	        0.0017698004	        0.0003907661
        0.2346208557	        0.9474033426	        0.6502822654	        0.0000000000	        0.0000000000	        0.0000000000	        0.0018963877	        0.0020179206	        0.0008202089	        0.0111939421	        0.0023009907	        0.0666666667	        0.0017217264	        0.0003596499
        0.2614037844	        0.9711070949	        0.6399888982	        0.0000000000	        0.0000000000	        0.0000000000	        0.0021137193	        0.0022729600	        0.0008315972	        0.0105138740	        0.0019810555	        0.0666666667	        0.0016894987	        0.0003324828
        0.2906806794	        0.9937402585	        0.6297874586	        0.0000000000	        0.0000000000	        0.0000000000	        0.0023261124	        0.0025159663	        0.0008406310	        0.0098064601	        0.0016976050	        0.0666666667	        0.0016749215	        0.0003091947
        0.3225708876	        1.0153595354	        0.6195641689	        0.0000000000	        0.0000000000	        0.0000000000	        0.0025276576	        0.0027371775	        0.0008476999	        0.0090813683	        0.0014470163	        0.0666666667	        0.0016793523	        0.0002896117
        0.3571742551	        1.0359951586	        0.6092036142	        0.0000000000	        0.0000000000	        0.0000000000	        0.0027119961	        0.0029267083	        0.0008530801	        0.0083464629	        0.0012258515	        0.0666666667	        0.0017038885	        0.0002735067
        0.3945651751	        1.0556495597	        0.5985850068	        0.0000000000	        0.0000000000	        0.0000000000	        0.0028726986	        0.0030752415	        0.0008569535	        0.0076085461	        0.0010309672	        0.0666666667	        0.0017494427	        0.0002606267
        0.4347863703	        1.0742939984	        0.5875783756	        0.0000000000	        0.0000000000	        0.0000000000	        0.0030038590	        0.0031749248	        0.0008594202	        0.0068741422	        0.0008595869	        0.0666666667	        0.0018166870	        0.0002507028
        0.4778426900	        1.0918625163	        0.5760411869	        0.0000000000	        0.0000000000	        0.0000000000	        0.0031009768	        0.0032204969	        0.0008605061	        0.0061504106	        0.0007093625	        0.0666666667	        0.0019058166	        0.0002434416
        0.5236952751	        1.1082424138	        0.5638166603	        0.0000000000	        0.0000000000	        0.0000000000	        0.0031622351	        0.0032106770	        0.0008601674	        0.0054462952	        0.0005784405	        0.0666666667	        0.0020160406	        0.0002385007
        0.5722565058	        1.1232607061	        0.5507368147	        0.0000000000	        0.0000000000	        0.0000000000	        0.0031903013	        0.0031498785	        0.0008583081	        0.0047740097	        0.0004655437	        0.0666666667	        0.0021446702	        0.0002354446
        0.6233861842	        1.1366678804	        0.5366367586	        0.0000000000	        0.0000000000	        0.0000000000	        0.0031946687	        0.0030502385	        0.0008548567	        0.0041508253	        0.0003700556	        0.0666666667	        0.0022857001	        0.0002336880
        0.6768894010	        1.1481265018	        0.5213917199	        0.0000000000	        0.0000000000	        0.0000000000	        0.0031939797	        0.0029335413	        0.0008500107	        0.0036006455	        0.0002920529	        0.0666666667	        0.0024280471	        0.0002324522
        0.7325164896	        1.1572257694	        0.5049889030	        0.0000000000	        0.0000000000	        0.0000000000	        0.0032161000	        0.0028313759	        0.0008447299	        0.0031537564	        0.0002321496	        0.0666666667	        0.0025544227	        0.0002307974
        0.7899653716	        1.1635548924	        0.4876234212	        0.0000000000	        0.0000000000	        0.0000000000	        0.0032914804	        0.0027801635	        0.0008410364	        0.0028420890	        0.0001910037	        0.0666666667	        0.0026430443	        0.0002278115
        0.8488864424	        1.1668371575	        0.4697479947	        0.0000000000	        0.0000000000	        0.0000000000	        0.0034385238	        0.0028093921	        0.0008409965	        0.0026893654	        0.0001686074	        0.0666666667	        0.0026741296	        0.0002229291
        0.9088899606	        1.1670382525	        0.4519825107	        0.0000000000	        0.0000000000	        0.0000000000	        0.0036538891	        0.0029302485	        0.0008449067	        0.0027019820	        0.0001639334	        0.0666666667	        0.0026388118	        0.0002161574
        0.9695556872	        1.1643558819	        0.4349127335	        0.0000000000	        0.0000000000	        0.0000000000	        0.0039218051	        0.0031350409	        0.0008515754	        0.0028680634	        0.0001752529	        0.0666666667	        0.0025434128	        0.0002080149
        1.0304443128	        1.1591083876	        0.4189242315	        0.0000000000	        0.0000000000	        0.0000000000	        0.0041779136	        0.0034002847	        0.0008586108	        0.0031647616	        0.0002007557	        0.0666666667	        0.0024049383	        0.0001992508
        1.0911100394	        1.1515915421	        0.4041814021	        0.0000000000	        0.0000000000	        0.0000000000	        0.0044016909	        0.0037026600	        0.0008651251	        0.0035681211	        0.0002391678	        0.0666666667	        0.0022431731	        0.0001906154
        1.1511135576	        1.1420989129	        0.3906962454	        0.0000000000	        0.0000000000	        0.0000000000	        0.0046226448	        0.0040204459	        0.0008711065	        0.0040541023	        0.0002895421	        0.0666666667	        0.0020749294	        0.0001827262
        1.2100346284	        1.1309422961	        0.3783847114	        0.0000000000	        0.0000000000	        0.0000000000	        0.0048205968	        0.0043265546	        0.0008758512	        0.0045991110	        0.0003510277	        0.0666666667	        0.0019118154	        0.0001760134
        1.2674835104	        1.1183895047	        0.3671136949	        0.0000000000	        0.0000000000	        0.0000000000	        0.0049785224	        0.0045983821	        0.0008793828	        0.0051841874	        0.0004231788	        0.0666666667	        0.0017606611	        0.0001707468
        1.3231105990	        1.1046581936	        0.3567395030	        0.0000000000	        0.0000000000	        0.0000000000	        0.0050843328	        0.0048189362	        0.0008818451	        0.0057951344	        0.0005059790	        0.0666666667	        0.0016247906	        0.0001670779
        1.3766138158	        1.0899201487	        0.3471264358	        0.0000000000	        0.0000000000	        0.0000000000	        0.0051310456	        0.0049766467	        0.0008833890	        0.0064217701	        0.0005998148	        0.0666666667	        0.0015053331	        0.0001650873
        1.4277434942	        1.0743087338	        0.3381532793	        0.0000000000	        0.0000000000	        0.0000000000	        0.0051161860	        0.0050646818	        0.0008841313	        0.0070569707	        0.0007054331	        0.0666666667	        0.0014021956	        0.0001648235
        1.4763047249	        1.0579259911	        0.3297138582	        0.0000000000	        0.0000000000	        0.0000000000	        0.0050409623	        0.0050802166	        0.0008841467	        0.0076958004	        0.0008239022	        0.0666666667	        0.0013146833	        0.0001663297
        1.5221573100	        1.0408483382	        0.3217151910	        0.0000000000	        0.0000000000	        0.0000000000	        0.0049094374	        0.0050238053	        0.0008834707	        0.0083348036	        0.0009565843	        0.0666666667	        0.0012418606	        0.0001696614
        1.5652136297	        1.0231308411	        0.3140749627	        0.0000000000	        0.0000000000	        0.0000000000	        0.0047277593	        0.0048988658	        0.0008821047	        0.0089714445	        0.0011051166	        0.0666666667	        0.0011827479	        0.0001748981
        1.6054348249	        1.0048103410	        0.3067190337	        0.0000000000	        0.0000000000	        0.0000000000	        0.0045034656	        0.0047112322	        0.0008800190	        0.0096036607	        0.0012714020	        0.0666666667	        0.0011364189	        0.0001821503
        1.6428257449	        0.9859077162	        0.2995792225	        0.0000000000	        0.0000000000	        0.0000000000	        0.0042448653	        0.0044687254	        0.0008771535	        0.0102294925	        0.0014576031	        0.0666666667	        0.0011020424	        0.0001915640
        1.6774291124	        0.9664294901	        0.2925913911	        0.0000000000	        0.0000000000	        0.0000000000	        0.0039605046	        0.0041807006	        0.0008734167	        0.0108467608	        0.0016661381	        0.0666666667	        0.0010788907	        0.0002033235
        1.7093193206	        0.9463689137	        0.2856937798	        0.0000000000	        0.0000000000	        0.0000000000	        0.0036587254	        0.0038575538	        0.0008686805	        0.0114527720	        0.0018996745	        0.0666666667	        0.0010663273	        0.0002176520
        1.7385962156	        0.9257065956	        0.2788255173	        0.0000000000	        0.0000000000	        0.0000000000	        0.0033473205	        0.0035101937	        0.0008627728	        0.0120440319	        0.0021611163	        0.0666666667	        0.0010637786	        0.0002348097
        1.7653791443	        0.9044107085	        0.2719252361	        0.0000000000	        0.0000000000	        0.0000000000	        0.0030332892	        0.0031495052	        0.0008554668	        0.0126159542	        0.0024535790	        0.0666666667	        0.0010706900	        0.0002550877
        1.7898014704	        0.8824367815	        0.2649297468	        0.0000000000	        0.0000000000	        0.0000000000	        0.0027226871	        0.0027858449	        0.0008464647	        0.0131625521	        0.0027803436	        0.0666666667	        0.0010864625	        0.0002787953
        1.8120056873	        0.8597270871	        0.2577727596	        0.0000000000	        0.0000000000	        0.0000000000	        0.0024205621	        0.0024286080	        0.0008353792	        0.0136761015	        0.0031447742	        0.0666666667	        0.0011103641	        0.0003062361
        1.8321391985	        0.8362096484	        0.2503837021	        0.0000000000	        0.0000000000	        0.0000000000	        0.0021309628	        0.0020859005	        0.0008217093	        0.0141467696	        0.0035501716	        0.0666666667	        0.0011414079	        0.0003376672
        1.8503507799	        0.8117969482	        0.2426867879	        0.0000000000	        0.0000000000	        0.0000000000	        0.0018570021	        0.0017643363	        0.0008048157	        0.0145622060	        0.0039995211	        0.0666666667	        0.0011781893	        0.0003732321
        1.8667877045	        0.7863845116	        0.2346006843	        0.0000000000	        0.0000000000	        0.0000000000	        0.0016009579	        0.0014689607	        0.0007838998	        0.0149071109	        0.0044950631	        0.0666666667	        0.0012186765	        0.0004128547
        1.8815934821	        0.7598496921	        0.2260394484	        0.0000000000	        0.0000000000	        0.0000000000	        0.0013643927	        0.0012032855	        0.0007580052	        0.0151628180	        0.0050375884	        0.0666666667	        0.0012599649	        0.0004560843
        1.8949061510	        0.7320512325	        0.2169158971	        0.0000000000	        0.0000000000	        0.0000000000	        0.0011482746	        0.0009693990	        0.0007260720	        0.0153069840	        0.0056253275	        0.0666666667	        0.0012980348	        0.0005018831
        1.9068570493	        0.7028305546	        0.2071491238	        0.0000000000	        0.0000000000	        0.0000000000	        0.0009530880	        0.0007680971	        0.0006870929	        0.0153135643	        0.0062522985	        0.0666666667	        0.0013276170	        0.0005483781
        1.9175699947	        0.6720163307	        0.1966779494	        0.0000000000	        0.0000000000	        0.0000000000	        0.0007789267	        0.0005989735	        0.0006404134	        0.0151533971	        0.0069060325	        0.0666666667	        0.0013423560	        0.0005926517
        1.9271607996	        0.6394348012	        0.1854804783	        0.0000000000	        0.0000000000	        0.0000000000	        0.0006255710	        0.0004604360	        0.0005861317	        0.0147959119	        0.0075647940	        0.0666666667	        0.0013355173	        0.0006307301
        1.9357370589	        0.6049295690	        0.1735953132	        0.0000000000	        0.0000000000	        0.0000000000	        0.0004925489	        0.0003497041	        0.0005253802	        0.0142126900	        0.0081948730	        0.0666666667	        0.0013013633	        0.0006579786
        1.9433981504	        0.5683958052	        0.1611339179	        0.0000000000	        0.0000000000	        0.0000000000	        0.0003791827	        0.0002629540	        0.0004601837	        0.0133836506	        0.0087493541	        0.0666666667	        0.0012368969	        0.0006699970
        1.9502353978	        0.5298332871	        0.1482734032	        0.0000000000	        0.0000000000	        0.0000000000	        0.0002846057	        0.0001957864	        0.0003929007	        0.0123061112	        0.0091708336	        0.0666666667	        0.0011431856	        0.0006637971
        1.9563323538	        0.4894166131	        0.1352311428	        0.0000000000	        0.0000000000	        0.0000000000	        0.0002077296	        0.0001439710	        0.0003257955	        0.0110052108	        0.0094010053	        0.0666666667	        0.0010255342	        0.0006387828
        1.9617651675	        0.4475650560	        0.1222371400	        0.0000000000	        0.0000000000	        0.0000000000	        0.0001471634	        0.0001041001	        0.0002611879	        0.0095410381	        0.0093978937	        0.0666666667	        0.0008924758	        0.0005971604
        1.9666030060	        0.4049724650	        0.1095170507	        0.0000000000	        0.0000000000	        0.0000000000	        0.0001011315	        0.0000737503	        0.0002017310	        0.0080053727	        0.0091553157	        0.0666666667	        0.0007540707	        0.0005436649
        1.9709085097	        0.3625516526	        0.0972813897	        0.0000000000	        0.0000000000	        0.0000000000	        0.0000674764	        0.0000511574	        0.0001500343	        0.0065039653	        0.0087125065	        0.0666666667	        0.0006199609	        0.0004846098
        1.9747382607	        0.3212855719	        0.0857104751	        0.0000000000	        0.0000000000	        0.0000000000	        0.0000438073	        0.0000348116	        0.0001077547	        0.0051302655	        0.0081442116	        0.0666666667	        0.0004976336	        0.0004264516
        1.9781432525	        0.2820443896	        0.0749370660	        0.0000000000	        0.0000000000	        0.0000000000	        0.0000277590	        0.0000233113	        0.0000751037	        0.0039446853	        0.0075333398	        0.0666666667	        0.0003914904	        0.0003740286
        1.9811693494	        0.2454550519	        0.0650376441	        0.0000000000	        0.0000000000	        0.0000000000	        0.0000172406	        0.0000154281	        0.0000511469	        0.0029692862	        0.0069374784	        0.0666666667	        0.0003029533	        0.0003289387
        1.9838577298	        0.2118633414	        0.0560356287	        0.0000000000	        0.0000000000	        0.0000000000	        0.0000105351	        0.0000101177	        0.0000342133	        0.0021956901	        0.0063872922	        0.0666666667	        0.0002312088	        0.0002911289
        1.9862453073	        0.1813707885	        0.0479125102	        0.0000000000	        0.0000000000	        0.0000000000	        0.0000063414	        0.0000065590	        0.0000224809	        0.0015982466	        0.0059016138	        0.0666666667	        0.0001742004	        0.0002606347
        1.9883651267	        0.1539068298	        0.0406223247	        0.0000000000	        0.0000000000	        0.0000000000	        0.0000037546	        0.0000041756	        0.0000144427	        0.0011455521	        0.0054893975	        0.0666666667	        0.0001294831	        0.0002374949
        1.9902467340	        0.1292995218	        0.0341045364	        0.0000000000	        0.0000000000	        0.0000000000	        0.0000021785	        0.0000025872	        0.0000090030	        0.0008074221	        0.0051505444	        0.0666666667	        0.0000947291	        0.0002215391
        1.9919165179	        0.1073275846	        0.0282929118	        0.0000000000	        0.0000000000	        0.0000000000	        0.0000012311	        0.0000015440	        0.0000053943	        0.0005579168	        0.0048790877	        0.0666666667	        0.0000679343	        0.0002124472
        1.9933980257	        0.0877532749	        0.0231208140	        0.0000000000	        0.0000000000	        0.0000000000	        0.0000006716	        0.0000008772	        0.0000030723	        0.0003760257	        0.0046663263	        0.0666666667	        0.0000474591	        0.0002098892
        1.9947122508	        0.0703412103	        0.0185241215	        0.0000000000	        0.0000000000	        0.0000000000	        0.0000003489	        0.0000004676	        0.0000016403	        0.0002452753	        0.0045028876	        0.0666666667	        0.0000319957	        0.0002136536
        1.9958778967	        0.0548682277	        0.0144427429	        0.0000000000	        0.0000000000	        0.0000000000	        0.0000001692	        0.0000002293	        0.0000008051	        0.0001529757	        0.0043798261	        0.0666666667	        0.0000205141	        0.0002237686
        1.9969116151	        0.0411279288	        0.0108213261	        0.0000000000	        0.0000000000	        0.0000000000	        0.0000000741	        0.0000001002	        0.0000003520	        0.0000894413	        0.0042891016	        0.0666666667	        0.0000122069	        0.0002406600
        1.9978282231	        0.0289322308	        0.0076094923	        0.0000000000	        0.0000000000	        0.0000000000	        0.0000000276	        0.0000000368	        0.0000001294	        0.0000473129	        0.0042237058	        0.0666666667	        0.0000064419	        0.0002654429
        1.9986408981	        0.0181113026	        0.0047617816	        0.0000000000	        0.0000000000	        0.0000000000	        0.0000000077	        0.0000000100	        0.0000000352	        0.0000210099	        0.0041775963	        0.0666666667	        0.0000027252	        0.0003006120
        1.9993613540	        0.0085126799	        0.0022374221	        0.0000000000	        0.0000000000	        0.0000000000	        0.0000000011	        0.0000000014	        0.0000000049	        0.0000063052	        0.0041454885	        0.0666666667	        0.0000006736	        0.0003521826
        2.0000000000	        0.0000000000	        0.0000000000	        0.0000000000	        0.0000000000	        0.0000000000	        0.0000000000	        0.0000000000	        0.0000000000	        0.0000000000	        0.0041223974	        0.0000000000	        0.0000000000	        0.0004403768
