        0.0000000000	        0.0000000000	        1.0000000000	        1.0667014828	       20.2049934835	        0.0000000000	        0.0000000000	        0.0000000000	        0.0000000000	        0.0000000000	        0.1456678667	        0.0000000000	        0.0000000000	        0.0017465833
        0.0006386460	        0.0170373121	        0.9969645039	        1.0542578773	       20.2023566527	        0.0000000000	        0.0000000781	        0.0000000150	        0.0000000714	        0.0001722987	        0.1120559826	        0.0666666667	        0.0000020659	        0.0012203045
        0.0013591019	        0.0362309117	        0.9935573725	        1.0403457631	       20.1995245370	        0.0000000000	        0.0000005747	        0.0000001067	        0.0000005041	        0.0005253479	        0.0879434438	        0.0666666667	        0.0000078567	        0.0009670311
        0.0021717769	        0.0578036690	        0.9897371640	        1.0248120191	       20.1964962256	        0.0000000000	        0.0000021284	        0.0000003799	        0.0000017831	        0.0010804019	        0.0716656608	        0.0666666667	        0.0000178674	        0.0008144386
        0.0030883849	        0.0819334210	        0.9854602786	        1.0074932996	       20.1932706953	        0.0000000000	        0.0000058454	        0.0000009901	        0.0000046078	        0.0018630630	        0.0608721753	        0.0666666667	        0.0000328446	        0.0007153054
        0.0041221033	        0.1086846470	        0.9806822439	        0.9882171521	       20.1898439451	        0.0000000000	        0.0000135093	        0.0000021430	        0.0000098652	        0.0028986814	        0.0538633875	        0.0666666667	        0.0000537404	        0.0006505444
        0.0052877492	        0.1379114412	        0.9753594727	        0.9668038732	       20.1862037654	        0.0000000000	        0.0000277547	        0.0000040809	        0.0000185258	        0.0042019825	        0.0494537213	        0.0666666667	        0.0000816787	        0.0006106889
        0.0066019743	        0.1691643838	        0.9694512446	        0.9430693300	       20.1823207813	        0.0000000000	        0.0000520574	        0.0000070548	        0.0000314605	        0.0057608662	        0.0467401470	        0.0666666667	        0.0001178971	        0.0005902319
        0.0080834821	        0.2016769243	        0.9629214769	        0.9168290254	       20.1781337376	        0.0000000000	        0.0000903867	        0.0000112880	        0.0000492303	        0.0075208414	        0.0449859518	        0.0666666667	        0.0001636498	        0.0005854811
        0.0097532660	        0.2345020715	        0.9557398681	        0.8879037476	       20.1735260085	        0.0000000000	        0.0001464817	        0.0000169487	        0.0000719409	        0.0093842219	        0.0436324596	        0.0666666667	        0.0002200706	        0.0005938222
        0.0116348733	        0.2667639336	        0.9478823873	        0.8561272098	       20.1682889014	        0.0000000000	        0.0002229920	        0.0000241531	        0.0000992707	        0.0112332177	        0.0423352103	        0.0666666667	        0.0002880185	        0.0006135268
        0.0137546927	        0.2978659678	        0.9393319941	        0.8213579167	       20.1621040811	        0.0000000000	        0.0003211357	        0.0000330335	        0.0001307613	        0.0129647029	        0.0409147805	        0.0666666667	        0.0003679305	        0.0006431925
        0.0161422702	        0.3275367987	        0.9300813019	        0.7835087697	       20.1548219970	        0.0000000000	        0.0004411220	        0.0000438632	        0.0001662414	        0.0145126288	        0.0392910001	        0.0666666667	        0.0004596820	        0.0006808143
        0.0188306506	        0.3557529294	        0.9201382009	        0.7425709946	       20.1464929084	        0.0000000000	        0.0005826204	        0.0000571606	        0.0002060017	        0.0158493774	        0.0374625293	        0.0666666667	        0.0005624020	        0.0007235429
        0.0218567475	        0.3826365400	        0.9095336572	        0.6986360949	       20.1372199856	        0.0000000000	        0.0007449576	        0.0000737427	        0.0002506312	        0.0169752370	        0.0354774602	        0.0666666667	        0.0006742113	        0.0007679259
        0.0252617393	        0.4083781970	        0.8983299092	        0.6519325112	       20.1271224890	        0.0000000000	        0.0009271996	        0.0000947603	        0.0003007003	        0.0179063719	        0.0333985825	        0.0666666667	        0.0007919266	        0.0008099799
        0.0290914903	        0.4331903702	        0.8866269674	        0.6028672653	       20.1159677186	        0.0000000000	        0.0011281802	        0.0001217386	        0.0003564094	        0.0186658014	        0.0312838227	        0.0666666667	        0.0009108446	        0.0008452496
        0.0333969940	        0.4572834229	        0.8745650285	        0.5520528745	       20.1032106531	        0.0000000000	        0.0013465133	        0.0001566285	        0.0004172828	        0.0192778995	        0.0291793617	        0.0666666667	        0.0010247879	        0.0008691107
        0.0382348325	        0.4808548710	        0.8623205273	        0.5002705308	       20.0887391048	        0.0000000000	        0.0015806222	        0.0002018670	        0.0004819895	        0.0197655042	        0.0271190193	        0.0666666667	        0.0011265994	        0.0008773988
        0.0436676462	        0.5040854316	        0.8500945949	        0.4484814357	       20.0722353498	        0.0000000000	        0.0018288060	        0.0002604401	        0.0005483718	        0.0201486219	        0.0251260285	        0.0666666667	        0.0012091530	        0.0008672595
        0.0497646022	        0.5271380507	        0.8380948558	        0.3977371138	       20.0538685535	        0.0000000000	        0.0020893462	        0.0003359339	        0.0006137092	        0.0204439942	        0.0232153682	        0.0666666667	        0.0012666991	        0.0008379309
        0.0566018496	        0.5501578851	        0.8265140003	        0.3490698221	       20.0338533115	        0.0000000000	        0.0023606458	        0.0004325559	        0.0006751664	        0.0206650879	        0.0213959210	        0.0666666667	        0.0012961099	        0.0007910879
        0.0642629411	        0.5732722671	        0.8155101968	        0.3034006428	       20.0108240516	        0.0000000000	        0.0026413787	        0.0005551011	        0.0007302876	        0.0208222692	        0.0196722321	        0.0666666667	        0.0012975257	        0.0007305315
        0.0728392004	        0.5965902809	        0.8051940339	        0.2614162304	       19.9854872653	        0.0000000000	        0.0029306219	        0.0007088363	        0.0007773774	        0.0209230459	        0.0180458570	        0.0666666667	        0.0012741430	        0.0006613140
        0.0824300053	        0.6202019512	        0.7956242887	        0.2235572962	       19.9562837105	        0.0000000000	        0.0032279300	        0.0008992745	        0.0008156616	        0.0209723357	        0.0165163516	        0.0666666667	        0.0012312792	        0.0005886577
        0.0931429507	        0.6441772707	        0.7868118674	        0.1899913575	       19.9251065534	        0.0000000000	        0.0035333217	        0.0011318139	        0.0008452221	        0.0209727505	        0.0150819767	        0.0666666667	        0.0011751328	        0.0005170593
        0.1050938490	        0.6685654310	        0.7787291026	        0.1606321273	       19.8889947593	        0.0000000000	        0.0038471519	        0.0014112298	        0.0008667817	        0.0209249056	        0.0137401799	        0.0666666667	        0.0011116812	        0.0004498021
        0.1184065179	        0.6933946384	        0.7713210524	        0.1352533888	       19.8492073579	        0.0000000000	        0.0041698715	        0.0017410306	        0.0008814381	        0.0208277595	        0.0124879084	        0.0666666667	        0.0010459675	        0.0003888746
        0.1332122955	        0.7186727913	        0.7645162348	        0.1135336194	       19.8047117500	        0.0000000000	        0.0045016981	        0.0021227255	        0.0008904249	        0.0206789821	        0.0113217973	        0.0666666667	        0.0009818092	        0.0003351611
        0.1496492201	        0.7443890735	        0.7582353236	        0.0950650792	       19.7555930525	        0.0000000000	        0.0048422494	        0.0025550925	        0.0008949425	        0.0204753347	        0.0102382730	        0.0666666667	        0.0009218243	        0.0002887444
        0.1678608015	        0.7705162508	        0.7523973269	        0.0794440228	       19.7012811576	        0.0000000000	        0.0051901985	        0.0030335718	        0.0008960623	        0.0202130365	        0.0092336043	        0.0666666667	        0.0008676313	        0.0002492068
        0.1879943127	        0.7970132405	        0.7469235010	        0.0662439034	       19.6414883625	        0.0000000000	        0.0055430046	        0.0035499155	        0.0008946890	        0.0198880922	        0.0083039295	        0.0666666667	        0.0008201068	        0.0002158711
        0.2101985296	        0.8238274489	        0.7417393993	        0.0550695480	       19.5753121708	        0.0000000000	        0.0058967496	        0.0040921988	        0.0008915638	        0.0194965652	        0.0074452807	        0.0666666667	        0.0007796311	        0.0001879682
        0.2346208557	        0.8508964593	        0.7367755994	        0.0456326161	       19.5030280006	        0.0000000000	        0.0062460818	        0.0046452290	        0.0008872765	        0.0190347960	        0.0066536141	        0.0666666667	        0.0007462877	        0.0001647399
        0.2614037844	        0.8781488440	        0.7319676196	        0.0376596908	       19.4237307216	        0.0000000000	        0.0065842496	        0.0051913078	        0.0008822846	        0.0184995800	        0.0059248527	        0.0666666667	        0.0007200126	        0.0001454943
        0.2906806794	        0.9055040711	        0.7272552133	        0.0309505988	       19.3372459826	        0.0000000000	        0.0069032028	        0.0057112222	        0.0008769351	        0.0178883272	        0.0052549368	        0.0666666667	        0.0007006982	        0.0001296293
        0.3225708876	        0.9328716018	        0.7225813262	        0.0253771708	       19.2427158277	        0.0000000000	        0.0071937539	        0.0061853100	        0.0008714701	        0.0171992301	        0.0046398805	        0.0666666667	        0.0006882636	        0.0001166383
        0.3571742551	        0.9601492808	        0.7178908484	        0.0207244288	       19.1401916327	        0.0000000000	        0.0074458089	        0.0065944544	        0.0008660529	        0.0164314644	        0.0040758297	        0.0666666667	        0.0006827020	        0.0001061057
        0.3945651751	        0.9872210436	        0.7131288993	        0.0167931235	       19.0303046422	        0.0000000000	        0.0076486963	        0.0069209299	        0.0008608025	        0.0155854479	        0.0035591226	        0.0666666667	        0.0006841151	        0.0000976990
        0.4347863703	        1.0139538049	        0.7082387453	        0.0134181224	       18.9126798525	        0.0000000000	        0.0077916377	        0.0071491231	        0.0008558053	        0.0146631895	        0.0030863536	        0.0666666667	        0.0006927384	        0.0000911590
        0.4778426900	        1.0401931710	        0.7031593022	        0.0103773547	       18.7869250020	        0.0000000000	        0.0078644142	        0.0072662426	        0.0008511402	        0.0136687751	        0.0026544489	        0.0666666667	        0.0007089603	        0.0000862905
        0.5236952751	        1.0657573132	        0.6978218581	        0.0075692619	       18.6528807560	        0.0000000000	        0.0078583058	        0.0072632076	        0.0008468767	        0.0126090709	        0.0022607637	        0.0666666667	        0.0007333330	        0.0000829544
        0.5722565058	        1.0904278944	        0.6921464214	        0.0048296517	       18.5114307093	        0.0000000000	        0.0077674136	        0.0071359207	        0.0008430694	        0.0114947764	        0.0019032184	        0.0666666667	        0.0007665624	        0.0000810589
        0.6233861842	        1.1139363483	        0.6860373416	        0.0020048062	       18.3630458343	        0.0000000000	        0.0075905386	        0.0068871250	        0.0008397683	        0.0103420439	        0.0015805008	        0.0666666667	        0.0008094538	        0.0000805501
        0.6768894010	        1.1359432574	        0.6793791676	       -0.0011575929	       18.2077852217	        0.0000000000	        0.0073338465	        0.0065290190	        0.0008370368	        0.0091749726	        0.0012923625	        0.0666666667	        0.0008627562	        0.0000813978
        0.7325164896	        1.1560090483	        0.6720347398	       -0.0047779835	       18.0471836315	        0.0000000000	        0.0070144852	        0.0060867033	        0.0008349424	        0.0080292820	        0.0010400263	        0.0666666667	        0.0009268023	        0.0000835709
        0.7899653716	        1.1735590621	        0.6638530364	       -0.0090215728	       17.8811673949	        0.0000000000	        0.0066646367	        0.0056019915	        0.0008336342	        0.0069569717	        0.0008266387	        0.0666666667	        0.0010008099	        0.0000869987
        0.8488864424	        1.1878627385	        0.6546992675	       -0.0139343587	       17.7111362408	        0.0000000000	        0.0063330725	        0.0051353372	        0.0008337234	        0.0060298782	        0.0006574733	        0.0666666667	        0.0010817952	        0.0000915233
        0.9088899606	        1.1980787509	        0.6445235656	       -0.0197567038	       17.5384073663	        0.0000000000	        0.0060770549	        0.0047602876	        0.0008370787	        0.0053361481	        0.0005392728	        0.0666666667	        0.0011635373	        0.0000968735
        0.9695556872	        1.2034244652	        0.6334547011	       -0.0264223552	       17.3632532045	        0.0000000000	        0.0059407507	        0.0045450409	        0.0008469331	        0.0049620302	        0.0004783387	        0.0666666667	        0.0012369466	        0.0001027044
        1.0304443128	        1.2034244652	        0.6218452047	       -0.0335839295	       17.1876524667	        0.0000000000	        0.0059407507	        0.0045282722	        0.0008660116	        0.0049620302	        0.0004783387	        0.0666666667	        0.0012932771	        0.0001087060
        1.0911100394	        1.1980787509	        0.6101796038	       -0.0409112047	       17.0134954542	        0.0000000000	        0.0060770549	        0.0047079195	        0.0008947547	        0.0053361481	        0.0005392728	        0.0666666667	        0.0013288669	        0.0001147347
        1.1511135576	        1.1878627385	        0.5988842597	       -0.0483876830	       16.8409347716	        0.0000000000	        0.0063330725	        0.0050420603	        0.0009311295	        0.0060298782	        0.0006574733	        0.0666666667	        0.0013469604	        0.0001209180
        1.2100346284	        1.1735590621	        0.5881924506	       -0.0558755866	       16.6706449567	        0.0000000000	        0.0066646367	        0.0054615980	        0.0009721162	        0.0069569717	        0.0008266387	        0.0666666667	        0.0013549586	        0.0001276561
        1.2674835104	        1.1560090483	        0.5781494005	       -0.0631702482	       16.5059105996	        0.0000000000	        0.0070144852	        0.0058949130	        0.0010156211	        0.0080292820	        0.0010400263	        0.0666666667	        0.0013604795	        0.0001354995
        1.3231105990	        1.1359432574	        0.5686920656	       -0.0701377139	       16.3453937809	        0.0000000000	        0.0073338465	        0.0062856660	        0.0010606421	        0.0091749726	        0.0012923625	        0.0666666667	        0.0013692901	        0.0001450150
        1.3766138158	        1.1139363483	        0.5597192167	       -0.0770249057	       16.1920834191	        0.0000000000	        0.0075905386	        0.0065971433	        0.0011067076	        0.0103420439	        0.0015805008	        0.0666666667	        0.0013851534	        0.0001567342
        1.4277434942	        1.0904278944	        0.5511268716	       -0.0841138125	       16.0447324561	        0.0000000000	        0.0077674136	        0.0068091146	        0.0011535517	        0.0114947764	        0.0019032184	        0.0666666667	        0.0014104179	        0.0001711678
        1.4763047249	        1.0657573132	        0.5428208442	       -0.0916488965	       15.9040000320	        0.0000000000	        0.0078583058	        0.0069130785	        0.0012009607	        0.0126090709	        0.0022607637	        0.0666666667	        0.0014466114	        0.0001888420
        1.5221573100	        1.0401931710	        0.5347184604	       -0.0994801236	       15.7719965338	        0.0000000000	        0.0078644142	        0.0069082569	        0.0012486346	        0.0136687751	        0.0026544489	        0.0666666667	        0.0014948483	        0.0002103346
        1.5652136297	        1.0139538049	        0.5267472264	       -0.1077887058	       15.6473667565	        0.0000000000	        0.0077916377	        0.0067988147	        0.0012961740	        0.0146631895	        0.0030863536	        0.0666666667	        0.0015560853	        0.0002363102
        1.6054348249	        0.9872210436	        0.5188408368	       -0.1168572826	       15.5306619477	        0.0000000000	        0.0076486963	        0.0065921905	        0.0013431959	        0.0155854479	        0.0035591226	        0.0666666667	        0.0016312762	        0.0002675543
        1.6428257449	        0.9601492808	        0.5109350193	       -0.1268308014	       15.4227985397	        0.0000000000	        0.0074458089	        0.0062982688	        0.0013893136	        0.0164314644	        0.0040758297	        0.0666666667	        0.0017214469	        0.0003050069
        1.6774291124	        0.9328716018	        0.5029642612	       -0.1377438108	       15.3222557463	        0.0000000000	        0.0071937539	        0.0059290507	        0.0014340694	        0.0171992301	        0.0046398805	        0.0666666667	        0.0018277235	        0.0003497951
        1.7093193206	        0.9055040711	        0.4948592305	       -0.1497133681	       15.2298921781	        0.0000000000	        0.0069032028	        0.0054984913	        0.0014769195	        0.0178883272	        0.0052549368	        0.0666666667	        0.0019513337	        0.0004032692
        1.7385962156	        0.8781488440	        0.4865444173	       -0.1628801243	       15.1450354477	        0.0000000000	        0.0065842496	        0.0050222412	        0.0015172401	        0.0184995800	        0.0059248527	        0.0666666667	        0.0020935779	        0.0004670389
        1.7653791443	        0.8508964593	        0.4779361521	       -0.1775102083	       15.0669167554	        0.0000000000	        0.0062460818	        0.0045171313	        0.0015543231	        0.0190347960	        0.0066536141	        0.0666666667	        0.0022557565	        0.0005430026
        1.7898014704	        0.8238274489	        0.4689408608	       -0.1938957873	       14.9967139795	        0.0000000000	        0.0058967496	        0.0040003615	        0.0015873580	        0.0194965652	        0.0074452807	        0.0666666667	        0.0024390279	        0.0006333581
        1.8120056873	        0.7970132405	        0.4594538450	       -0.2123228245	       14.9315443508	        0.0000000000	        0.0055430046	        0.0034884774	        0.0016153810	        0.0198880922	        0.0083039295	        0.0666666667	        0.0026441661	        0.0007405724
        1.8321391985	        0.7705162508	        0.4493588289	       -0.2331789598	       14.8732992686	        0.0000000000	        0.0051901985	        0.0029963008	        0.0016372299	        0.0202130365	        0.0092336043	        0.0666666667	        0.0028711848	        0.0008672796
        1.8503507799	        0.7443890735	        0.4385284862	       -0.2568559708	       14.8203302371	        0.0000000000	        0.0048422494	        0.0025360101	        0.0016515018	        0.0204753347	        0.0102382730	        0.0666666667	        0.0031187927	        0.0010160619
        1.8667877045	        0.7186727913	        0.4268266571	       -0.2837321862	       14.7724729288	        0.0000000000	        0.0045016981	        0.0021165337	        0.0016565166	        0.0206789821	        0.0113217973	        0.0666666667	        0.0033836652	        0.0011890568
        1.8815934821	        0.6933946384	        0.4141130177	       -0.3140825056	       14.7296440460	        0.0000000000	        0.0041698715	        0.0017433434	        0.0016503191	        0.0208277595	        0.0124879084	        0.0666666667	        0.0036595684	        0.0013873381
        1.8949061510	        0.6685654310	        0.4002511672	       -0.3481544248	       14.6914675574	        0.0000000000	        0.0038471519	        0.0014186366	        0.0016307618	        0.0209249056	        0.0137401799	        0.0666666667	        0.0039364634	        0.0016100509
        1.9068570493	        0.6441772707	        0.3851207861	       -0.3862210895	       14.6567417479	        0.0000000000	        0.0035333217	        0.0011418218	        0.0015957098	        0.0209727505	        0.0150819767	        0.0666666667	        0.0041998633	        0.0018533663
        1.9175699947	        0.6202019512	        0.3686340183	       -0.4276788102	       14.6258303462	        0.0000000000	        0.0032279300	        0.0009101774	        0.0015433386	        0.0209723357	        0.0165163516	        0.0666666667	        0.0044308618	        0.0021094740
        1.9271607996	        0.5965902809	        0.3507559624	       -0.4722074971	       14.5975137812	        0.0000000000	        0.0029306219	        0.0007195526	        0.0014725861	        0.0209230459	        0.0180458570	        0.0666666667	        0.0046073495	        0.0023660366
        1.9357370589	        0.5732722671	        0.3315251555	       -0.5192677786	       14.5725777890	        0.0000000000	        0.0026413787	        0.0005650119	        0.0013836758	        0.0208222692	        0.0196722321	        0.0666666667	        0.0047067708	        0.0026066614
        1.9433981504	        0.5501578851	        0.3110695898	       -0.5671530899	       14.5509883439	        0.0000000000	        0.0023606458	        0.0004413630	        0.0012784736	        0.0206650879	        0.0213959210	        0.0666666667	        0.0047102337	        0.0028128152
        1.9502353978	        0.5271380507	        0.2896129214	       -0.6154717717	       14.5310822613	        0.0000000000	        0.0020893462	        0.0003435458	        0.0011605967	        0.0204439942	        0.0232153682	        0.0666666667	        0.0046070153	        0.0029671208
        1.9563323538	        0.5040854316	        0.2674639585	       -0.6624731939	       14.5133549546	        0.0000000000	        0.0018288060	        0.0002668877	        0.0010350696	        0.0201486219	        0.0251260285	        0.0666666667	        0.0043978415	        0.0030571752
        1.9617651675	        0.4808548710	        0.2449908775	       -0.7074693036	       14.4977630516	        0.0000000000	        0.0015806222	        0.0002072451	        0.0009075584	        0.0197655042	        0.0271190193	        0.0666666667	        0.0040954432	        0.0030784763
        1.9666030060	        0.4572834229	        0.2225832567	       -0.7495394426	       14.4840939296	        0.0000000000	        0.0013465133	        0.0001610578	        0.0007834238	        0.0192778995	        0.0291793617	        0.0666666667	        0.0037219858	        0.0030352565
        1.9709085097	        0.4331903702	        0.2006119671	       -0.7878003374	       14.4721130474	        0.0000000000	        0.0011281802	        0.0001253429	        0.0006668671	        0.0186658014	        0.0312838227	        0.0666666667	        0.0033043819	        0.0029389886
        1.9747382607	        0.4083781970	        0.1793961398	       -0.8225068712	       14.4609838540	        0.0000000000	        0.0009271996	        0.0000976542	        0.0005604554	        0.0179063719	        0.0333985825	        0.0666666667	        0.0028693301	        0.0028054356
        1.9781432525	        0.3826365400	        0.1591829307	       -0.8537066495	       14.4509289661	        0.0000000000	        0.0007449576	        0.0000760264	        0.0004650972	        0.0169752370	        0.0354774602	        0.0666666667	        0.0024396500	        0.0026515685
        1.9811693494	        0.3557529294	        0.1401420294	       -0.8813734313	       14.4421139345	        0.0000000000	        0.0005826204	        0.0000589194	        0.0003804047	        0.0158493774	        0.0374625293	        0.0666666667	        0.0020325377	        0.0024933613
        1.9838577298	        0.3275367987	        0.1223720485	       -0.9055092863	       14.4344131993	        0.0000000000	        0.0004411220	        0.0000451711	        0.0003052949	        0.0145126288	        0.0392910001	        0.0666666667	        0.0016594685	        0.0023447855
        1.9862453073	        0.2978659678	        0.1059141441	       -0.9264908932	       14.4276595448	        0.0000000000	        0.0003211357	        0.0000339595	        0.0002386599	        0.0129647029	        0.0409147805	        0.0666666667	        0.0013270510	        0.0022176847
        1.9883651267	        0.2667639336	        0.0907681845	       -0.9448511856	       14.4216907610	        0.0000000000	        0.0002229920	        0.0000247663	        0.0001799505	        0.0112332177	        0.0423352103	        0.0666666667	        0.0010381669	        0.0021216090
        1.9902467340	        0.2345020715	        0.0769076262	       -0.9609598363	       14.4164011800	        0.0000000000	        0.0001464817	        0.0000173214	        0.0001294468	        0.0093842219	        0.0436324596	        0.0666666667	        0.0007929778	        0.0020630584
        1.9919165179	        0.2016769243	        0.0642899460	       -0.9750438222	       14.4117317053	        0.0000000000	        0.0000903867	        0.0000114921	        0.0000878981	        0.0075208414	        0.0449859518	        0.0666666667	        0.0005896451	        0.0020463702
        1.9933980257	        0.1691643838	        0.0528614153	       -0.9873215140	       14.4076234552	        0.0000000000	        0.0000520574	        0.0000071535	        0.0000557364	        0.0057608662	        0.0467401470	        0.0666666667	        0.0004248750	        0.0020770215
        1.9947122508	        0.1379114412	        0.0425583242	       -0.9980048334	       14.4040171105	        0.0000000000	        0.0000277547	        0.0000041221	        0.0000325791	        0.0042019825	        0.0494537213	        0.0666666667	        0.0002944596	        0.0021637141
        1.9958778967	        0.1086846470	        0.0333079060	       -1.0072913469	       14.4008558683	        0.0000000000	        0.0000135093	        0.0000021573	        0.0000172336	        0.0028986814	        0.0538633875	        0.0666666667	        0.0001938285	        0.0023191937
        1.9969116151	        0.0819334210	        0.0250305073	       -1.0153604942	       14.3980870320	        0.0000000000	        0.0000058454	        0.0000009941	        0.0000080036	        0.0018630630	        0.0608721753	        0.0666666667	        0.0001185185	        0.0025629691
        1.9978282231	        0.0578036690	        0.0176428357	       -1.0223723852	       14.3956627328	        0.0000000000	        0.0000021284	        0.0000003807	        0.0000030827	        0.0010804019	        0.0716656608	        0.0666666667	        0.0000645012	        0.0029290457
        1.9986408981	        0.0362309117	        0.0110614529	       -1.0284681259	       14.3935401103	        0.0000000000	        0.0000005747	        0.0000001068	        0.0000008683	        0.0005253479	        0.0879434438	        0.0666666667	        0.0000283724	        0.0034863302
        1.9993613540	        0.0170373121	        0.0052057476	       -1.0337709976	       14.3916811744	        0.0000000000	        0.0000000781	        0.0000000150	        0.0000001226	        0.0001722987	        0.1120559826	        0.0666666667	        0.0000074624	        0.0044054558
        2.0000000000	        0.0000000000	        0.0000000000	       -1.0383880573	       14.3900524888	        0.0000000000	        0.0000000000	        0.0000000000	        0.0000000000	        0.0000000000	        0.1456678667	        0.0000000000	        0.0000000000	        0.0063089694
