        0.0000000000	        0.0000000000	        1.0000000000	        0.8038435036	        0.0000000000	        0.0000000000	        0.0000000000	        0.0000000000	        0.0000000000	        0.0000000000	        0.1723789069	        0.0000000000	        0.0000000000	        0.0011987276
        0.0006386460	        0.0134697035	        0.9973608893	        0.7970838414	        0.0000000000	        0.0000000000	        0.0000000394	        0.0000000010	        0.0000000042	        0.0001223358	        0.1322248284	        0.0666666667	        0.0000014179	        0.0008215963
        0.0013591019	        0.0286496268	        0.9943963007	        0.7894935328	        0.0000000000	        0.0000000000	        0.0000002881	        0.0000000085	        0.0000000348	        0.0003729041	        0.1032244400	        0.0666666667	        0.0000053481	        0.0006387659
        0.0021717769	        0.0457357140	        0.9910682675	        0.7809765553	        0.0000000000	        0.0000000000	        0.0000010556	        0.0000000306	        0.0000001252	        0.0007669482	        0.0833507649	        0.0666666667	        0.0000120875	        0.0005258795
        0.0030883849	        0.0649201357	        0.9873350589	        0.7714275030	        0.0000000000	        0.0000000000	        0.0000028588	        0.0000000808	        0.0000003286	        0.0013240154	        0.0697931808	        0.0666666667	        0.0000221035	        0.0004488074
        0.0041221033	        0.0863665692	        0.9831510769	        0.7607311834	        0.0000000000	        0.0000000000	        0.0000065110	        0.0000001836	        0.0000007421	        0.0020670284	        0.0605652646	        0.0666666667	        0.0000360159	        0.0003939065
        0.0052877492	        0.1101700316	        0.9784669730	        0.7487623781	        0.0000000000	        0.0000000000	        0.0000132234	        0.0000003877	        0.0000015545	        0.0030193397	        0.0543696779	        0.0666666667	        0.0000546111	        0.0003547292
        0.0066019743	        0.1363017551	        0.9732302336	        0.7353858432	        0.0000000000	        0.0000000000	        0.0000246869	        0.0000007880	        0.0000031306	        0.0041988582	        0.0503279649	        0.0666666667	        0.0000788673	        0.0003280241
        0.0080834821	        0.1645516601	        0.9673866725	        0.7204566521	        0.0000000000	        0.0000000000	        0.0000430789	        0.0000015623	        0.0000061356	        0.0056088423	        0.0477818915	        0.0666666667	        0.0001099815	        0.0003122070
        0.0097532660	        0.1944977319	        0.9608834550	        0.7038210138	        0.0000000000	        0.0000000000	        0.0000709485	        0.0000030144	        0.0000116664	        0.0072273710	        0.0461812088	        0.0666666667	        0.0001493742	        0.0003066940
        0.0116348733	        0.2255374225	        0.9536742236	        0.6853177362	        0.0000000000	        0.0000000000	        0.0001109593	        0.0000056086	        0.0000212946	        0.0090010814	        0.0450530653	        0.0666666667	        0.0001986318	        0.0003116189
        0.0137546927	        0.2569917860	        0.9457262751	        0.6647816563	        0.0000000000	        0.0000000000	        0.0001655201	        0.0000099654	        0.0000368871	        0.0108497483	        0.0440315812	        0.0666666667	        0.0002593272	        0.0003276647
        0.0161422702	        0.2882453600	        0.9370286034	        0.6420574316	        0.0000000000	        0.0000000000	        0.0002363830	        0.0000168132	        0.0000601814	        0.0126827620	        0.0428945104	        0.0666666667	        0.0003326807	        0.0003555366
        0.0188306506	        0.3188555123	        0.9275990004	        0.6170090931	        0.0000000000	        0.0000000000	        0.0003243892	        0.0000269442	        0.0000923401	        0.0144196897	        0.0415520149	        0.0666666667	        0.0004190772	        0.0003948161
        0.0218567475	        0.3485867543	        0.9174890951	        0.5895296387	        0.0000000000	        0.0000000000	        0.0004295420	        0.0000412309	        0.0001337313	        0.0160041759	        0.0399923798	        0.0666666667	        0.0005175295	        0.0004430918
        0.0252617393	        0.3773787312	        0.9067869144	        0.5595607921	        0.0000000000	        0.0000000000	        0.0005513013	        0.0000606841	        0.0001838760	        0.0174066811	        0.0382378609	        0.0666666667	        0.0006252257	        0.0004960437
        0.0290914903	        0.4052887842	        0.8956162726	        0.5271346817	        0.0000000000	        0.0000000000	        0.0006887979	        0.0000865167	        0.0002414615	        0.0186193751	        0.0363284780	        0.0666666667	        0.0007373578	        0.0005479670
        0.0333969940	        0.4324410450	        0.8841319913	        0.4924045337	        0.0000000000	        0.0000000000	        0.0008409036	        0.0001201992	        0.0003044134	        0.0196486739	        0.0343131961	        0.0666666667	        0.0008474154	        0.0005925865
        0.0382348325	        0.4589915413	        0.8725103224	        0.4556465581	        0.0000000000	        0.0000000000	        0.0010062690	        0.0001634970	        0.0003700586	        0.0205087223	        0.0322405685	        0.0666666667	        0.0009480164	        0.0006241832
        0.0436676462	        0.4851068573	        0.8609350848	        0.4173219995	        0.0000000000	        0.0000000000	        0.0011833820	        0.0002184867	        0.0004354074	        0.0212167622	        0.0301526917	        0.0666666667	        0.0010321368	        0.0006387516
        0.0497646022	        0.5109517473	        0.8495816268	        0.3780805699	        0.0000000000	        0.0000000000	        0.0013706549	        0.0002875493	        0.0004975298	        0.0217902178	        0.0280831575	        0.0666666667	        0.0010944017	        0.0006347791
        0.0566018496	        0.5366819792	        0.8386017968	        0.3386944472	        0.0000000000	        0.0000000000	        0.0015665360	        0.0003733389	        0.0005539406	        0.0222450263	        0.0260573201	        0.0666666667	        0.0011320135	        0.0006133666
        0.0642629411	        0.5624399141	        0.8281129662	        0.3000107910	        0.0000000000	        0.0000000000	        0.0017696356	        0.0004787186	        0.0006028863	        0.0225947770	        0.0240935092	        0.0666666667	        0.0011450307	        0.0005776885
        0.0728392004	        0.5883513713	        0.8181928876	        0.2628931877	        0.0000000000	        0.0000000000	        0.0019788423	        0.0006066603	        0.0006434626	        0.0228503438	        0.0222044619	        0.0666666667	        0.0011359772	        0.0005320578
        0.0824300053	        0.6145230832	        0.8088804005	        0.2280823043	        0.0000000000	        0.0000000000	        0.0021933996	        0.0007601013	        0.0006755602	        0.0230198146	        0.0203986470	        0.0666666667	        0.0011090152	        0.0004809583
        0.0931429507	        0.6410405672	        0.8001804894	        0.1961380644	        0.0000000000	        0.0000000000	        0.0024129140	        0.0009417539	        0.0006996900	        0.0231086075	        0.0186813609	        0.0666666667	        0.0010690070	        0.0004283217
        0.1050938490	        0.6679665503	        0.7920716516	        0.1674169675	        0.0000000000	        0.0000000000	        0.0026372750	        0.0011538677	        0.0007167594	        0.0231197131	        0.0170555709	        0.0666666667	        0.0010207303	        0.0003771522
        0.1184065179	        0.6953402193	        0.7845137129	        0.1420175942	        0.0000000000	        0.0000000000	        0.0028664859	        0.0013979489	        0.0007278636	        0.0230540295	        0.0155225298	        0.0666666667	        0.0009683695	        0.0003294539
        0.1332122955	        0.7231775173	        0.7774547599	        0.1198910915	        0.0000000000	        0.0000000000	        0.0031004238	        0.0016744513	        0.0007341261	        0.0229107629	        0.0140821996	        0.0666666667	        0.0009152824	        0.0002863534
        0.1496492201	        0.7514725162	        0.7708366581	        0.1008042557	        0.0000000000	        0.0000000000	        0.0033385683	        0.0019824560	        0.0007365953	        0.0226878601	        0.0127335346	        0.0666666667	        0.0008639746	        0.0002483048
        0.1678608015	        0.7801996177	        0.7645989230	        0.0844722629	        0.0000000000	        0.0000000000	        0.0035797431	        0.0023193695	        0.0007361944	        0.0223824402	        0.0114746694	        0.0666666667	        0.0008161964	        0.0002153025
        0.1879943127	        0.8093161098	        0.7586812023	        0.0705583557	        0.0000000000	        0.0000000000	        0.0038219135	        0.0026806612	        0.0007337023	        0.0219911940	        0.0103030540	        0.0666666667	        0.0007730940	        0.0001870617
        0.2101985296	        0.8387645073	        0.7530245721	        0.0587202151	        0.0000000000	        0.0000000000	        0.0040620626	        0.0030596751	        0.0007297602	        0.0215107329	        0.0092155678	        0.0666666667	        0.0007353674	        0.0001631524
        0.2346208557	        0.8684741832	        0.7475719352	        0.0486404164	        0.0000000000	        0.0000000000	        0.0042961510	        0.0034475355	        0.0007248877	        0.0209378873	        0.0082086318	        0.0666666667	        0.0007034140	        0.0001430918
        0.2614037844	        0.8983619856	        0.7422677550	        0.0400200609	        0.0000000000	        0.0000000000	        0.0045191493	        0.0038331762	        0.0007195029	        0.0202699724	        0.0072783264	        0.0666666667	        0.0006774457	        0.0001264010
        0.2906806794	        0.9283317275	        0.7370572470	        0.0326175912	        0.0000000000	        0.0000000000	        0.0047251327	        0.0042035205	        0.0007139410	        0.0195050521	        0.0064205146	        0.0666666667	        0.0006575807	        0.0001126377
        0.3225708876	        0.9582725429	        0.7318851854	        0.0262498655	        0.0000000000	        0.0000000000	        0.0049074353	        0.0045438500	        0.0007084621	        0.0186422366	        0.0056309701	        0.0666666667	        0.0006439140	        0.0001014121
        0.3571742551	        0.9880560729	        0.7266943792	        0.0207347307	        0.0000000000	        0.0000000000	        0.0050588815	        0.0048383999	        0.0007032636	        0.0176820575	        0.0049055089	        0.0666666667	        0.0006365698	        0.0000923925
        0.3945651751	        1.0175322733	        0.7214236808	        0.0159152972	        0.0000000000	        0.0000000000	        0.0051721311	        0.0050712371	        0.0006984931	        0.0166269756	        0.0042401276	        0.0666666667	        0.0006357420	        0.0000853050
        0.4347863703	        1.0465233342	        0.7160055270	        0.0116679216	        0.0000000000	        0.0000000000	        0.0052401932	        0.0052274566	        0.0006942500	        0.0154821044	        0.0036311619	        0.0666666667	        0.0006417199	        0.0000799300
        0.4778426900	        1.0748147420	        0.7103630253	        0.0078354403	        0.0000000000	        0.0000000000	        0.0052571974	        0.0052947761	        0.0006905976	        0.0142562809	        0.0030754833	        0.0666666667	        0.0006548986	        0.0000760953
        0.5236952751	        1.1021418628	        0.7044064298	        0.0042751162	        0.0000000000	        0.0000000000	        0.0052195560	        0.0052655322	        0.0006875685	        0.0129637082	        0.0025707674	        0.0666666667	        0.0006757547	        0.0000736672
        0.5722565058	        1.1281696196	        0.6980296214	        0.0008794147	        0.0000000000	        0.0000000000	        0.0051277292	        0.0051392338	        0.0006851530	        0.0116265130	        0.0021158784	        0.0666666667	        0.0007047582	        0.0000725353
        0.6233861842	        1.1524624107	        0.6911083885	       -0.0025600567	        0.0000000000	        0.0000000000	        0.0049888747	        0.0049257496	        0.0006833118	        0.0102786757	        0.0017114126	        0.0666666667	        0.0007421593	        0.0000725896
        0.6768894010	        1.1744436786	        0.6835044060	       -0.0063507726	        0.0000000000	        0.0000000000	        0.0048205627	        0.0046493032	        0.0006820724	        0.0089715985	        0.0013603826	        0.0666666667	        0.0007875592	        0.0000736866
        0.7325164896	        1.1933565643	        0.6750849855	       -0.0106367626	        0.0000000000	        0.0000000000	        0.0046547489	        0.0043527338	        0.0006817442	        0.0077802205	        0.0010687760	        0.0666666667	        0.0008391812	        0.0000756058
        0.7899653716	        1.2082711508	        0.6657768761	       -0.0154451187	        0.0000000000	        0.0000000000	        0.0045378653	        0.0040987936	        0.0006835045	        0.0068044753	        0.0008451804	        0.0666666667	        0.0008930233	        0.0000780300
        0.8488864424	        1.2182273782	        0.6556587822	       -0.0208281493	        0.0000000000	        0.0000000000	        0.0045180731	        0.0039607740	        0.0006901288	        0.0061551963	        0.0006983038	        0.0666666667	        0.0009427895	        0.0000806108
        0.9088899606	        1.2225409998	        0.6450317037	       -0.0268019357	        0.0000000000	        0.0000000000	        0.0046188152	        0.0039967740	        0.0007049498	        0.0059191177	        0.0006328420	        0.0666666667	        0.0009819233	        0.0000831345
        0.9695556872	        1.2210625458	        0.6343497664	       -0.0330928119	        0.0000000000	        0.0000000000	        0.0048283492	        0.0042224974	        0.0007304026	        0.0061239410	        0.0006472542	        0.0666666667	        0.0010073269	        0.0000856529
        1.0304443128	        1.2141606502	        0.6239797086	       -0.0396071925	        0.0000000000	        0.0000000000	        0.0051214806	        0.0045685900	        0.0007606560	        0.0067326635	        0.0007352732	        0.0666666667	        0.0010206711	        0.0000883905
        1.0911100394	        1.2025274523	        0.6140866398	       -0.0461941708	        0.0000000000	        0.0000000000	        0.0054717082	        0.0049818266	        0.0007940767	        0.0076647831	        0.0008884092	        0.0666666667	        0.0010269767	        0.0000917012
        1.1511135576	        1.1869726841	        0.6047227071	       -0.0526274940	        0.0000000000	        0.0000000000	        0.0058465572	        0.0054394186	        0.0008325052	        0.0088247781	        0.0010978018	        0.0666666667	        0.0010316562	        0.0000959578
        1.2100346284	        1.1682659029	        0.5958644133	       -0.0588066109	        0.0000000000	        0.0000000000	        0.0062112632	        0.0058835602	        0.0008731957	        0.0101242911	        0.0013557165	        0.0666666667	        0.0010388372	        0.0001014845
        1.2674835104	        1.1470581571	        0.5874335419	       -0.0648679866	        0.0000000000	        0.0000000000	        0.0065367299	        0.0062703252	        0.0009155651	        0.0114923290	        0.0016564354	        0.0666666667	        0.0010514981	        0.0001086149
        1.3231105990	        1.1238721283	        0.5793376412	       -0.0710379108	        0.0000000000	        0.0000000000	        0.0068029683	        0.0065709977	        0.0009592925	        0.0128759635	        0.0019963710	        0.0666666667	        0.0010716002	        0.0001176868
        1.3766138158	        1.0991234387	        0.5714882729	       -0.0774750291	        0.0000000000	        0.0000000000	        0.0069986479	        0.0067698801	        0.0010041417	        0.0142370204	        0.0023737311	        0.0666666667	        0.0011004520	        0.0001290601
        1.4277434942	        1.0731469613	        0.5638069782	       -0.0844466536	        0.0000000000	        0.0000000000	        0.0071193067	        0.0068612554	        0.0010499120	        0.0155482919	        0.0027880779	        0.0666666667	        0.0011390245	        0.0001431403
        1.4763047249	        1.0462183631	        0.5562249959	       -0.0920171816	        0.0000000000	        0.0000000000	        0.0071655236	        0.0068466021	        0.0010964002	        0.0167905007	        0.0032399443	        0.0666666667	        0.0011881555	        0.0001604011
        1.5221573100	        1.0185694918	        0.5486817045	       -0.1002758435	        0.0000000000	        0.0000000000	        0.0071414040	        0.0067323888	        0.0011433511	        0.0179501404	        0.0037305403	        0.0666666667	        0.0012486684	        0.0001814057
        1.5652136297	        0.9903988278	        0.5411222065	       -0.1094104701	        0.0000000000	        0.0000000000	        0.0070533966	        0.0065283392	        0.0011904774	        0.0190179916	        0.0042615388	        0.0666666667	        0.0013214403	        0.0002068277
        1.6054348249	        0.9618785328	        0.5334946398	       -0.1196021761	        0.0000000000	        0.0000000000	        0.0069093783	        0.0062463964	        0.0012374944	        0.0199880970	        0.0048349170	        0.0666666667	        0.0014074386	        0.0002374741
        1.6428257449	        0.9331592970	        0.5257478629	       -0.1308503508	        0.0000000000	        0.0000000000	        0.0067179474	        0.0058997852	        0.0012840485	        0.0208570351	        0.0054528340	        0.0666666667	        0.0015077240	        0.0002743076
        1.6774291124	        0.9043738031	        0.5178299070	       -0.1432761750	        0.0000000000	        0.0000000000	        0.0064878799	        0.0055024890	        0.0013297192	        0.0216233881	        0.0061175310	        0.0666666667	        0.0016234419	        0.0003184708
        1.7093193206	        0.8756393205	        0.5096862903	       -0.1570927040	        0.0000000000	        0.0000000000	        0.0062277219	        0.0050685802	        0.0013740197	        0.0222873409	        0.0068312458	        0.0666666667	        0.0017557928	        0.0003713100
        1.7385962156	        0.8470597331	        0.5012583862	       -0.1725614588	        0.0000000000	        0.0000000000	        0.0059454882	        0.0046119272	        0.0014164293	        0.0228503738	        0.0075961361	        0.0666666667	        0.0019059866	        0.0004343986
        1.7653791443	        0.8187271307	        0.4924820663	       -0.1899514605	        0.0000000000	        0.0000000000	        0.0056484422	        0.0041456807	        0.0014563445	        0.0233150222	        0.0084142118	        0.0666666667	        0.0020751512	        0.0005095488
        1.7898014704	        0.7907229665	        0.4832866469	       -0.2096120733	        0.0000000000	        0.0000000000	        0.0053429330	        0.0036819370	        0.0014930745	        0.0236846877	        0.0092872766	        0.0666666667	        0.0022641968	        0.0005988060
        1.8120056873	        0.7631186794	        0.4735940797	       -0.2319951760	        0.0000000000	        0.0000000000	        0.0050342729	        0.0032312874	        0.0015257904	        0.0239634775	        0.0102168854	        0.0666666667	        0.0024736073	        0.0007044091
        1.8321391985	        0.7359756389	        0.4633184901	       -0.2577641874	        0.0000000000	        0.0000000000	        0.0047266527	        0.0028026161	        0.0015535362	        0.0241560503	        0.0112043205	        0.0666666667	        0.0027031545	        0.0008286986
        1.8503507799	        0.7093443065	        0.4523662096	       -0.2875196854	        0.0000000000	        0.0000000000	        0.0044231062	        0.0024028483	        0.0015751637	        0.0242674428	        0.0122505936	        0.0666666667	        0.0029514936	        0.0009739349
        1.8667877045	        0.6832626454	        0.4406368570	       -0.3218538194	        0.0000000000	        0.0000000000	        0.0041255458	        0.0020368845	        0.0015892784	        0.0243028512	        0.0133564740	        0.0666666667	        0.0032156443	        0.0011419941
        1.8815934821	        0.6577540087	        0.4280257911	       -0.3613546264	        0.0000000000	        0.0000000000	        0.0038348898	        0.0017076603	        0.0015942190	        0.0242673560	        0.0145225358	        0.0666666667	        0.0034903768	        0.0013339015
        1.8949061510	        0.6328249142	        0.4144283187	       -0.4066646752	        0.0000000000	        0.0000000000	        0.0035512815	        0.0014162999	        0.0015880713	        0.0241655903	        0.0157492101	        0.0666666667	        0.0037675593	        0.0015491779
        1.9068570493	        0.6084631809	        0.3997459460	       -0.4586623093	        0.0000000000	        0.0000000000	        0.0032743781	        0.0011623685	        0.0015687434	        0.0240013735	        0.0170368195	        0.0666666667	        0.0040356035	        0.0017850097
        1.9175699947	        0.5846368060	        0.3838949136	       -0.5171133285	        0.0000000000	        0.0000000000	        0.0030036614	        0.0009442151	        0.0015340957	        0.0237773396	        0.0183855673	        0.0666666667	        0.0042792270	        0.0020353343
        1.9271607996	        0.5612937256	        0.3668183168	       -0.5823213582	        0.0000000000	        0.0000000000	        0.0027387187	        0.0007592794	        0.0014821485	        0.0234945900	        0.0197954556	        0.0666666667	        0.0044798248	        0.0022900452
        1.9357370589	        0.5383623408	        0.3484992913	       -0.6543335500	        0.0000000000	        0.0000000000	        0.0024794503	        0.0006044288	        0.0014114734	        0.0231523888	        0.0212661056	        0.0666666667	        0.0046168040	        0.0025346971
        1.9433981504	        0.5157524948	        0.3289747369	       -0.7313652460	        0.0000000000	        0.0000000000	        0.0022261842	        0.0004762469	        0.0013215580	        0.0227479038	        0.0227964529	        0.0666666667	        0.0046700428	        0.0027511391
        1.9502353978	        0.4933564975	        0.3083480444	       -0.8135762326	        0.0000000000	        0.0000000000	        0.0019796958	        0.0003712560	        0.0012132108	        0.0222759826	        0.0243842870	        0.0666666667	        0.0046233405	        0.0029194698
        1.9563323538	        0.4710498545	        0.2867945323	       -0.8985424258	        0.0000000000	        0.0000000000	        0.0017411593	        0.0002861049	        0.0010888581	        0.0217289549	        0.0260255947	        0.0666666667	        0.0044682202	        0.0030213497
        1.9617651675	        0.4486915107	        0.2645601013	       -0.9853778015	        0.0000000000	        0.0000000000	        0.0015120534	        0.0002176837	        0.0009525348	        0.0210964609	        0.0277136634	        0.0666666667	        0.0042069302	        0.0030440690
        1.9666030060	        0.4261236638	        0.2419484575	       -1.0722594675	        0.0000000000	        0.0000000000	        0.0012940516	        0.0001632028	        0.0008096257	        0.0203653461	        0.0294379091	        0.0666666667	        0.0038534732	        0.0029842134
        1.9709085097	        0.4031715658	        0.2192997138	       -1.1570042360	        0.0000000000	        0.0000000000	        0.0010889156	        0.0001202274	        0.0006662804	        0.0195197259	        0.0311824553	        0.0666666667	        0.0034319446	        0.0028495280
        1.9747382607	        0.3796443010	        0.1969634071	       -1.2392744926	        0.0000000000	        0.0000000000	        0.0008984035	        0.0000866826	        0.0005287131	        0.0185414418	        0.0329246635	        0.0666666667	        0.0029724828	        0.0026581185
        1.9781432525	        0.3553385268	        0.1752702934	       -1.3185138330	        0.0000000000	        0.0000000000	        0.0007241962	        0.0000608385	        0.0004025275	        0.0174113125	        0.0346342422	        0.0666666667	        0.0025060479	        0.0024351257
        1.9811693494	        0.3300488441	        0.1545089733	       -1.3936303938	        0.0000000000	        0.0000000000	        0.0005678404	        0.0000412767	        0.0002921922	        0.0161118442	        0.0362744744	        0.0666666667	        0.0020596010	        0.0022080043
        1.9838577298	        0.3035909615	        0.1349101919	       -1.4632993610	        0.0000000000	        0.0000000000	        0.0004306942	        0.0000268416	        0.0002007163	        0.0146323025	        0.0378087787	        0.0666666667	        0.0016529190	        0.0020019546
        1.9862453073	        0.2758462739	        0.1166389722	       -1.5274912435	        0.0000000000	        0.0000000000	        0.0003138487	        0.0000165754	        0.0001294382	        0.0129769022	        0.0392177139	        0.0666666667	        0.0012974951	        0.0018367114
        1.9883651267	        0.2468352483	        0.0997930003	       -1.5868342983	        0.0000000000	        0.0000000000	        0.0002179979	        0.0000096427	        0.0000778564	        0.0111754897	        0.0405271643	        0.0666666667	        0.0009972619	        0.0017248869
        1.9902467340	        0.2168124297	        0.0844061563	       -1.6415742487	        0.0000000000	        0.0000000000	        0.0001431915	        0.0000052665	        0.0000436056	        0.0092923863	        0.0418296726	        0.0666666667	        0.0007504555	        0.0016713972
        1.9919165179	        0.1863339870	        0.0704568403	       -1.6916320518	        0.0000000000	        0.0000000000	        0.0000883494	        0.0000027102	        0.0000228661	        0.0074239610	        0.0433013177	        0.0666666667	        0.0005518553	        0.0016754848
        1.9933980257	        0.1562079626	        0.0578808232	       -1.7370782578	        0.0000000000	        0.0000000000	        0.0000508973	        0.0000013270	        0.0000113569	        0.0056773870	        0.0452606336	        0.0666666667	        0.0003947888	        0.0017356416
        1.9947122508	        0.1272980946	        0.0465866933	       -1.7781129937	        0.0000000000	        0.0000000000	        0.0000271620	        0.0000006247	        0.0000054063	        0.0041394361	        0.0482147992	        0.0666666667	        0.0002725479	        0.0018533822
        1.9958778967	        0.1002951984	        0.0364702223	       -1.8150103597	        0.0000000000	        0.0000000000	        0.0000132452	        0.0000002828	        0.0000024697	        0.0028567878	        0.0528407021	        0.0666666667	        0.0001791400	        0.0020352366
        1.9969116151	        0.0755979304	        0.0274248104	       -1.8480812449	        0.0000000000	        0.0000000000	        0.0000057465	        0.0000001201	        0.0000010565	        0.0018377898	        0.0599933222	        0.0666666667	        0.0001095362	        0.0022957022
        1.9978282231	        0.0533297593	        0.0193475760	       -1.8776489049	        0.0000000000	        0.0000000000	        0.0000020991	        0.0000000445	        0.0000003945	        0.0010669068	        0.0708273538	        0.0666666667	        0.0000596548	        0.0026642483
        1.9986408981	        0.0334251804	        0.0121422208	       -1.9040333294	        0.0000000000	        0.0000000000	        0.0000005687	        0.0000000122	        0.0000001087	        0.0005193698	        0.0870223900	        0.0666666667	        0.0000262643	        0.0032037971
        1.9993613540	        0.0157174709	        0.0057200354	       -1.9275416219	        0.0000000000	        0.0000000000	        0.0000000776	        0.0000000015	        0.0000000132	        0.0001705244	        0.1109131819	        0.0666666667	        0.0000069137	        0.0040721083
        2.0000000000	        0.0000000000	        0.0000000000	       -1.9484624480	        0.0000000000	        0.0000000000	        0.0000000000	        0.0000000000	        0.0000000000	        0.0000000000	        0.1441677841	        0.0000000000	        0.0000000000	        0.0058450717
