        0.0000000000	        0.0000000000	        1.0000000000	        4.4686621900	       26.4015750624	        0.0000000000	        0.0000000000	        0.0000000000	        0.0000000000	        0.0000000000	        0.1456678667	        0.0000000000	        0.0000000000	        0.0063441326
        0.0006386460	        0.0170373121	        0.9957156256	        4.3487270552	       26.3932327327	        0.0000000000	        0.0000000781	        0.0000000151	        0.0000001004	        0.0001722987	        0.1120559826	        0.0666666667	        0.0000075040	        0.0044181421
        0.0013591019	        0.0362309117	        0.9909533478	        4.2170209417	       26.3839769620	        0.0000000000	        0.0000005747	        0.0000001072	        0.0000007040	        0.0005253479	        0.0879434438	        0.0666666667	        0.0000284975	        0.0034746056
        0.0021717769	        0.0578036690	        0.9856710049	        4.0729242080	       26.3737182170	        0.0000000000	        0.0000021284	        0.0000003841	        0.0000024773	        0.0010804019	        0.0716656608	        0.0666666667	        0.0000646857	        0.0028860360
        0.0030883849	        0.0819334210	        0.9798273351	        3.9159344298	       26.3623561783	        0.0000000000	        0.0000058454	        0.0000010113	        0.0000063862	        0.0018630630	        0.0608721753	        0.0666666667	        0.0001186089	        0.0024790179
        0.0041221033	        0.1086846470	        0.9733845011	        3.7457144936	       26.3497755624	        0.0000000000	        0.0000135093	        0.0000022224	        0.0000136897	        0.0028986814	        0.0538633875	        0.0666666667	        0.0001934496	        0.0021822982
        0.0052877492	        0.1379114412	        0.9663114751	        3.5621469667	       26.3358393667	        0.0000000000	        0.0000277547	        0.0000043216	        0.0000258468	        0.0042019825	        0.0494537213	        0.0666666667	        0.0002928931	        0.0019597418
        0.0066019743	        0.1691643838	        0.9585880548	        3.3653918133	       26.3203781122	        0.0000000000	        0.0000520574	        0.0000076748	        0.0000443094	        0.0057608662	        0.0467401470	        0.0666666667	        0.0004209161	        0.0017900211
        0.0080834821	        0.2016769243	        0.9502089072	        3.1559415638	       26.3031729585	        0.0000000000	        0.0000903867	        0.0000126866	        0.0000702200	        0.0075208414	        0.0449859518	        0.0666666667	        0.0005814428	        0.0016590394
        0.0097532660	        0.2345020715	        0.9411867680	        2.9346633921	       26.2839295386	        0.0000000000	        0.0001464817	        0.0000197730	        0.0001041070	        0.0093842219	        0.0436324596	        0.0666666667	        0.0007778625	        0.0015571804
        0.0116348733	        0.2667639336	        0.9315541329	        2.7028103644	       26.2622378851	        0.0000000000	        0.0002229920	        0.0000293528	        0.0001457503	        0.0112332177	        0.0423352103	        0.0666666667	        0.0010124678	        0.0014781600
        0.0137546927	        0.2978659678	        0.9213639838	        2.4620136453	       26.2375541849	        0.0000000000	        0.0003211357	        0.0000419124	        0.0001944412	        0.0129647029	        0.0409147805	        0.0666666667	        0.0012859065	        0.0014169862
        0.0161422702	        0.3275367987	        0.9106915885	        2.2145088401	       26.2095081015	        0.0000000000	        0.0004411220	        0.0000581711	        0.0002495459	        0.0145126288	        0.0392910001	        0.0666666667	        0.0015966716	        0.0013676721
        0.0188306506	        0.3557529294	        0.8996387399	        1.9630023494	       26.1779334030	        0.0000000000	        0.0005826204	        0.0000792779	        0.0003108081	        0.0158493774	        0.0374625293	        0.0666666667	        0.0019405603	        0.0013232753
        0.0218567475	        0.3826365400	        0.8883389816	        1.7107491188	       26.1425262252	        0.0000000000	        0.0007449576	        0.0001069974	        0.0003781614	        0.0169752370	        0.0354774602	        0.0666666667	        0.0023101452	        0.0012771022
        0.0252617393	        0.4083781970	        0.8769604918	        1.4614894745	       26.1026938443	        0.0000000000	        0.0009271996	        0.0001439130	        0.0004512826	        0.0179063719	        0.0333985825	        0.0666666667	        0.0026945331	        0.0012235050
        0.0290914903	        0.4331903702	        0.8657027928	        1.2194754208	       26.0578770307	        0.0000000000	        0.0011281802	        0.0001936771	        0.0005291203	        0.0186658014	        0.0312838227	        0.0666666667	        0.0030798233	        0.0011585660
        0.0333969940	        0.4572834229	        0.8547841048	        0.9891663642	       26.0075175618	        0.0000000000	        0.0013465133	        0.0002613157	        0.0006096211	        0.0192778995	        0.0291793617	        0.0666666667	        0.0034506168	        0.0010808304
        0.0382348325	        0.4808548710	        0.8444186546	        0.7747921527	       25.9507922667	        0.0000000000	        0.0015806222	        0.0003535680	        0.0006898456	        0.0197655042	        0.0271190193	        0.0666666667	        0.0037925178	        0.0009917535
        0.0436676462	        0.5040854316	        0.8347878599	        0.5801227160	       25.8875423428	        0.0000000000	        0.0018288060	        0.0004792007	        0.0007665371	        0.0201486219	        0.0251260285	        0.0666666667	        0.0040949013	        0.0008954265
        0.0497646022	        0.5271380507	        0.8260141452	        0.4080974995	       25.8170305217	        0.0000000000	        0.0020893462	        0.0006491996	        0.0008369627	        0.0204439942	        0.0232153682	        0.0666666667	        0.0043527802	        0.0007974541
        0.0566018496	        0.5501578851	        0.8181470755	        0.2603696581	       25.7378958728	        0.0000000000	        0.0023606458	        0.0008767203	        0.0008996536	        0.0206650879	        0.0213959210	        0.0666666667	        0.0045669199	        0.0007033917
        0.0642629411	        0.5732722671	        0.8111664453	        0.1371776880	       25.6503677716	        0.0000000000	        0.0026413787	        0.0011767064	        0.0009546929	        0.0208222692	        0.0196722321	        0.0666666667	        0.0047423318	        0.0006174558
        0.0728392004	        0.5965902809	        0.8049990595	        0.0375672660	       25.5526071604	        0.0000000000	        0.0029306219	        0.0015651178	        0.0010034591	        0.0209230459	        0.0180458570	        0.0666666667	        0.0048860945	        0.0005419781
        0.0824300053	        0.6202019512	        0.7995409327	       -0.0403730466	       25.4442693378	        0.0000000000	        0.0032279300	        0.0020577566	        0.0010480380	        0.0209723357	        0.0165163516	        0.0666666667	        0.0050054965	        0.0004775749
        0.0931429507	        0.6441772707	        0.7946771041	       -0.0990722265	       25.3261600301	        0.0000000000	        0.0035333217	        0.0026687003	        0.0010906165	        0.0209727505	        0.0150819767	        0.0666666667	        0.0051069538	        0.0004236810
        0.1050938490	        0.6685654310	        0.7902952413	       -0.1410818521	       25.1951905321	        0.0000000000	        0.0038471519	        0.0034083936	        0.0011330516	        0.0209249056	        0.0137401799	        0.0666666667	        0.0051956350	        0.0003791102
        0.1184065179	        0.6933946384	        0.7862928929	       -0.1688582978	       25.0511779107	        0.0000000000	        0.0041698715	        0.0042815180	        0.0011766553	        0.0208277595	        0.0124879084	        0.0666666667	        0.0052755127	        0.0003424731
        0.1332122955	        0.7186727913	        0.7825800306	       -0.1845946293	       24.8947477323	        0.0000000000	        0.0045016981	        0.0052848598	        0.0012221370	        0.0206789821	        0.0113217973	        0.0666666667	        0.0053495912	        0.0003124233
        0.1496492201	        0.7443890735	        0.7790788140	       -0.1903373094	       24.7230552523	        0.0000000000	        0.0048422494	        0.0064055136	        0.0012696406	        0.0204753347	        0.0102382730	        0.0666666667	        0.0054201632	        0.0002877751
        0.1678608015	        0.7705162508	        0.7757219620	       -0.1878776199	       24.5365634976	        0.0000000000	        0.0051901985	        0.0076198220	        0.0013188243	        0.0202130365	        0.0092336043	        0.0666666667	        0.0054890306	        0.0002675403
        0.1879943127	        0.7970132405	        0.7724506876	       -0.1789715711	       24.3334186446	        0.0000000000	        0.0055430046	        0.0088934356	        0.0013689630	        0.0198880922	        0.0083039295	        0.0666666667	        0.0055576765	        0.0002509249
        0.2101985296	        0.8238274489	        0.7692125636	       -0.1652329919	       24.1136419568	        0.0000000000	        0.0058967496	        0.0101827167	        0.0014190661	        0.0194965652	        0.0074452807	        0.0666666667	        0.0056273926	        0.0002373072
        0.2346208557	        0.8508964593	        0.7659595698	       -0.1480444184	       23.8765601157	        0.0000000000	        0.0062460818	        0.0114374535	        0.0014679729	        0.0190347960	        0.0066536141	        0.0666666667	        0.0056993722	        0.0002262121
        0.2614037844	        0.8781488440	        0.7626464176	       -0.1288053000	       23.6213211751	        0.0000000000	        0.0065842496	        0.0126045487	        0.0015144655	        0.0184995800	        0.0059248527	        0.0666666667	        0.0057747793	        0.0002172866
        0.2906806794	        0.9055040711	        0.7592289556	       -0.1089100704	       23.3466976237	        0.0000000000	        0.0069032028	        0.0136321200	        0.0015574184	        0.0178883272	        0.0052549368	        0.0666666667	        0.0058548035	        0.0002102795
        0.3225708876	        0.9328716018	        0.7556625236	       -0.0893231232	       23.0516661923	        0.0000000000	        0.0071937539	        0.0144733707	        0.0015958834	        0.0171992301	        0.0046398805	        0.0666666667	        0.0059407037	        0.0002050247
        0.3571742551	        0.9601492808	        0.7519003936	       -0.0707072702	       22.7365190709	        0.0000000000	        0.0074458089	        0.0150896906	        0.0016290990	        0.0164314644	        0.0040758297	        0.0666666667	        0.0060338466	        0.0002014295
        0.3945651751	        0.9872210436	        0.7478920963	       -0.0536177817	       22.4000718823	        0.0000000000	        0.0076486963	        0.0154526946	        0.0016565240	        0.0155854479	        0.0035591226	        0.0666666667	        0.0061357445	        0.0001994662
        0.4347863703	        1.0139538049	        0.7435812927	       -0.0384073413	       22.0429966008	        0.0000000000	        0.0077916377	        0.0155452348	        0.0016778595	        0.0146631895	        0.0030863536	        0.0666666667	        0.0062480923	        0.0001991674
        0.4778426900	        1.0401931710	        0.7389030482	       -0.0258093658	       21.6647868917	        0.0000000000	        0.0078644142	        0.0153617236	        0.0016931740	        0.0136687751	        0.0026544489	        0.0666666667	        0.0063728034	        0.0002006247
        0.5236952751	        1.0657573132	        0.7337794353	       -0.0162966045	       21.2654469513	        0.0000000000	        0.0078583058	        0.0149083057	        0.0017029999	        0.0126090709	        0.0022607637	        0.0666666667	        0.0065120266	        0.0002039885
        0.5722565058	        1.0904278944	        0.7281136914	       -0.0096130371	       20.8453828770	        0.0000000000	        0.0077674136	        0.0142034554	        0.0017081136	        0.0114947764	        0.0019032184	        0.0666666667	        0.0066681021	        0.0002094677
        0.6233861842	        1.1139363483	        0.7217838568	       -0.0059828290	       20.4055482184	        0.0000000000	        0.0075905386	        0.0132794351	        0.0017094566	        0.0103420439	        0.0015805008	        0.0666666667	        0.0068433848	        0.0002173239
        0.6768894010	        1.1359432574	        0.7146347910	       -0.0049877000	       19.9486772603	        0.0000000000	        0.0073338465	        0.0121848738	        0.0017079822	        0.0091749726	        0.0012923625	        0.0666666667	        0.0070397759	        0.0002278520
        0.7325164896	        1.1560090483	        0.7064738833	       -0.0071212524	       19.4751739858	        0.0000000000	        0.0070144852	        0.0109883319	        0.0017046828	        0.0080292820	        0.0010400263	        0.0666666667	        0.0072576753	        0.0002413276
        0.7899653716	        1.1735590621	        0.6970757546	       -0.0122642218	       18.9870303621	        0.0000000000	        0.0066646367	        0.0097816850	        0.0017007303	        0.0069569717	        0.0008266387	        0.0666666667	        0.0074939018	        0.0002578888
        0.8488864424	        1.1878627385	        0.6862192496	       -0.0203889258	       18.4882289124	        0.0000000000	        0.0063330725	        0.0086793274	        0.0016980239	        0.0060298782	        0.0006574733	        0.0666666667	        0.0077382731	        0.0002773197
        0.9088899606	        1.1980787509	        0.6737827947	       -0.0314492950	       17.9813080552	        0.0000000000	        0.0060770549	        0.0078048428	        0.0017007229	        0.0053361481	        0.0005392728	        0.0666666667	        0.0079699487	        0.0002987725
        0.9695556872	        1.2034244652	        0.6598932912	       -0.0429647002	       17.4698256985	        0.0000000000	        0.0059407507	        0.0072595909	        0.0017149124	        0.0049620302	        0.0004783387	        0.0666666667	        0.0081578862	        0.0003206482
        1.0304443128	        1.2034244652	        0.6450333055	       -0.0538604675	       16.9566770293	        0.0000000000	        0.0059407507	        0.0070883217	        0.0017451322	        0.0049620302	        0.0004783387	        0.0666666667	        0.0082712191	        0.0003410030
        1.0911100394	        1.1980787509	        0.6299302952	       -0.0649541788	       16.4458649073	        0.0000000000	        0.0060770549	        0.0072698782	        0.0017918284	        0.0053361481	        0.0005392728	        0.0666666667	        0.0082959317	        0.0003584464
        1.1511135576	        1.1878627385	        0.6152560900	       -0.0752526836	       15.9421459334	        0.0000000000	        0.0063330725	        0.0077255454	        0.0018507288	        0.0060298782	        0.0006574733	        0.0666666667	        0.0082416943	        0.0003727924
        1.2100346284	        1.1735590621	        0.6014082551	       -0.0840250620	       15.4466071502	        0.0000000000	        0.0066646367	        0.0083408752	        0.0019153921	        0.0069569717	        0.0008266387	        0.0666666667	        0.0081323979	        0.0003848993
        1.2674835104	        1.1560090483	        0.5885045552	       -0.0890781936	       14.9643646244	        0.0000000000	        0.0070144852	        0.0090015911	        0.0019807561	        0.0080292820	        0.0010400263	        0.0666666667	        0.0079924835	        0.0003960191
        1.3231105990	        1.1359432574	        0.5765024507	       -0.0896306985	       14.4979458424	        0.0000000000	        0.0073338465	        0.0096178365	        0.0020432835	        0.0091749726	        0.0012923625	        0.0666666667	        0.0078399731	        0.0004072826
        1.3766138158	        1.1139363483	        0.5653005277	       -0.0854432548	       14.0475467207	        0.0000000000	        0.0075905386	        0.0101289717	        0.0021002850	        0.0103420439	        0.0015805008	        0.0666666667	        0.0076860526	        0.0004195351
        1.4277434942	        1.0904278944	        0.5547909988	       -0.0767994759	       13.6159031643	        0.0000000000	        0.0077674136	        0.0104983040	        0.0021495076	        0.0114947764	        0.0019032184	        0.0666666667	        0.0075370224	        0.0004333755
        1.4763047249	        1.0657573132	        0.5448775857	       -0.0634732955	       13.2045536376	        0.0000000000	        0.0078583058	        0.0107061785	        0.0021890077	        0.0126090709	        0.0022607637	        0.0666666667	        0.0073962364	        0.0004492499
        1.5221573100	        1.0401931710	        0.5354792307	       -0.0457093925	       12.8139229508	        0.0000000000	        0.0078644142	        0.0107445602	        0.0022171643	        0.0136687751	        0.0026544489	        0.0666666667	        0.0072654427	        0.0004675397
        1.5652136297	        1.0139538049	        0.5265267445	       -0.0245977511	       12.4441707809	        0.0000000000	        0.0077916377	        0.0106135620	        0.0022330447	        0.0146631895	        0.0030863536	        0.0666666667	        0.0071455923	        0.0004886313
        1.6054348249	        0.9872210436	        0.5179569089	       -0.0011035408	       12.0961153054	        0.0000000000	        0.0076486963	        0.0103196001	        0.0022365205	        0.0155854479	        0.0035591226	        0.0666666667	        0.0070372599	        0.0005129656
        1.6428257449	        0.9601492808	        0.5097080268	        0.0244170768	       11.7674223652	        0.0000000000	        0.0074458089	        0.0098746458	        0.0022279790	        0.0164314644	        0.0040758297	        0.0666666667	        0.0069408347	        0.0005410758
        1.6774291124	        0.9328716018	        0.5017176086	        0.0516279861	       11.4596875706	        0.0000000000	        0.0071937539	        0.0092959902	        0.0022080819	        0.0171992301	        0.0046398805	        0.0666666667	        0.0068566178	        0.0005736227
        1.7093193206	        0.9055040711	        0.4939207644	        0.0788613916	       11.1716618278	        0.0000000000	        0.0069032028	        0.0086060017	        0.0021779056	        0.0178883272	        0.0052549368	        0.0666666667	        0.0067848985	        0.0006114373
        1.7385962156	        0.8781488440	        0.4862475007	        0.1045047214	       10.9020840378	        0.0000000000	        0.0065842496	        0.0078315008	        0.0021390015	        0.0184995800	        0.0059248527	        0.0666666667	        0.0067260068	        0.0006555706
        1.7653791443	        0.8508964593	        0.4786208596	        0.1263846891	       10.6517899590	        0.0000000000	        0.0062460818	        0.0070025398	        0.0020932358	        0.0190347960	        0.0066536141	        0.0666666667	        0.0066803375	        0.0007073506
        1.7898014704	        0.8238274489	        0.4709547929	        0.1418675061	       10.4190870964	        0.0000000000	        0.0058967496	        0.0061505772	        0.0020426831	        0.0194965652	        0.0074452807	        0.0666666667	        0.0066483499	        0.0007684457
        1.8120056873	        0.7970132405	        0.4631517377	        0.1484651244	       10.2032769937	        0.0000000000	        0.0055430046	        0.0053062549	        0.0019893917	        0.0198880922	        0.0083039295	        0.0666666667	        0.0066305205	        0.0008409324
        1.8321391985	        0.7705162508	        0.4551003531	        0.1436965393	       10.0036142237	        0.0000000000	        0.0051901985	        0.0044971272	        0.0019351014	        0.0202130365	        0.0092336043	        0.0666666667	        0.0066272244	        0.0009273520
        1.8503507799	        0.7443890735	        0.4466732550	        0.1246992919	        9.8193750613	        0.0000000000	        0.0048422494	        0.0037457267	        0.0018810534	        0.0204753347	        0.0102382730	        0.0666666667	        0.0066385102	        0.0010307353
        1.8667877045	        0.7186727913	        0.4377247450	        0.0887065713	        9.6502992330	        0.0000000000	        0.0045016981	        0.0030682915	        0.0018278091	        0.0206789821	        0.0113217973	        0.0666666667	        0.0066637096	        0.0011545496
        1.8815934821	        0.6933946384	        0.4280897054	        0.0328421693	        9.4956239421	        0.0000000000	        0.0041698715	        0.0024743173	        0.0017750830	        0.0208277595	        0.0124879084	        0.0666666667	        0.0067008221	        0.0013024907
        1.8949061510	        0.6685654310	        0.4175847400	       -0.0459042735	        9.3544741799	        0.0000000000	        0.0038471519	        0.0019669125	        0.0017216716	        0.0209249056	        0.0137401799	        0.0666666667	        0.0067456401	        0.0014780171
        1.9068570493	        0.6441772707	        0.4060133411	       -0.1510318482	        9.2252316920	        0.0000000000	        0.0035333217	        0.0015437866	        0.0016655217	        0.0209727505	        0.0150819767	        0.0666666667	        0.0067906617	        0.0016835042
        1.9175699947	        0.6202019512	        0.3931768534	       -0.2835951311	        9.1087378428	        0.0000000000	        0.0032279300	        0.0011986133	        0.0016038415	        0.0209723357	        0.0165163516	        0.0666666667	        0.0068240075	        0.0019189500
        1.9271607996	        0.5965902809	        0.3788951121	       -0.4451619265	        9.0034034342	        0.0000000000	        0.0029306219	        0.0009225031	        0.0015335326	        0.0209230459	        0.0180458570	        0.0666666667	        0.0068288639	        0.0021803525
        1.9357370589	        0.5732722671	        0.3630339792	       -0.6361220738	        8.9081001390	        0.0000000000	        0.0026413787	        0.0007053650	        0.0014519457	        0.0208222692	        0.0196722321	        0.0666666667	        0.0067842166	        0.0024582275
        1.9433981504	        0.5501578851	        0.3455370241	       -0.8509627513	        8.8232761667	        0.0000000000	        0.0023606458	        0.0005370153	        0.0013575466	        0.0206650879	        0.0213959210	        0.0666666667	        0.0066675375	        0.0027370846
        1.9502353978	        0.5271380507	        0.3264565576	       -1.0886083351	        8.7468884348	        0.0000000000	        0.0020893462	        0.0004079600	        0.0012506834	        0.0204439942	        0.0232153682	        0.0666666667	        0.0064594870	        0.0029968036
        1.9563323538	        0.5040854316	        0.3059661416	       -1.3396649876	        8.6789638192	        0.0000000000	        0.0018288060	        0.0003098531	        0.0011338057	        0.0201486219	        0.0251260285	        0.0666666667	        0.0061493713	        0.0032161803
        1.9617651675	        0.4808548710	        0.2843556695	       -1.5992965726	        8.6183644223	        0.0000000000	        0.0015806222	        0.0002356794	        0.0010110431	        0.0197655042	        0.0271190193	        0.0666666667	        0.0057391215	        0.0033777232
        1.9666030060	        0.4572834229	        0.2620000883	       -1.8593835019	        8.5644303868	        0.0000000000	        0.0013465133	        0.0001797388	        0.0008873292	        0.0192778995	        0.0291793617	        0.0666666667	        0.0052438411	        0.0034718236
        1.9709085097	        0.4331903702	        0.2393150338	       -2.1112707491	        8.5169151168	        0.0000000000	        0.0011281802	        0.0001375152	        0.0007672499	        0.0186658014	        0.0312838227	        0.0666666667	        0.0046885538	        0.0034985565
        1.9747382607	        0.4083781970	        0.2167102537	       -2.3529765431	        8.4746467003	        0.0000000000	        0.0009271996	        0.0001054965	        0.0006542195	        0.0179063719	        0.0333985825	        0.0666666667	        0.0041027418	        0.0034667332
        1.9781432525	        0.3826365400	        0.1945498637	       -2.5817200659	        8.4369288503	        0.0000000000	        0.0007449576	        0.0000809939	        0.0005500981	        0.0169752370	        0.0354774602	        0.0666666667	        0.0035149394	        0.0033911467
        1.9811693494	        0.3557529294	        0.1731296126	       -2.7941506816	        8.4034642976	        0.0000000000	        0.0005826204	        0.0000619853	        0.0004553010	        0.0158493774	        0.0374625293	        0.0666666667	        0.0029490392	        0.0032895031
        1.9838577298	        0.3275367987	        0.1526707139	       -2.9871200434	        8.3741569763	        0.0000000000	        0.0004411220	        0.0000469917	        0.0003693377	        0.0145126288	        0.0392910001	        0.0666666667	        0.0024227525	        0.0031801558
        1.9862453073	        0.2978659678	        0.1333258310	       -3.1610979871	        8.3484697112	        0.0000000000	        0.0003211357	        0.0000349822	        0.0002915533	        0.0129647029	        0.0409147805	        0.0666666667	        0.0019477011	        0.0030808491
        1.9883651267	        0.2667639336	        0.1151912955	       -3.3183690732	        8.3256942069	        0.0000000000	        0.0002229920	        0.0000252990	        0.0002218334	        0.0112332177	        0.0423352103	        0.0666666667	        0.0015303160	        0.0030075492
        1.9902467340	        0.2345020715	        0.0983210065	       -3.4603130765	        8.3054107506	        0.0000000000	        0.0001464817	        0.0000175730	        0.0001609637	        0.0093842219	        0.0436324596	        0.0666666667	        0.0011728758	        0.0029726269
        1.9919165179	        0.2016769243	        0.0827375991	       -3.5874621071	        8.2874380072	        0.0000000000	        0.0000903867	        0.0000115972	        0.0001102319	        0.0075208414	        0.0449859518	        0.0666666667	        0.0008743576	        0.0029855471
        1.9933980257	        0.1691643838	        0.0684382667	       -3.7006658642	        8.2715841644	        0.0000000000	        0.0000520574	        0.0000071912	        0.0000704922	        0.0057608662	        0.0467401470	        0.0666666667	        0.0006311675	        0.0030573469
        1.9947122508	        0.1379114412	        0.0553969327	       -3.8010175319	        8.2576426564	        0.0000000000	        0.0000277547	        0.0000041332	        0.0000415526	        0.0042019825	        0.0494537213	        0.0666666667	        0.0004379551	        0.0032036130
        1.9958778967	        0.1086846470	        0.0435663730	       -3.8897053238	        8.2454080085	        0.0000000000	        0.0000135093	        0.0000021598	        0.0000221630	        0.0028986814	        0.0538633875	        0.0666666667	        0.0002884951	        0.0034456559
        1.9969116151	        0.0819334210	        0.0328820149	       -3.9679208728	        8.2346849815	        0.0000000000	        0.0000058454	        0.0000009945	        0.0000103752	        0.0018630630	        0.0608721753	        0.0666666667	        0.0001764733	        0.0038144986
        1.9978282231	        0.0578036690	        0.0232671258	       -4.0368053403	        8.2252933684	        0.0000000000	        0.0000021284	        0.0000003807	        0.0000040262	        0.0010804019	        0.0716656608	        0.0666666667	        0.0000960590	        0.0043623674
        1.9986408981	        0.0362309117	        0.0146383229	       -4.0974201785	        8.2170700355	        0.0000000000	        0.0000005747	        0.0000001068	        0.0000011419	        0.0005253479	        0.0879434438	        0.0666666667	        0.0000422560	        0.0051931009
        1.9993613540	        0.0170373121	        0.0069104093	       -4.1507336960	        8.2098692682	        0.0000000000	        0.0000000781	        0.0000000150	        0.0000001623	        0.0001722987	        0.1120559826	        0.0666666667	        0.0000111138	        0.0065617236
        2.0000000000	        0.0000000000	        0.0000000000	       -4.1976174834	        8.2035621237	        0.0000000000	        0.0000000000	        0.0000000000	        0.0000000000	        0.0000000000	        0.1456678667	        0.0000000000	        0.0000000000	        0.0093960535
