        0.0000000000	        0.0000000000	        1.0000000000	        7.4793462837	       30.1105329785	        0.0000000000	        0.0000000000	        0.0000000000	        0.0000000000	        0.0000000000	        0.1456678667	        0.0000000000	        0.0000000000	        0.0000555316
        0.0006386460	        0.0170373121	        0.9982122636	        6.9413002515	       30.0947262451	        0.0000000000	        0.0000000781	        0.0000000149	        0.0000000406	        0.0001722987	        0.1120559826	        0.0666666667	        0.0000000657	        0.0000394135
        0.0013591019	        0.0362309117	        0.9963086675	        6.3732754848	       30.0773187189	        0.0000000000	        0.0000005747	        0.0000001043	        0.0000002673	        0.0005253479	        0.0879434438	        0.0666666667	        0.0000002514	        0.0000322588
        0.0021717769	        0.0578036690	        0.9942943039	        5.7799908901	       30.0581873946	        0.0000000000	        0.0000021284	        0.0000003632	        0.0000008698	        0.0010804019	        0.0716656608	        0.0666666667	        0.0000005753	        0.0000285073
        0.0030883849	        0.0819334210	        0.9921769473	        5.1681709464	       30.0372005519	        0.0000000000	        0.0000058454	        0.0000009183	        0.0000020425	        0.0018630630	        0.0608721753	        0.0666666667	        0.0000010633	        0.0000265716
        0.0041221033	        0.1086846470	        0.9899669064	        4.5467767429	       30.0142118464	        0.0000000000	        0.0000135093	        0.0000019201	        0.0000039385	        0.0028986814	        0.0538633875	        0.0666666667	        0.0000017451	        0.0000257478
        0.0052877492	        0.1379114412	        0.9876764509	        3.9270845715	       29.9890494602	        0.0000000000	        0.0000277547	        0.0000035303	        0.0000066328	        0.0042019825	        0.0494537213	        0.0666666667	        0.0000026506	        0.0000256314
        0.0066019743	        0.1691643838	        0.9853187446	        3.3224691620	       29.9614973243	        0.0000000000	        0.0000520574	        0.0000059097	        0.0000101070	        0.0057608662	        0.0467401470	        0.0666666667	        0.0000038061	        0.0000259462
        0.0080834821	        0.2016769243	        0.9829063267	        2.7476663092	       29.9312639073	        0.0000000000	        0.0000903867	        0.0000092069	        0.0000142601	        0.0075208414	        0.0449859518	        0.0666666667	        0.0000052319	        0.0000264897
        0.0097532660	        0.2345020715	        0.9804493355	        2.2171671738	       29.8979318326	        0.0000000000	        0.0001464817	        0.0000135520	        0.0000189429	        0.0093842219	        0.0436324596	        0.0666666667	        0.0000069415	        0.0000271282
        0.0116348733	        0.2667639336	        0.9779538137	        1.7422161453	       29.8608783536	        0.0000000000	        0.0002229920	        0.0000190634	        0.0000240142	        0.0112332177	        0.0423352103	        0.0666666667	        0.0000089447	        0.0000278077
        0.0137546927	        0.2978659678	        0.9754204400	        1.3272513510	       29.8192192948	        0.0000000000	        0.0003211357	        0.0000258918	        0.0000294221	        0.0129647029	        0.0409147805	        0.0666666667	        0.0000112529	        0.0000285383
        0.0161422702	        0.3275367987	        0.9728436842	        0.9766460072	       29.7722513320	        0.0000000000	        0.0004411220	        0.0000342981	        0.0000352713	        0.0145126288	        0.0392910001	        0.0666666667	        0.0000138864	        0.0000293520
        0.0188306506	        0.3557529294	        0.9702124148	        0.6886947443	       29.7194601873	        0.0000000000	        0.0005826204	        0.0000447142	        0.0000418210	        0.0158493774	        0.0374625293	        0.0666666667	        0.0000168789	        0.0000302875
        0.0218567475	        0.3826365400	        0.9675110986	        0.4588672329	       29.6605815341	        0.0000000000	        0.0007449576	        0.0000577731	        0.0000494365	        0.0169752370	        0.0354774602	        0.0666666667	        0.0000202767	        0.0000313918
        0.0252617393	        0.4083781970	        0.9647217119	        0.2820532920	       29.5957603886	        0.0000000000	        0.0009271996	        0.0000743278	        0.0000585297	        0.0179063719	        0.0333985825	        0.0666666667	        0.0000241328	        0.0000327094
        0.0290914903	        0.4331903702	        0.9618267609	        0.1503367429	       29.5244879916	        0.0000000000	        0.0011281802	        0.0000954736	        0.0000695041	        0.0186658014	        0.0312838227	        0.0666666667	        0.0000284961	        0.0000342645
        0.0333969940	        0.4572834229	        0.9588123294	        0.0533369272	       29.4455750675	        0.0000000000	        0.0013465133	        0.0001225725	        0.0000827172	        0.0192778995	        0.0291793617	        0.0666666667	        0.0000333999	        0.0000360486
        0.0382348325	        0.4808548710	        0.9556698305	       -0.0177607079	       29.3583965507	        0.0000000000	        0.0015806222	        0.0001572799	        0.0000984535	        0.0197655042	        0.0271190193	        0.0666666667	        0.0000388527	        0.0000380168
        0.0436676462	        0.5040854316	        0.9523968733	       -0.0710993961	       29.2622452000	        0.0000000000	        0.0018288060	        0.0002015634	        0.0001169142	        0.0201486219	        0.0251260285	        0.0666666667	        0.0000448373	        0.0000400968
        0.0497646022	        0.5271380507	        0.9489961719	       -0.1131881867	       29.1562560654	        0.0000000000	        0.0020893462	        0.0002577033	        0.0001382420	        0.0204439942	        0.0232153682	        0.0666666667	        0.0000513220	        0.0000422081
        0.0566018496	        0.5501578851	        0.9454727310	       -0.1484256017	       29.0395475108	        0.0000000000	        0.0023606458	        0.0003282581	        0.0001625716	        0.0206650879	        0.0213959210	        0.0666666667	        0.0000582815	        0.0000442871
        0.0642629411	        0.5732722671	        0.9418302125	       -0.1793355345	       28.9111279629	        0.0000000000	        0.0026413787	        0.0004159826	        0.0001900864	        0.0208222692	        0.0196722321	        0.0666666667	        0.0000657212	        0.0000463049
        0.0728392004	        0.5965902809	        0.9380674674	       -0.2069069184	       28.7699096381	        0.0000000000	        0.0029306219	        0.0005236860	        0.0002210572	        0.0209230459	        0.0180458570	        0.0666666667	        0.0000736924	        0.0000482724
        0.0824300053	        0.6202019512	        0.9341761285	       -0.2310807800	       28.6148939903	        0.0000000000	        0.0032279300	        0.0006540234	        0.0002558407	        0.0209723357	        0.0165163516	        0.0666666667	        0.0000822949	        0.0000502309
        0.0931429507	        0.6441772707	        0.9301396197	       -0.2512302950	       28.4434321243	        0.0000000000	        0.0035333217	        0.0008092205	        0.0002948300	        0.0209727505	        0.0150819767	        0.0666666667	        0.0000916648	        0.0000522336
        0.1050938490	        0.6685654310	        0.9259333814	       -0.2664971365	       28.2552690291	        0.0000000000	        0.0038471519	        0.0009907401	        0.0003383683	        0.0209249056	        0.0137401799	        0.0666666667	        0.0001019541	        0.0000543274
        0.1184065179	        0.6933946384	        0.9215258720	       -0.2760478959	       28.0488938886	        0.0000000000	        0.0041698715	        0.0011989129	        0.0003866421	        0.0208277595	        0.0124879084	        0.0666666667	        0.0001133095	        0.0000565393
        0.1332122955	        0.7186727913	        0.9168798553	       -0.2793460163	       27.8232273128	        0.0000000000	        0.0045016981	        0.0014325726	        0.0004395847	        0.0206789821	        0.0113217973	        0.0666666667	        0.0001258568	        0.0000588708
        0.1496492201	        0.7443890735	        0.9119534823	       -0.2762104857	       27.5749049469	        0.0000000000	        0.0048422494	        0.0016887568	        0.0004968083	        0.0204753347	        0.0102382730	        0.0666666667	        0.0001396914	        0.0000612992
        0.1678608015	        0.7705162508	        0.9067010519	       -0.2667894819	       27.3048440954	        0.0000000000	        0.0051901985	        0.0019625468	        0.0005575670	        0.0202130365	        0.0092336043	        0.0666666667	        0.0001548766	        0.0000637833
        0.1879943127	        0.7970132405	        0.9010735625	       -0.2519084945	       27.0098219285	        0.0000000000	        0.0055430046	        0.0022471115	        0.0006207899	        0.0198880922	        0.0083039295	        0.0666666667	        0.0001714513	        0.0000662717
        0.2101985296	        0.8238274489	        0.8950184736	       -0.2329632929	       26.6895497014	        0.0000000000	        0.0058967496	        0.0025339944	        0.0006852053	        0.0194965652	        0.0074452807	        0.0666666667	        0.0001894444	        0.0000687141
        0.2346208557	        0.8508964593	        0.8884786365	       -0.2112908156	       26.3417442630	        0.0000000000	        0.0062460818	        0.0028136366	        0.0007494613	        0.0190347960	        0.0066536141	        0.0666666667	        0.0002088898	        0.0000710678
        0.2614037844	        0.8781488440	        0.8813913871	       -0.1878238633	       25.9649586596	        0.0000000000	        0.0065842496	        0.0030760716	        0.0008121637	        0.0184995800	        0.0059248527	        0.0666666667	        0.0002298359	        0.0000733012
        0.2906806794	        0.9055040711	        0.8736885824	       -0.1635226444	       25.5583190279	        0.0000000000	        0.0069032028	        0.0033116705	        0.0008719221	        0.0178883272	        0.0052549368	        0.0666666667	        0.0002523622	        0.0000753965
        0.3225708876	        0.9328716018	        0.8652965609	       -0.1401075067	       25.1214258123	        0.0000000000	        0.0071937539	        0.0035118009	        0.0009275843	        0.0171992301	        0.0046398805	        0.0666666667	        0.0002766211	        0.0000773602
        0.3571742551	        0.9601492808	        0.8561331794	       -0.1189374837	       24.6512863613	        0.0000000000	        0.0074458089	        0.0036693086	        0.0009784595	        0.0164314644	        0.0040758297	        0.0666666667	        0.0003028873	        0.0000792297
        0.3945651751	        0.9872210436	        0.8461038473	       -0.0998027602	       24.1480950187	        0.0000000000	        0.0076486963	        0.0037787992	        0.0010241196	        0.0155854479	        0.0035591226	        0.0666666667	        0.0003315691	        0.0000810650
        0.4347863703	        1.0139538049	        0.8351012187	       -0.0825152677	       23.6119922143	        0.0000000000	        0.0077916377	        0.0038367125	        0.0010641675	        0.0146631895	        0.0030863536	        0.0666666667	        0.0003632157	        0.0000829382
        0.4778426900	        1.0401931710	        0.8230041594	       -0.0672305150	       23.0430983749	        0.0000000000	        0.0078644142	        0.0038412512	        0.0010983109	        0.0136687751	        0.0026544489	        0.0666666667	        0.0003985865	        0.0000849373
        0.5236952751	        1.0657573132	        0.8096739736	       -0.0547618063	       22.4404697392	        0.0000000000	        0.0078583058	        0.0037922927	        0.0011266139	        0.0126090709	        0.0022607637	        0.0666666667	        0.0004387993	        0.0000871841
        0.5722565058	        1.0904278944	        0.7949444928	       -0.0456972185	       21.8063263703	        0.0000000000	        0.0077674136	        0.0036914660	        0.0011496450	        0.0114947764	        0.0019032184	        0.0666666667	        0.0004855022	        0.0000898477
        0.6233861842	        1.1139363483	        0.7786095474	       -0.0401929652	       21.1423405009	        0.0000000000	        0.0075905386	        0.0035425869	        0.0011683460	        0.0103420439	        0.0015805008	        0.0666666667	        0.0005409634	        0.0000931364
        0.6768894010	        1.1359432574	        0.7604120767	       -0.0377004092	       20.4506861069	        0.0000000000	        0.0073338465	        0.0033526284	        0.0011837043	        0.0091749726	        0.0012923625	        0.0666666667	        0.0006079757	        0.0000972666
        0.7325164896	        1.1560090483	        0.7400466252	       -0.0389747523	       19.7349956144	        0.0000000000	        0.0070144852	        0.0031333565	        0.0011969318	        0.0080292820	        0.0010400263	        0.0666666667	        0.0006895102	        0.0001024311
        0.7899653716	        1.1735590621	        0.7171757831	       -0.0420413989	       18.9992933500	        0.0000000000	        0.0066646367	        0.0029035975	        0.0012091632	        0.0069569717	        0.0008266387	        0.0666666667	        0.0007876098	        0.0001087441
        0.8488864424	        1.1878627385	        0.6915344090	       -0.0482556418	       18.2492732419	        0.0000000000	        0.0063330725	        0.0026910501	        0.0012224109	        0.0060298782	        0.0006574733	        0.0666666667	        0.0009017247	        0.0001162920
        0.9088899606	        1.1980787509	        0.6630925817	       -0.0578107238	       17.4911858545	        0.0000000000	        0.0060770549	        0.0025308446	        0.0012413095	        0.0053361481	        0.0005392728	        0.0666666667	        0.0010270929	        0.0001253716
        0.9695556872	        1.2034244652	        0.6322788074	       -0.0709300749	       16.7300166889	        0.0000000000	        0.0059407507	        0.0024574874	        0.0012728124	        0.0049620302	        0.0004783387	        0.0666666667	        0.0011542980	        0.0001366946
        1.0304443128	        1.2034244652	        0.6000587910	       -0.0870553526	       15.9756481435	        0.0000000000	        0.0059407507	        0.0024929283	        0.0013230161	        0.0049620302	        0.0004783387	        0.0666666667	        0.0012720009	        0.0001510710
        1.0911100394	        1.1980787509	        0.5676902360	       -0.1034807818	       15.2337542245	        0.0000000000	        0.0060770549	        0.0026400099	        0.0013934594	        0.0053361481	        0.0005392728	        0.0666666667	        0.0013721010	        0.0001685808
        1.1511135576	        1.1878627385	        0.5362906787	       -0.1182856791	       14.5120812543	        0.0000000000	        0.0063330725	        0.0028810026	        0.0014800731	        0.0060298782	        0.0006574733	        0.0666666667	        0.0014531891	        0.0001884215
        1.2100346284	        1.1735590621	        0.5065247421	       -0.1290033203	       13.8159689814	        0.0000000000	        0.0066646367	        0.0031821393	        0.0015754176	        0.0069569717	        0.0008266387	        0.0666666667	        0.0015191170	        0.0002096872
        1.2674835104	        1.1560090483	        0.4786168040	       -0.1336144372	       13.1529878960	        0.0000000000	        0.0070144852	        0.0035057052	        0.0016721747	        0.0080292820	        0.0010400263	        0.0666666667	        0.0015748504	        0.0002318814
        1.3231105990	        1.1359432574	        0.4525370084	       -0.1323881164	       12.5233358881	        0.0000000000	        0.0073338465	        0.0038196701	        0.0017647942	        0.0091749726	        0.0012923625	        0.0666666667	        0.0016236664	        0.0002548071
        1.3766138158	        1.1139363483	        0.4281529590	       -0.1248361423	       11.9314654029	        0.0000000000	        0.0075905386	        0.0041006031	        0.0018491914	        0.0103420439	        0.0015805008	        0.0666666667	        0.0016665384	        0.0002782884
        1.4277434942	        1.0904278944	        0.4053187334	       -0.1089256673	       11.3750315857	        0.0000000000	        0.0077674136	        0.0043326171	        0.0019214496	        0.0114947764	        0.0019032184	        0.0666666667	        0.0017027030	        0.0003020132
        1.4763047249	        1.0657573132	        0.3839168266	       -0.0871213446	       10.8576405194	        0.0000000000	        0.0078583058	        0.0045053737	        0.0019783537	        0.0126090709	        0.0022607637	        0.0666666667	        0.0017310409	        0.0003256163
        1.5221573100	        1.0401931710	        0.3638441192	       -0.0617435454	       10.3739688741	        0.0000000000	        0.0078644142	        0.0046125092	        0.0020185439	        0.0136687751	        0.0026544489	        0.0666666667	        0.0017509839	        0.0003487928
        1.5652136297	        1.0139538049	        0.3449990796	       -0.0318844093	        9.9243300406	        0.0000000000	        0.0077916377	        0.0046506975	        0.0020415331	        0.0146631895	        0.0030863536	        0.0666666667	        0.0017622872	        0.0003712449
        1.6054348249	        0.9872210436	        0.3272851684	        0.0044851291	        9.5066528840	        0.0000000000	        0.0076486963	        0.0046191737	        0.0020466147	        0.0155854479	        0.0035591226	        0.0666666667	        0.0017646788	        0.0003926063
        1.6428257449	        0.9601492808	        0.3106152163	        0.0485208432	        9.1187398965	        0.0000000000	        0.0074458089	        0.0045195600	        0.0020329242	        0.0164314644	        0.0040758297	        0.0666666667	        0.0017578836	        0.0004124512
        1.6774291124	        0.9328716018	        0.2949106908	        0.0993484704	        8.7584779356	        0.0000000000	        0.0071937539	        0.0043558686	        0.0020001207	        0.0171992301	        0.0046398805	        0.0666666667	        0.0017417927	        0.0004303506
        1.7093193206	        0.9055040711	        0.2800963266	        0.1572535431	        8.4238563827	        0.0000000000	        0.0069032028	        0.0041345454	        0.0019485431	        0.0178883272	        0.0052549368	        0.0666666667	        0.0017164829	        0.0004458997
        1.7385962156	        0.8781488440	        0.2661010411	        0.2231295050	        8.1125057762	        0.0000000000	        0.0065842496	        0.0038643763	        0.0018788235	        0.0184995800	        0.0059248527	        0.0666666667	        0.0016821426	        0.0004587181
        1.7653791443	        0.8508964593	        0.2528612121	        0.2960077239	        7.8230639792	        0.0000000000	        0.0062460818	        0.0035561267	        0.0017920364	        0.0190347960	        0.0066536141	        0.0666666667	        0.0016391090	        0.0004684827
        1.7898014704	        0.8238274489	        0.2403205363	        0.3734530046	        7.5532144810	        0.0000000000	        0.0058967496	        0.0032219036	        0.0016900520	        0.0194965652	        0.0074452807	        0.0666666667	        0.0015879615	        0.0004749842
        1.8120056873	        0.7970132405	        0.2284287041	        0.4504632442	        7.3020478411	        0.0000000000	        0.0055430046	        0.0028743109	        0.0015757465	        0.0198880922	        0.0083039295	        0.0666666667	        0.0015295736	        0.0004781781
        1.8321391985	        0.7705162508	        0.2171374457	        0.5224028370	        7.0670332668	        0.0000000000	        0.0051901985	        0.0025255281	        0.0014528285	        0.0202130365	        0.0092336043	        0.0666666667	        0.0014650712	        0.0004782032
        1.8503507799	        0.7443890735	        0.2063988907	        0.5847909647	        6.8475397545	        0.0000000000	        0.0048422494	        0.0021864559	        0.0013253275	        0.0204753347	        0.0102382730	        0.0666666667	        0.0013957207	        0.0004753655
        1.8667877045	        0.7186727913	        0.1961645953	        0.6332867854	        6.6426958643	        0.0000000000	        0.0045016981	        0.0018660544	        0.0011972109	        0.0206789821	        0.0113217973	        0.0666666667	        0.0013228174	        0.0004701094
        1.8815934821	        0.6933946384	        0.1863845718	        0.6643157188	        6.4521536194	        0.0000000000	        0.0041698715	        0.0015709649	        0.0010720483	        0.0208277595	        0.0124879084	        0.0666666667	        0.0012475847	        0.0004629784
        1.8949061510	        0.6685654310	        0.1770068592	        0.6754297353	        6.2748023788	        0.0000000000	        0.0038471519	        0.0013054368	        0.0009527251	        0.0209249056	        0.0137401799	        0.0666666667	        0.0011710883	        0.0004545651
        1.9068570493	        0.6441772707	        0.1679779530	        0.6646146710	        6.1089898892	        0.0000000000	        0.0035333217	        0.0010715116	        0.0008413099	        0.0209727505	        0.0150819767	        0.0666666667	        0.0010941830	        0.0004454601
        1.9175699947	        0.6202019512	        0.1592434515	        0.6301175461	        5.9560851038	        0.0000000000	        0.0032279300	        0.0008693789	        0.0007390686	        0.0209723357	        0.0165163516	        0.0666666667	        0.0010174952	        0.0004362016
        1.9271607996	        0.5965902809	        0.1507491705	        0.5699519223	        5.8147684580	        0.0000000000	        0.0029306219	        0.0006978108	        0.0006465585	        0.0209230459	        0.0180458570	        0.0666666667	        0.0009414397	        0.0004272287
        1.9357370589	        0.5732722671	        0.1424426630	        0.4813013381	        5.6838749766	        0.0000000000	        0.0026413787	        0.0005545940	        0.0005637876	        0.0208222692	        0.0196722321	        0.0666666667	        0.0008662660	        0.0004188405
        1.9433981504	        0.5501578851	        0.1342749437	        0.3630432329	        5.5645840154	        0.0000000000	        0.0023606458	        0.0004369085	        0.0004903224	        0.0206650879	        0.0213959210	        0.0666666667	        0.0007921251	        0.0004111626
        1.9502353978	        0.5271380507	        0.1262045262	        0.2103768383	        5.4546270498	        0.0000000000	        0.0020893462	        0.0003416289	        0.0004254906	        0.0204439942	        0.0232153682	        0.0666666667	        0.0007191580	        0.0004041402
        1.9563323538	        0.5040854316	        0.1181988231	        0.0232850216	        5.3547072292	        0.0000000000	        0.0018288060	        0.0002655512	        0.0003684965	        0.0201486219	        0.0251260285	        0.0666666667	        0.0006475760	        0.0003975567
        1.9617651675	        0.4808548710	        0.1102386166	       -0.2015579258	        5.2635818558	        0.0000000000	        0.0015806222	        0.0002055579	        0.0003185116	        0.0197655042	        0.0271190193	        0.0666666667	        0.0005777148	        0.0003910834
        1.9666030060	        0.4572834229	        0.1023184591	       -0.4627542568	        5.1810732419	        0.0000000000	        0.0013465133	        0.0001587362	        0.0002747428	        0.0192778995	        0.0291793617	        0.0666666667	        0.0005100451	        0.0003843550
        1.9709085097	        0.4331903702	        0.0944475330	       -0.7562373415	        5.1074400288	        0.0000000000	        0.0011281802	        0.0001224598	        0.0002363973	        0.0186658014	        0.0312838227	        0.0666666667	        0.0004451333	        0.0003770481
        1.9747382607	        0.4083781970	        0.0866486590	       -1.0813658317	        5.0410544576	        0.0000000000	        0.0009271996	        0.0000944399	        0.0002027041	        0.0179063719	        0.0333985825	        0.0666666667	        0.0003835793	        0.0003689591
        1.9781432525	        0.3826365400	        0.0789535994	       -1.4365084329	        4.9813621675	        0.0000000000	        0.0007449576	        0.0000727495	        0.0001729008	        0.0169752370	        0.0354774602	        0.0666666667	        0.0003259478	        0.0003600590
        1.9811693494	        0.3557529294	        0.0713985528	       -1.8139986535	        4.9282265337	        0.0000000000	        0.0005826204	        0.0000558254	        0.0001462024	        0.0158493774	        0.0374625293	        0.0666666667	        0.0002727159	        0.0003505242
        1.9838577298	        0.3275367987	        0.0640218386	       -2.2022062523	        4.8815687812	        0.0000000000	        0.0004411220	        0.0000424544	        0.0001218555	        0.0145126288	        0.0392910001	        0.0666666667	        0.0002242547	        0.0003407677
        1.9862453073	        0.2978659678	        0.0568625879	       -2.5963518710	        4.8407701715	        0.0000000000	        0.0003211357	        0.0000317487	        0.0000992866	        0.0129647029	        0.0409147805	        0.0666666667	        0.0001808354	        0.0003314677
        1.9883651267	        0.2667639336	        0.0499585565	       -2.9950588057	        4.8049773612	        0.0000000000	        0.0002229920	        0.0000231146	        0.0000782694	        0.0112332177	        0.0423352103	        0.0666666667	        0.0001426348	        0.0003235036
        1.9902467340	        0.2345020715	        0.0433446911	       -3.3927229594	        4.7735138346	        0.0000000000	        0.0001464817	        0.0000162032	        0.0000590212	        0.0093842219	        0.0436324596	        0.0666666667	        0.0001097210	        0.0003177465
        1.9919165179	        0.2016769243	        0.0370526420	       -3.7808623234	        4.7458593545	        0.0000000000	        0.0000903867	        0.0000108162	        0.0000420933	        0.0075208414	        0.0449859518	        0.0666666667	        0.0000820221	        0.0003150794
        1.9933980257	        0.1691643838	        0.0311096171	       -4.1532222158	        4.7215556965	        0.0000000000	        0.0000520574	        0.0000067949	        0.0000280562	        0.0057608662	        0.0467401470	        0.0666666667	        0.0000592996	        0.0003167937
        1.9947122508	        0.1379114412	        0.0255363279	       -4.5057287068	        4.7001950061	        0.0000000000	        0.0000277547	        0.0000039589	        0.0000172251	        0.0042019825	        0.0494537213	        0.0666666667	        0.0000411580	        0.0003247824
        1.9958778967	        0.1086846470	        0.0203452967	       -4.8359578314	        4.6814165354	        0.0000000000	        0.0000135093	        0.0000020955	        0.0000095469	        0.0028986814	        0.0538633875	        0.0666666667	        0.0000270915	        0.0003415215
        1.9969116151	        0.0819334210	        0.0155402767	       -5.1427160253	        4.6649026076	        0.0000000000	        0.0000058454	        0.0000009756	        0.0000046272	        0.0018630630	        0.0608721753	        0.0666666667	        0.0000165485	        0.0003703469
        1.9978282231	        0.0578036690	        0.0111168257	       -5.4257111386	        4.6503743227	        0.0000000000	        0.0000021284	        0.0000003767	        0.0000018509	        0.0010804019	        0.0716656608	        0.0666666667	        0.0000089928	        0.0004164828
        1.9986408981	        0.0362309117	        0.0070637026	       -5.6852965901	        4.6375873128	        0.0000000000	        0.0000005747	        0.0000001063	        0.0000005386	        0.0005253479	        0.0879434438	        0.0666666667	        0.0000039496	        0.0004898704
        1.9993613540	        0.0170373121	        0.0033646262	       -5.9222741347	        4.6263277290	        0.0000000000	        0.0000000781	        0.0000000150	        0.0000000782	        0.0001722987	        0.1120559826	        0.0666666667	        0.0000010373	        0.0006144728
        2.0000000000	        0.0000000000	        0.0000000000	       -6.1377432660	        4.6164085488	        0.0000000000	        0.0000000000	        0.0000000000	        0.0000000000	        0.0000000000	        0.1456678667	        0.0000000000	        0.0000000000	        0.0008770080
