        0.0000000000	        0.0000000000	        1.0000000000	        5.7282948459	       30.0721876987	        0.0005560177	        0.0000000000	        0.0000000000	        0.0000000000	        0.0000000000	        0.0019407809	        0.0000000000	        0.0000000000	        0.0002688239
        0.0006386460	        0.0064202529	        0.9979904036	        5.3685289479	       30.0603928596	        0.0005254654	        0.0000000002	        0.0000000003	        0.0000000010	        0.0000017811	        0.0019784311	        0.0666666667	        0.0000004112	        0.0002300166
        0.0013591019	        0.0136583927	        0.9958105689	        4.9858335742	       30.0474707158	        0.0004930729	        0.0000000014	        0.0000000023	        0.0000000067	        0.0000059693	        0.0020219412	        0.0666666667	        0.0000017187	        0.0002037834
        0.0021717769	        0.0218170337	        0.9934548055	        4.5824781157	       30.0333458738	        0.0004590629	        0.0000000052	        0.0000000083	        0.0000000236	        0.0000135296	        0.0020727887	        0.0666666667	        0.0000041448	        0.0001832612
        0.0030883849	        0.0310111733	        0.9909183953	        4.1619373964	       30.0179360489	        0.0004237624	        0.0000000138	        0.0000000229	        0.0000000620	        0.0000257582	        0.0021326524	        0.0666666667	        0.0000079692	        0.0001662794
        0.0041221033	        0.0413695028	        0.9881974188	        3.7290741550	       30.0011449366	        0.0003876166	        0.0000000315	        0.0000000535	        0.0000001374	        0.0000443946	        0.0022035288	        0.0666666667	        0.0000135367	        0.0001518382
        0.0052877492	        0.0530357683	        0.9852883619	        3.2902575049	       29.9828494713	        0.0003511931	        0.0000000645	        0.0000001124	        0.0000002729	        0.0000717737	        0.0022878244	        0.0666666667	        0.0000212690	        0.0001393939
        0.0066019743	        0.0661701264	        0.9821874651	        2.8533452672	       29.9628782100	        0.0003151734	        0.0000001234	        0.0000002190	        0.0000005024	        0.0001110307	        0.0023884493	        0.0666666667	        0.0000316783	        0.0001286242
        0.0080834821	        0.0809503932	        0.9788898147	        2.4274148805	       29.9409759509	        0.0002803155	        0.0000002240	        0.0000004042	        0.0000008742	        0.0001663781	        0.0025089120	        0.0666666667	        0.0000453833	        0.0001193303
        0.0097532660	        0.0975730033	        0.9753882400	        2.0220630309	       29.9167473178	        0.0002473737	        0.0000003920	        0.0000007157	        0.0000014580	        0.0002434767	        0.0026534112	        0.0666666667	        0.0000631282	        0.0001113896
        0.0116348733	        0.1162533586	        0.9716721566	        1.6459986421	       29.8895686029	        0.0002169458	        0.0000006670	        0.0000012267	        0.0000023542	        0.0003499278	        0.0028268993	        0.0666666667	        0.0000858008	        0.0001047286
        0.0137546927	        0.1372250052	        0.9677265294	        1.3052350417	       29.8585486085	        0.0001893057	        0.0000011119	        0.0000020483	        0.0000037081	        0.0004959088	        0.0030350736	        0.0666666667	        0.0001144493	        0.0000993053
        0.0161422702	        0.1607366601	        0.9635310651	        1.0055834290	       29.8232270611	        0.0001648919	        0.0000018260	        0.0000033500	        0.0000057325	        0.0006949606	        0.0032842034	        0.0666666667	        0.0001502903	        0.0000950944
        0.0188306506	        0.1870454101	        0.9590604904	        0.7491823331	       29.7836434503	        0.0001440462	        0.0000029669	        0.0000053904	        0.0000087405	        0.0009648770	        0.0035806300	        0.0666666667	        0.0001946944	        0.0000920702
        0.0218567475	        0.2164032857	        0.9542861513	        0.5363824924	       29.7395580213	        0.0001269163	        0.0000047861	        0.0000085690	        0.0000131946	        0.0013285220	        0.0039296806	        0.0666666667	        0.0002491266	        0.0000901859
        0.0252617393	        0.2490328056	        0.9491801723	        0.3663651614	       29.6901261059	        0.0001134126	        0.0000076829	        0.0000135108	        0.0000197692	        0.0018141244	        0.0043336795	        0.0666666667	        0.0003149936	        0.0000893510
        0.0290914903	        0.2850854001	        0.9437237451	        0.2358486115	       29.6349613272	        0.0001033159	        0.0000122866	        0.0000211978	        0.0000294051	        0.0024541068	        0.0047889935	        0.0666666667	        0.0003933315	        0.0000894236
        0.0333969940	        0.3245769005	        0.9379199455	        0.1388296707	       29.5739222267	        0.0000962738	        0.0000195617	        0.0000331413	        0.0000432830	        0.0032808321	        0.0052831607	        0.0666666667	        0.0004842605	        0.0000902615
        0.0382348325	        0.3673023923	        0.9318082965	        0.0692125185	       29.5055277191	        0.0000919130	        0.0000309032	        0.0000514995	        0.0000625415	        0.0043173399	        0.0057945614	        0.0666666667	        0.0005862432	        0.0000918603
        0.0436676462	        0.4127555381	        0.9254738072	        0.0203722747	       29.4299700507	        0.0000898424	        0.0000481461	        0.0000789782	        0.0000876420	        0.0055628701	        0.0062918314	        0.0666666667	        0.0006954958	        0.0000943661
        0.0497646022	        0.4601011436	        0.9190405709	       -0.0139151793	       29.3467459367	        0.0000897363	        0.0000734968	        0.0001186663	        0.0001179024	        0.0069780718	        0.0067224368	        0.0666666667	        0.0008061947	        0.0000975875
        0.0566018496	        0.5082470117	        0.9126492847	       -0.0387741644	       29.2537264487	        0.0000913865	        0.0001093941	        0.0001739533	        0.0001516489	        0.0084794998	        0.0070167431	        0.0666666667	        0.0009117332	        0.0001008317
        0.0642629411	        0.5560254678	        0.9064266064	       -0.0580388042	       29.1509871187	        0.0000947162	        0.0001581821	        0.0002482180	        0.0001866768	        0.0099520705	        0.0071201896	        0.0666666667	        0.0010064909	        0.0001034853
        0.0728392004	        0.6024188717	        0.9004615848	       -0.0741991840	       29.0382994558	        0.0000997780	        0.0002217807	        0.0003448317	        0.0002211005	        0.0112784107	        0.0070155212	        0.0666666667	        0.0010871799	        0.0001052673
        0.0824300053	        0.6467171732	        0.8948002933	       -0.0886094710	       28.9127551246	        0.0001067324	        0.0003015032	        0.0004675345	        0.0002539601	        0.0123692545	        0.0067252538	        0.0666666667	        0.0011531083	        0.0001062048
        0.0931429507	        0.6885504174	        0.8894530169	       -0.1017755679	       28.7744741756	        0.0001158085	        0.0003980385	        0.0006204988	        0.0002851692	        0.0131784395	        0.0062973362	        0.0666666667	        0.0012055948	        0.0001065137
        0.1050938490	        0.7278254929	        0.8844027952	       -0.1136184771	       28.6223749098	        0.0001272611	        0.0005115237	        0.0008075273	        0.0003151079	        0.0136998010	        0.0057861208	        0.0666666667	        0.0012471347	        0.0001064777
        0.1184065179	        0.7646297665	        0.8796114477	       -0.1237849636	       28.4534713357	        0.0001413325	        0.0006416197	        0.0010306890	        0.0003443022	        0.0139543763	        0.0052389211	        0.0666666667	        0.0012806790	        0.0001063672
        0.1332122955	        0.7991455941	        0.8750248328	       -0.1317784708	       28.2681915826	        0.0001581659	        0.0007875538	        0.0012891877	        0.0003732902	        0.0139769149	        0.0046905890	        0.0666666667	        0.0013091383	        0.0001064014
        0.1496492201	        0.8315907383	        0.8705785962	       -0.1371458978	       28.0644275741	        0.0001778417	        0.0009481212	        0.0015789208	        0.0004025553	        0.0138060485	        0.0041636535	        0.0666666667	        0.0013351202	        0.0001067422
        0.1678608015	        0.8621827964	        0.8662033790	       -0.1395921955	       27.8408020319	        0.0002002827	        0.0011216563	        0.0018926394	        0.0004324583	        0.0134786224	        0.0036708848	        0.0666666667	        0.0013608590	        0.0001075046
        0.1879943127	        0.8911205870	        0.8618282545	       -0.1391268543	       27.5945817227	        0.0002252761	        0.0013059821	        0.0022204171	        0.0004631848	        0.0130271114	        0.0032182547	        0.0666666667	        0.0013882686	        0.0001087738
        0.2101985296	        0.9185758917	        0.8573819595	       -0.1356994718	       27.3245914380	        0.0002524696	        0.0014983484	        0.0025502398	        0.0004947045	        0.0124788847	        0.0028074109	        0.0666666667	        0.0014190503	        0.0001106202
        0.2346208557	        0.9446908566	        0.8527928964	       -0.1294543411	       27.0300887584	        0.0002813209	        0.0016953728	        0.0028686830	        0.0005267500	        0.0118564218	        0.0024374576	        0.0666666667	        0.0014548165	        0.0001131123
        0.2614037844	        0.9695780720	        0.8479881052	       -0.1208856981	       26.7078500957	        0.0003111714	        0.0018930019	        0.0031617053	        0.0005588629	        0.0111779412	        0.0021061279	        0.0666666667	        0.0014972205	        0.0001163273
        0.2906806794	        0.9933215271	        0.8428912709	       -0.1108129812	       26.3571611080	        0.0003413783	        0.0020865210	        0.0034155725	        0.0005904925	        0.0104581654	        0.0018105120	        0.0666666667	        0.0015480876	        0.0001203604
        0.3225708876	        1.0159773449	        0.8374197687	       -0.1001277566	       25.9761295809	        0.0003713208	        0.0022706390	        0.0036178796	        0.0006211030	        0.0097091069	        0.0015474914	        0.0666666667	        0.0016095538	        0.0001253343
        0.3571742551	        1.0375735796	        0.8314809766	       -0.0897229236	       25.5627270767	        0.0004005475	        0.0024396869	        0.0037585890	        0.0006502635	        0.0089408439	        0.0013139967	        0.0666666667	        0.0016842121	        0.0001314087
        0.3945651751	        1.0581085063	        0.8249676776	       -0.0807601842	       25.1154198387	        0.0004289244	        0.0025879688	        0.0038309912	        0.0006777823	        0.0081623134	        0.0011071636	        0.0666666667	        0.0017752683	        0.0001387905
        0.4347863703	        1.0775468026	        0.8177512487	       -0.0737735293	       24.6338623786	        0.0004566190	        0.0027103248	        0.0038325183	        0.0007037412	        0.0073821775	        0.0009244398	        0.0666666667	        0.0018866751	        0.0001477439
        0.4778426900	        1.0958129067	        0.8096749785	       -0.0693654746	       24.1152686627	        0.0004841410	        0.0028029773	        0.0037653966	        0.0007284812	        0.0066098522	        0.0007636739	        0.0666666667	        0.0020231932	        0.0001585960
        0.5236952751	        1.1127807834	        0.8005462614	       -0.0674258799	       23.5622405796	        0.0005122370	        0.0028647679	        0.0036372251	        0.0007525127	        0.0058568064	        0.0006232065	        0.0666666667	        0.0021902650	        0.0001717337
        0.5722565058	        1.1282598657	        0.7901337040	       -0.0677260818	       22.9725552763	        0.0005417220	        0.0028988886	        0.0034616304	        0.0007763702	        0.0051382097	        0.0005019711	        0.0666666667	        0.0023935104	        0.0001875834
        0.6233861842	        1.1419795014	        0.7781751996	       -0.0705005609	       22.3493876867	        0.0005735471	        0.0029150745	        0.0032590884	        0.0008007310	        0.0044748120	        0.0003995870	        0.0666666667	        0.0026375974	        0.0002065633
        0.6768894010	        1.1535816922	        0.7644080457	       -0.0770234512	       21.6935006683	        0.0006090248	        0.0029315869	        0.0030574947	        0.0008269921	        0.0038943231	        0.0003163661	        0.0666666667	        0.0029242305	        0.0002289995
        0.7325164896	        1.1626460534	        0.7486326640	       -0.0882984264	       21.0078119476	        0.0006503728	        0.0029746757	        0.0028907783	        0.0008579791	        0.0034303539	        0.0002530816	        0.0666666667	        0.0032492611	        0.0002550054
        0.7899653716	        1.1687777945	        0.7308148937	       -0.1027695180	       20.2962497344	        0.0006998273	        0.0030715013	        0.0027926769	        0.0008976394	        0.0031162482	        0.0002103652	        0.0666666667	        0.0036000924	        0.0002843633
        0.8488864424	        1.1717463092	        0.7111885282	       -0.1195636925	       19.5649628885	        0.0007588264	        0.0032366680	        0.0027857829	        0.0009496358	        0.0029742261	        0.0001879636	        0.0666666667	        0.0039567248	        0.0003165340
        0.9088899606	        1.1715763134	        0.6902288440	       -0.1387851488	       18.8204452015	        0.0008285134	        0.0034652673	        0.0028740307	        0.0010158739	        0.0030069706	        0.0001844821	        0.0666666667	        0.0042983872	        0.0003508523
        0.9695556872	        1.1685157275	        0.6684850571	       -0.1585125718	       18.0693742985	        0.0009095187	        0.0037424660	        0.0030457915	        0.0010966887	        0.0031984081	        0.0001978257	        0.0666666667	        0.0046109906	        0.0003867337
        1.0304443128	        1.1629084462	        0.6464077197	       -0.1758021339	       17.3191674709	        0.0010008097	        0.0039950366	        0.0032737470	        0.0011882333	        0.0035226459	        0.0002259033	        0.0666666667	        0.0048886550	        0.0004237285
        1.0911100394	        1.1550394460	        0.6243120510	       -0.1894670843	       16.5784727131	        0.0010999786	        0.0042025367	        0.0035378947	        0.0012876495	        0.0039547970	        0.0002673403	        0.0666666667	        0.0051314831	        0.0004615214
        1.1511135576	        1.1451853595	        0.6024365953	       -0.1991839914	       15.8539479181	        0.0012043590	        0.0044064297	        0.0038253856	        0.0013932535	        0.0044702225	        0.0003211275	        0.0666666667	        0.0053417210	        0.0004998064
        1.2100346284	        1.1336548894	        0.5809487961	       -0.2021372706	       15.1503931984	        0.0013104343	        0.0045887061	        0.0041138376	        0.0014999279	        0.0050439853	        0.0003862730	        0.0666666667	        0.0055214604	        0.0005382465
        1.2674835104	        1.1207158882	        0.5599623301	       -0.1968461186	       14.4756604463	        0.0014127108	        0.0047340694	        0.0043843418	        0.0016028996	        0.0056558855	        0.0004621922	        0.0666666667	        0.0056730570	        0.0005765774
        1.3231105990	        1.1065884961	        0.5395687691	       -0.1866612667	       13.8292302533	        0.0015071143	        0.0048314346	        0.0046220038	        0.0016982867	        0.0062906606	        0.0005487376	        0.0666666667	        0.0057995740	        0.0006146464
        1.3766138158	        1.0914482106	        0.5198301422	       -0.1765222148	       13.2158114960	        0.0015933208	        0.0048742034	        0.0048156392	        0.0017845898	        0.0069372870	        0.0006461767	        0.0666666667	        0.0059050294	        0.0006524342
        1.4277434942	        1.0754324609	        0.5007662036	       -0.1649550518	       12.6326209568	        0.0016712029	        0.0048598837	        0.0049571028	        0.0018614737	        0.0075880226	        0.0007551492	        0.0666666667	        0.0059932894	        0.0006899650
        1.4763047249	        1.0586472585	        0.4823736212	       -0.1486989585	       12.0839583002	        0.0017386984	        0.0047893735	        0.0050406302	        0.0019278237	        0.0082375098	        0.0008766263	        0.0666666667	        0.0060670093	        0.0007272035
        1.5221573100	        1.0411726077	        0.4646425461	       -0.1268795732	       11.5677656662	        0.0017946748	        0.0046662029	        0.0050624906	        0.0019819893	        0.0088820335	        0.0010118797	        0.0666666667	        0.0061277073	        0.0007640430
        1.5652136297	        1.0230665836	        0.4475572250	       -0.0978811235	       11.0837797408	        0.0018374245	        0.0044958554	        0.0050209328	        0.0020223215	        0.0095189285	        0.0011624615	        0.0666666667	        0.0061762259	        0.0008003374
        1.6054348249	        1.0043683351	        0.4310980564	       -0.0640416694	       10.6302320334	        0.0018665819	        0.0042851392	        0.0049162611	        0.0020477766	        0.0101461011	        0.0013301923	        0.0666666667	        0.0062131046	        0.0008359348
        1.6428257449	        0.9851003065	        0.4152328228	       -0.0240722355	       10.2041227417	        0.0018815504	        0.0040416556	        0.0047509726	        0.0020579975	        0.0107616301	        0.0015171542	        0.0666666667	        0.0062386245	        0.0008706813
        1.6774291124	        0.9652698698	        0.3999206444	        0.0227324069	        9.8055538683	        0.0018819999	        0.0037732961	        0.0045297807	        0.0020527161	        0.0113634219	        0.0017256861	        0.0666666667	        0.0062526412	        0.0009043969
        1.7093193206	        0.9448704144	        0.3851139294	        0.0801109624	        9.4314539488	        0.0018676985	        0.0034878254	        0.0042595148	        0.0020314925	        0.0119488989	        0.0019583779	        0.0666666667	        0.0062545291	        0.0009368608
        1.7385962156	        0.9238819219	        0.3707657934	        0.1484930319	        9.0796674632	        0.0018378701	        0.0031925368	        0.0039488229	        0.0019938274	        0.0125147033	        0.0022180597	        0.0666666667	        0.0062432988	        0.0009678161
        1.7653791443	        0.9022710416	        0.3568298193	        0.2268466662	        8.7490833545	        0.0017929712	        0.0028940228	        0.0036077258	        0.0019398178	        0.0130563972	        0.0025077805	        0.0666666667	        0.0062178060	        0.0009969932
        1.7898014704	        0.8799907414	        0.3432584119	        0.3139244766	        8.4372827354	        0.0017340245	        0.0025980362	        0.0032470384	        0.0018702094	        0.0135681427	        0.0028307637	        0.0666666667	        0.0061768287	        0.0010241184
        1.8120056873	        0.8569795482	        0.3300021253	        0.4082339796	        8.1433500667	        0.0016627300	        0.0023094256	        0.0028777256	        0.0017862437	        0.0140423501	        0.0031903216	        0.0666666667	        0.0061190410	        0.0010489088
        1.8321391985	        0.8331604040	        0.3170095774	        0.5067344786	        7.8647547193	        0.0015806312	        0.0020321353	        0.0025102808	        0.0016896088	        0.0144692849	        0.0035896999	        0.0666666667	        0.0060429515	        0.0010710602
        1.8503507799	        0.8084392340	        0.3042263035	        0.6054824488	        7.6008433237	        0.0014901015	        0.0017692584	        0.0021542057	        0.0015823957	        0.0148366327	        0.0040318003	        0.0666666667	        0.0059468129	        0.0010902279
        1.8667877045	        0.7827034471	        0.2915938294	        0.6993446674	        7.3510098131	        0.0013944286	        0.0015231233	        0.0018176411	        0.0014669717	        0.0151290354	        0.0045187056	        0.0666666667	        0.0058284956	        0.0011059945
        1.8815934821	        0.7558207636	        0.2790490672	        0.7826969725	        7.1148196187	        0.0012966893	        0.0012953961	        0.0015071592	        0.0013458231	        0.0153276470	        0.0050508991	        0.0666666667	        0.0056853538	        0.0011178243
        1.8949061510	        0.7276390629	        0.2665255138	        0.8497652461	        6.8914496875	        0.0011998669	        0.0010871844	        0.0012276873	        0.0012213869	        0.0154098181	        0.0056260410	        0.0666666667	        0.0055141412	        0.0011250097
        1.9068570493	        0.6979884081	        0.2539574994	        0.8949050372	        6.6790709392	        0.0011064073	        0.0008991306	        0.0009824865	        0.0010959691	        0.0153491253	        0.0062371682	        0.0666666667	        0.0053110977	        0.0011266280
        1.9175699947	        0.6666871532	        0.2412884468	        0.9122338658	        6.4800677082	        0.0010200924	        0.0007314904	        0.0007730903	        0.0009717986	        0.0151161320	        0.0068702617	        0.0666666667	        0.0050723674	        0.0011215502
        1.9271607996	        0.6335551391	        0.2284818670	        0.8974625991	        6.2931124791	        0.0009426994	        0.0005841967	        0.0005991600	        0.0008510711	        0.0146804884	        0.0075013821	        0.0666666667	        0.0047948659	        0.0011085501
        1.9357370589	        0.5984383507	        0.2155322040	        0.8461990928	        6.1171606562	        0.0008756742	        0.0004569074	        0.0004583687	        0.0007358403	        0.0140151903	        0.0080941362	        0.0666666667	        0.0044775160	        0.0010865472
        1.9433981504	        0.5612502368	        0.2024663028	        0.7555537686	        5.9546845236	        0.0008211335	        0.0003490343	        0.0003466141	        0.0006276136	        0.0131037528	        0.0085991886	        0.0666666667	        0.0041223985	        0.0010549411
        1.9502353978	        0.5220328350	        0.1893328174	        0.6196107283	        5.8027395551	        0.0007790255	        0.0002597383	        0.0002588078	        0.0005269724	        0.0119501853	        0.0089585781	        0.0666666667	        0.0037352196	        0.0010139151
        1.9563323538	        0.4810314564	        0.1761844244	        0.4361435089	        5.6628356958	        0.0007501571	        0.0001878794	        0.0001900579	        0.0004337585	        0.0105893159	        0.0091175152	        0.0666666667	        0.0033249764	        0.0009646258
        1.9617651675	        0.4387572612	        0.1630742794	        0.1984284266	        5.5336633714	        0.0007345755	        0.0001319370	        0.0001365619	        0.0003480302	        0.0090916110	        0.0090429638	        0.0666666667	        0.0029033767	        0.0009093443
        1.9666030060	        0.3959921391	        0.1500654044	       -0.0960562680	        5.4151717762	        0.0007320003	        0.0000899653	        0.0000956686	        0.0002708600	        0.0075554058	        0.0087412591	        0.0666666667	        0.0024842549	        0.0008515710
        1.9709085097	        0.3536979186	        0.1372435294	       -0.4474003744	        5.3080646999	        0.0007420480	        0.0000596637	        0.0000653203	        0.0002040034	        0.0060851573	        0.0082622414	        0.0666666667	        0.0020823646	        0.0007959013
        1.9747382607	        0.3128453266	        0.1247138949	       -0.8593648041	        5.2104581069	        0.0007638883	        0.0000385855	        0.0000435591	        0.0001488205	        0.0047652622	        0.0076838174	        0.0666666667	        0.0017111602	        0.0007473637
        1.9781432525	        0.2742396862	        0.1125809176	       -1.3365626316	        5.1217388802	        0.0007971335	        0.0000244177	        0.0000284740	        0.0001055486	        0.0036437532	        0.0070819842	        0.0666666667	        0.0013804399	        0.0007092518
        1.9811693494	        0.2384206523	        0.1009285318	       -1.8726885308	        5.0418813146	        0.0008404784	        0.0000151857	        0.0000183389	        0.0000732329	        0.0027319352	        0.0065036411	        0.0666666667	        0.0010950807	        0.0006810604
        1.9838577298	        0.2056529580	        0.0898130579	       -2.4532029782	        4.9709826835	        0.0008918658	        0.0000093107	        0.0000116687	        0.0000499122	        0.0020147638	        0.0059744135	        0.0666666667	        0.0008552192	        0.0006617209
        1.9862453073	        0.1759787683	        0.0792661615	       -3.0746160392	        4.9083889492	        0.0009500427	        0.0000056304	        0.0000073210	        0.0000333933	        0.0014639427	        0.0055099604	        0.0666666667	        0.0006576345	        0.0006516474
        1.9883651267	        0.1492917669	        0.0693008959	       -3.7374578830	        4.8530855751	        0.0010141149	        0.0000033515	        0.0000045056	        0.0000218366	        0.0010480458	        0.0051165077	        0.0666666667	        0.0004974198	        0.0006519688
        1.9902467340	        0.1254022758	        0.0599183254	       -4.4308415873	        4.8041858105	        0.0010825894	        0.0000019556	        0.0000027011	        0.0000138653	        0.0007380965	        0.0047923810	        0.0666666667	        0.0003692162	        0.0006638162
        1.9919165179	        0.1040827062	        0.0511133569	       -5.1371106431	        4.7609254917	        0.0011537782	        0.0000011116	        0.0000015642	        0.0000084780	        0.0005097162	        0.0045311700	        0.0666666667	        0.0002679020	        0.0006882104
        1.9933980257	        0.0850954524	        0.0428779220	       -5.8406789746	        4.7226391720	        0.0012260452	        0.0000006098	        0.0000008661	        0.0000049409	        0.0003433872	        0.0043244437	        0.0666666667	        0.0001888991	        0.0007262313
        1.9947122508	        0.0682085503	        0.0352017808	       -6.5290778343	        4.6887448190	        0.0012979458	        0.0000003185	        0.0000004524	        0.0000027072	        0.0002239065	        0.0041634386	        0.0666666667	        0.0001282653	        0.0007792918
        1.9958778967	        0.0532036995	        0.0280723602	       -7.1928163900	        4.6587318636	        0.0013682874	        0.0000001552	        0.0000002185	        0.0000013670	        0.0001396072	        0.0040399250	        0.0666666667	        0.0000826814	        0.0008495109
        1.9969116151	        0.0398798099	        0.0214744422	       -7.8250630999	        4.6321513793	        0.0014361405	        0.0000000683	        0.0000000945	        0.0000006159	        0.0000816048	        0.0039465643	        0.0666666667	        0.0000493928	        0.0009403120
        1.9978282231	        0.0280540411	        0.0153900302	       -8.4212536291	        4.6086079116	        0.0015008231	        0.0000000256	        0.0000000345	        0.0000002335	        0.0000431583	        0.0038769845	        0.0666666667	        0.0000261374	        0.0010575923
        1.9986408981	        0.0175614966	        0.0097984640	       -8.9786881797	        4.5877526063	        0.0015618704	        0.0000000071	        0.0000000094	        0.0000000656	        0.0000191615	        0.0038257010	        0.0666666667	        0.0000110767	        0.0012125040
        1.9993613540	        0.0082542387	        0.0046767447	       -9.4961532662	        4.5692773732	        0.0016190013	        0.0000000010	        0.0000000013	        0.0000000093	        0.0000057496	        0.0037879225	        0.0666666667	        0.0000027402	        0.0014300265
        2.0000000000	        0.0000000000	        0.0000000000	       -9.9735852991	        4.5529098873	        0.0016720830	        0.0000000000	        0.0000000000	        0.0000000000	        0.0000000000	        0.0037591415	        0.0000000000	        0.0000000000	        0.0017915779
