        0.0000000000	        0.0000000000	        1.0000000000	        4.4686621900	       26.4015750624	        0.0000000000	        0.0000000000	        0.0000000000	        0.0000000000	        0.0000000000	        0.1456678667	        0.0000000000	        0.0000000000	        0.0002881843
        0.0006386460	        0.0170373121	        0.9971139812	        4.3487270552	       26.3932327327	        0.0000000000	        0.0000000781	        0.0000000149	        0.0000000669	        0.0001722987	        0.1120559826	        0.0666666667	        0.0000003409	        0.0002036723
        0.0013591019	        0.0362309117	        0.9939291637	        4.2170209417	       26.3839769620	        0.0000000000	        0.0000005747	        0.0000001049	        0.0000004589	        0.0005253479	        0.0879434438	        0.0666666667	        0.0000013026	        0.0001654979
        0.0021717769	        0.0578036690	        0.9904254166	        4.0729242080	       26.3737182170	        0.0000000000	        0.0000021284	        0.0000003667	        0.0000015612	        0.0010804019	        0.0716656608	        0.0666666667	        0.0000029789	        0.0001451492
        0.0030883849	        0.0819334210	        0.9865850312	        3.9159344298	       26.3623561783	        0.0000000000	        0.0000058454	        0.0000009307	        0.0000038417	        0.0018630630	        0.0608721753	        0.0666666667	        0.0000055086	        0.0001347189
        0.0041221033	        0.1086846470	        0.9823942023	        3.7457144936	       26.3497755624	        0.0000000000	        0.0000135093	        0.0000019494	        0.0000077654	        0.0028986814	        0.0538633875	        0.0666666667	        0.0000090611	        0.0001308503
        0.0052877492	        0.1379114412	        0.9778445647	        3.5621469667	       26.3358393667	        0.0000000000	        0.0000277547	        0.0000035804	        0.0000136901	        0.0042019825	        0.0494537213	        0.0666666667	        0.0000138182	        0.0001316624
        0.0066019743	        0.1691643838	        0.9729345851	        3.3653918133	       26.3203781122	        0.0000000000	        0.0000520574	        0.0000059706	        0.0000217788	        0.0057608662	        0.0467401470	        0.0666666667	        0.0000199469	        0.0001358068
        0.0080834821	        0.2016769243	        0.9676706295	        3.1559415638	       26.3031729585	        0.0000000000	        0.0000903867	        0.0000092449	        0.0000319553	        0.0075208414	        0.0449859518	        0.0666666667	        0.0000275654	        0.0001421292
        0.0097532660	        0.2345020715	        0.9620675885	        2.9346633921	       26.2839295386	        0.0000000000	        0.0001464817	        0.0000135047	        0.0000439150	        0.0093842219	        0.0436324596	        0.0666666667	        0.0000367065	        0.0001496074
        0.0116348733	        0.2667639336	        0.9561490820	        2.7028103644	       26.2622378851	        0.0000000000	        0.0002229920	        0.0000188424	        0.0000572053	        0.0112332177	        0.0423352103	        0.0666666667	        0.0000472900	        0.0001574164
        0.0137546927	        0.2978659678	        0.9499475785	        2.4620136453	       26.2375541849	        0.0000000000	        0.0003211357	        0.0000253934	        0.0000713982	        0.0129647029	        0.0409147805	        0.0666666667	        0.0000591137	        0.0001648892
        0.0161422702	        0.3275367987	        0.9435049529	        2.2145088401	       26.2095081015	        0.0000000000	        0.0004411220	        0.0000334193	        0.0000862755	        0.0145126288	        0.0392910001	        0.0666666667	        0.0000718641	        0.0001713519
        0.0188306506	        0.3557529294	        0.9368734750	        1.9630023494	       26.1779334030	        0.0000000000	        0.0005826204	        0.0000433753	        0.0001018566	        0.0158493774	        0.0374625293	        0.0666666667	        0.0000851350	        0.0001761227
        0.0218567475	        0.3826365400	        0.9301163646	        1.7107491188	       26.1425262252	        0.0000000000	        0.0007449576	        0.0000559467	        0.0001182872	        0.0169752370	        0.0354774602	        0.0666666667	        0.0000984439	        0.0001786319
        0.0252617393	        0.4083781970	        0.9233069469	        1.4614894745	       26.1026938443	        0.0000000000	        0.0009271996	        0.0000720809	        0.0001357080	        0.0179063719	        0.0333985825	        0.0666666667	        0.0001112533	        0.0001784831
        0.0290914903	        0.4331903702	        0.9165257250	        1.2194754208	       26.0578770307	        0.0000000000	        0.0011281802	        0.0000930259	        0.0001541594	        0.0186658014	        0.0312838227	        0.0666666667	        0.0001230080	        0.0001754818
        0.0333969940	        0.4572834229	        0.9098551441	        0.9891663642	       26.0075175618	        0.0000000000	        0.0013465133	        0.0001203752	        0.0001735450	        0.0192778995	        0.0291793617	        0.0666666667	        0.0001332003	        0.0001696700
        0.0382348325	        0.4808548710	        0.9033723599	        0.7747921527	       25.9507922667	        0.0000000000	        0.0015806222	        0.0001561136	        0.0001936674	        0.0197655042	        0.0271190193	        0.0666666667	        0.0001414598	        0.0001613577
        0.0436676462	        0.5040854316	        0.8971410572	        0.5801227160	       25.8875423428	        0.0000000000	        0.0018288060	        0.0002026554	        0.0002143265	        0.0201486219	        0.0251260285	        0.0666666667	        0.0001476450	        0.0001511193
        0.0497646022	        0.5271380507	        0.8912041629	        0.4080974995	       25.8170305217	        0.0000000000	        0.0020893462	        0.0002628562	        0.0002354466	        0.0204439942	        0.0232153682	        0.0666666667	        0.0001518983	        0.0001397279
        0.0566018496	        0.5501578851	        0.8855794021	        0.2603696581	       25.7378958728	        0.0000000000	        0.0023606458	        0.0003399772	        0.0002571786	        0.0206650879	        0.0213959210	        0.0666666667	        0.0001546327	        0.0001280309
        0.0642629411	        0.5732722671	        0.8802588051	        0.1371776880	       25.6503677716	        0.0000000000	        0.0026413787	        0.0004375752	        0.0002799349	        0.0208222692	        0.0196722321	        0.0666666667	        0.0001564465	        0.0001168036
        0.0728392004	        0.5965902809	        0.8752120230	        0.0375672660	       25.5526071604	        0.0000000000	        0.0029306219	        0.0005592992	        0.0003043353	        0.0209230459	        0.0180458570	        0.0666666667	        0.0001579988	        0.0001066333
        0.0824300053	        0.6202019512	        0.8703922036	       -0.0403730466	       25.4442693378	        0.0000000000	        0.0032279300	        0.0007085890	        0.0003310879	        0.0209723357	        0.0165163516	        0.0666666667	        0.0001598939	        0.0000978695
        0.0931429507	        0.6441772707	        0.8657425050	       -0.0990722265	       25.3261600301	        0.0000000000	        0.0035333217	        0.0008882907	        0.0003608492	        0.0209727505	        0.0150819767	        0.0666666667	        0.0001626080	        0.0000906372
        0.1050938490	        0.6685654310	        0.8612017335	       -0.1410818521	       25.1951905321	        0.0000000000	        0.0038471519	        0.0011002232	        0.0003940998	        0.0209249056	        0.0137401799	        0.0666666667	        0.0001664667	        0.0000848922
        0.1184065179	        0.6933946384	        0.8567083473	       -0.1688582978	       25.0511779107	        0.0000000000	        0.0041698715	        0.0013447373	        0.0004310585	        0.0208277595	        0.0124879084	        0.0666666667	        0.0001716584	        0.0000804848
        0.1332122955	        0.7186727913	        0.8522027165	       -0.1845946293	       24.8947477323	        0.0000000000	        0.0045016981	        0.0016203161	        0.0004716340	        0.0206789821	        0.0113217973	        0.0666666667	        0.0001782650	        0.0000772151
        0.1496492201	        0.7443890735	        0.8476280549	       -0.1903373094	       24.7230552523	        0.0000000000	        0.0048422494	        0.0019232725	        0.0005154156	        0.0204753347	        0.0102382730	        0.0666666667	        0.0001862953	        0.0000748709
        0.1678608015	        0.7705162508	        0.8429303261	       -0.1878776199	       24.5365634976	        0.0000000000	        0.0051901985	        0.0022476138	        0.0005616925	        0.0202130365	        0.0092336043	        0.0666666667	        0.0001957122	        0.0000732503
        0.1879943127	        0.7970132405	        0.8380577543	       -0.1789715711	       24.3334186446	        0.0000000000	        0.0055430046	        0.0025851361	        0.0006095011	        0.0198880922	        0.0083039295	        0.0666666667	        0.0002064532	        0.0000721727
        0.2101985296	        0.8238274489	        0.8329599911	       -0.1652329919	       24.1136419568	        0.0000000000	        0.0058967496	        0.0029257894	        0.0006576989	        0.0194965652	        0.0074452807	        0.0666666667	        0.0002184445	        0.0000714830
        0.2346208557	        0.8508964593	        0.8275873231	       -0.1480444184	       23.8765601157	        0.0000000000	        0.0062460818	        0.0032582963	        0.0007050299	        0.0190347960	        0.0066536141	        0.0666666667	        0.0002316100	        0.0000710517
        0.2614037844	        0.8781488440	        0.8218902156	       -0.1288053000	       23.6213211751	        0.0000000000	        0.0065842496	        0.0035709458	        0.0007502152	        0.0184995800	        0.0059248527	        0.0666666667	        0.0002458809	        0.0000707748
        0.2906806794	        0.9055040711	        0.8158187116	       -0.1089100704	       23.3466976237	        0.0000000000	        0.0069032028	        0.0038524315	        0.0007920848	        0.0178883272	        0.0052549368	        0.0666666667	        0.0002612091	        0.0000705732
        0.3225708876	        0.9328716018	        0.8093214550	       -0.0893231232	       23.0516661923	        0.0000000000	        0.0071937539	        0.0040926042	        0.0008296534	        0.0171992301	        0.0046398805	        0.0666666667	        0.0002775808	        0.0000703926
        0.3571742551	        0.9601492808	        0.8023450922	       -0.0707072702	       22.7365190709	        0.0000000000	        0.0074458089	        0.0042830225	        0.0008621301	        0.0164314644	        0.0040758297	        0.0666666667	        0.0002950327	        0.0000702017
        0.3945651751	        0.9872210436	        0.7948337296	       -0.0536177817	       22.4000718823	        0.0000000000	        0.0076486963	        0.0044172435	        0.0008889486	        0.0155854479	        0.0035591226	        0.0666666667	        0.0003136795	        0.0000699930
        0.4347863703	        1.0139538049	        0.7867277123	       -0.0384073413	       22.0429966008	        0.0000000000	        0.0077916377	        0.0044908690	        0.0009097904	        0.0146631895	        0.0030863536	        0.0666666667	        0.0003337593	        0.0000697855
        0.4778426900	        1.0401931710	        0.7779617385	       -0.0258093658	       21.6647868917	        0.0000000000	        0.0078644142	        0.0045014425	        0.0009247041	        0.0136687751	        0.0026544489	        0.0666666667	        0.0003557059	        0.0000696306
        0.5236952751	        1.0657573132	        0.7684594266	       -0.0162966045	       21.2654469513	        0.0000000000	        0.0078583058	        0.0044483672	        0.0009342007	        0.0126090709	        0.0022607637	        0.0666666667	        0.0003802290	        0.0000696163
        0.5722565058	        1.0904278944	        0.7581259804	       -0.0096130371	       20.8453828770	        0.0000000000	        0.0077674136	        0.0043330558	        0.0009390555	        0.0114947764	        0.0019032184	        0.0666666667	        0.0004083570	        0.0000698608
        0.6233861842	        1.1139363483	        0.7468424271	       -0.0059828290	       20.4055482184	        0.0000000000	        0.0075905386	        0.0041594930	        0.0009402472	        0.0103420439	        0.0015805008	        0.0666666667	        0.0004414496	        0.0000705032
        0.6768894010	        1.1359432574	        0.7344571052	       -0.0049877000	       19.9486772603	        0.0000000000	        0.0073338465	        0.0039354307	        0.0009388548	        0.0091749726	        0.0012923625	        0.0666666667	        0.0004811250	        0.0000716897
        0.7325164896	        1.1560090483	        0.7207857937	       -0.0071212524	       19.4751739858	        0.0000000000	        0.0070144852	        0.0036743692	        0.0009361335	        0.0080292820	        0.0010400263	        0.0666666667	        0.0005290270	        0.0000735586
        0.7899653716	        1.1735590621	        0.7056205180	       -0.0122642218	       18.9870303621	        0.0000000000	        0.0066646367	        0.0033982232	        0.0009336808	        0.0069569717	        0.0008266387	        0.0666666667	        0.0005862493	        0.0000762258
        0.8488864424	        1.1878627385	        0.6887784859	       -0.0203889258	       18.4882289124	        0.0000000000	        0.0063330725	        0.0031394386	        0.0009337532	        0.0060298782	        0.0006574733	        0.0666666667	        0.0006522608	        0.0000797870
        0.9088899606	        1.1980787509	        0.6702087935	       -0.0314492950	       17.9813080552	        0.0000000000	        0.0060770549	        0.0029390871	        0.0009400828	        0.0053361481	        0.0005392728	        0.0666666667	        0.0007236622	        0.0000843767
        0.9695556872	        1.2034244652	        0.6501356994	       -0.0429647002	       17.4698256985	        0.0000000000	        0.0059407507	        0.0028371063	        0.0009571227	        0.0049620302	        0.0004783387	        0.0666666667	        0.0007936296	        0.0000901988
        1.0304443128	        1.2034244652	        0.6291513080	       -0.0538604675	       16.9566770293	        0.0000000000	        0.0059407507	        0.0028581109	        0.0009877403	        0.0049620302	        0.0004783387	        0.0666666667	        0.0008539324	        0.0000973920
        1.0911100394	        1.1980787509	        0.6080762053	       -0.0649541788	       16.4458649073	        0.0000000000	        0.0060770549	        0.0030039680	        0.0010321818	        0.0053361481	        0.0005392728	        0.0666666667	        0.0008995637	        0.0001058173
        1.1511135576	        1.1878627385	        0.5876391153	       -0.0752526836	       15.9421459334	        0.0000000000	        0.0063330725	        0.0032528928	        0.0010876623	        0.0060298782	        0.0006574733	        0.0666666667	        0.0009311731	        0.0001151000
        1.2100346284	        1.1735590621	        0.5682662866	       -0.0840250620	       15.4466071502	        0.0000000000	        0.0066646367	        0.0035655382	        0.0011494818	        0.0069569717	        0.0008266387	        0.0666666667	        0.0009530559	        0.0001249474
        1.2674835104	        1.1560090483	        0.5500830905	       -0.0890781936	       14.9643646244	        0.0000000000	        0.0070144852	        0.0038992256	        0.0012131933	        0.0080292820	        0.0010400263	        0.0666666667	        0.0009696677	        0.0001352810
        1.3231105990	        1.1359432574	        0.5330502471	       -0.0896306985	       14.4979458424	        0.0000000000	        0.0073338465	        0.0042187020	        0.0012750511	        0.0091749726	        0.0012923625	        0.0666666667	        0.0009836528	        0.0001461043
        1.3766138158	        1.1139363483	        0.5170719241	       -0.0854432548	       14.0475467207	        0.0000000000	        0.0075905386	        0.0044989555	        0.0013319975	        0.0103420439	        0.0015805008	        0.0666666667	        0.0009958959	        0.0001573929
        1.4277434942	        1.0904278944	        0.5020498198	       -0.0767994759	       13.6159031643	        0.0000000000	        0.0077674136	        0.0047236129	        0.0013815194	        0.0114947764	        0.0019032184	        0.0666666667	        0.0010062741	        0.0001690735
        1.4763047249	        1.0657573132	        0.4878989203	       -0.0634732955	       13.2045536376	        0.0000000000	        0.0078583058	        0.0048824852	        0.0014215373	        0.0126090709	        0.0022607637	        0.0666666667	        0.0010143388	        0.0001810525
        1.5221573100	        1.0401931710	        0.4745502090	       -0.0457093925	       12.8139229508	        0.0000000000	        0.0078644142	        0.0049696341	        0.0014503740	        0.0136687751	        0.0026544489	        0.0666666667	        0.0010197677	        0.0001932619
        1.5652136297	        1.0139538049	        0.4619450381	       -0.0245977511	       12.4441707809	        0.0000000000	        0.0077916377	        0.0049821891	        0.0014670754	        0.0146631895	        0.0030863536	        0.0666666667	        0.0010226293	        0.0002057115
        1.6054348249	        0.9872210436	        0.4500264176	       -0.0011035408	       12.0961153054	        0.0000000000	        0.0076486963	        0.0049198181	        0.0014715076	        0.0155854479	        0.0035591226	        0.0666666667	        0.0010234183	        0.0002185161
        1.6428257449	        0.9601492808	        0.4387339048	        0.0244170768	       11.7674223652	        0.0000000000	        0.0074458089	        0.0047846421	        0.0014640698	        0.0164314644	        0.0040758297	        0.0666666667	        0.0010229404	        0.0002318982
        1.6774291124	        0.9328716018	        0.4280027285	        0.0516279861	       11.4596875706	        0.0000000000	        0.0071937539	        0.0045813543	        0.0014454526	        0.0171992301	        0.0046398805	        0.0666666667	        0.0010221968	        0.0002461881
        1.7093193206	        0.9055040711	        0.4177639603	        0.0788613916	       11.1716618278	        0.0000000000	        0.0069032028	        0.0043173287	        0.0014167682	        0.0178883272	        0.0052549368	        0.0666666667	        0.0010223343	        0.0002618402
        1.7385962156	        0.8781488440	        0.4079423370	        0.1045047214	       10.9020840378	        0.0000000000	        0.0065842496	        0.0040025638	        0.0013796108	        0.0184995800	        0.0059248527	        0.0666666667	        0.0010246045	        0.0002794515
        1.7653791443	        0.8508964593	        0.3984557982	        0.1263846891	       10.6517899590	        0.0000000000	        0.0062460818	        0.0036493315	        0.0013359023	        0.0190347960	        0.0066536141	        0.0666666667	        0.0010303158	        0.0002997793
        1.7898014704	        0.8238274489	        0.3892146905	        0.1418675061	       10.4190870964	        0.0000000000	        0.0058967496	        0.0032714864	        0.0012877963	        0.0194965652	        0.0074452807	        0.0666666667	        0.0010407945	        0.0003237610
        1.8120056873	        0.7970132405	        0.3801207281	        0.1484651244	       10.2032769937	        0.0000000000	        0.0055430046	        0.0028834906	        0.0012374620	        0.0198880922	        0.0083039295	        0.0666666667	        0.0010573356	        0.0003525322
        1.8321391985	        0.7705162508	        0.3710665540	        0.1436965393	       10.0036142237	        0.0000000000	        0.0051901985	        0.0024992911	        0.0011868309	        0.0202130365	        0.0092336043	        0.0666666667	        0.0010811367	        0.0003874371
        1.8503507799	        0.7443890735	        0.3619354201	        0.1246992919	        9.8193750613	        0.0000000000	        0.0048422494	        0.0021312370	        0.0011374391	        0.0204753347	        0.0102382730	        0.0666666667	        0.0011132026	        0.0004300230
        1.8667877045	        0.7186727913	        0.3526006159	        0.0887065713	        9.6502992330	        0.0000000000	        0.0045016981	        0.0017892232	        0.0010902871	        0.0206789821	        0.0113217973	        0.0666666667	        0.0011541873	        0.0004819918
        1.8815934821	        0.6933946384	        0.3429259140	        0.0328421693	        9.4956239421	        0.0000000000	        0.0041698715	        0.0014801968	        0.0010457166	        0.0208277595	        0.0124879084	        0.0666666667	        0.0012041463	        0.0005450739
        1.8949061510	        0.6685654310	        0.3327675053	       -0.0459042735	        9.3544741799	        0.0000000000	        0.0038471519	        0.0012080667	        0.0010033692	        0.0209249056	        0.0137401799	        0.0666666667	        0.0012621904	        0.0006207805
        1.9068570493	        0.6441772707	        0.3219784180	       -0.1510318482	        9.2252316920	        0.0000000000	        0.0035333217	        0.0009739739	        0.0009622471	        0.0209727505	        0.0150819767	        0.0666666667	        0.0013260657	        0.0007099945
        1.9175699947	        0.6202019512	        0.3104160169	       -0.2835951311	        9.1087378428	        0.0000000000	        0.0032279300	        0.0007768126	        0.0009207624	        0.0209723357	        0.0165163516	        0.0666666667	        0.0013917428	        0.0008123872
        1.9271607996	        0.5965902809	        0.2979563540	       -0.4451619265	        9.0034034342	        0.0000000000	        0.0029306219	        0.0006138635	        0.0008769941	        0.0209230459	        0.0180458570	        0.0666666667	        0.0014532232	        0.0009257576
        1.9357370589	        0.5732722671	        0.2845109719	       -0.6361220738	        8.9081001390	        0.0000000000	        0.0026413787	        0.0004814224	        0.0008291597	        0.0208222692	        0.0196722321	        0.0666666667	        0.0015028240	        0.0010455197
        1.9433981504	        0.5501578851	        0.2700452766	       -0.8509627513	        8.8232761667	        0.0000000000	        0.0023606458	        0.0003753401	        0.0007759683	        0.0206650879	        0.0213959210	        0.0666666667	        0.0015321102	        0.0011646408
        1.9502353978	        0.5271380507	        0.2545976931	       -1.0886083351	        8.7468884348	        0.0000000000	        0.0020893462	        0.0002914330	        0.0007171098	        0.0204439942	        0.0232153682	        0.0666666667	        0.0015334868	        0.0012743669
        1.9563323538	        0.5040854316	        0.2382843724	       -1.3396649876	        8.6789638192	        0.0000000000	        0.0018288060	        0.0002257606	        0.0006534297	        0.0201486219	        0.0251260285	        0.0666666667	        0.0015019979	        0.0013657248
        1.9617651675	        0.4808548710	        0.2212965425	       -1.5992965726	        8.6183644223	        0.0000000000	        0.0015806222	        0.0001747861	        0.0005867430	        0.0197655042	        0.0271190193	        0.0666666667	        0.0014366417	        0.0014313752
        1.9666030060	        0.4572834229	        0.2038802649	       -1.8593835019	        8.5644303868	        0.0000000000	        0.0013465133	        0.0001354479	        0.0005194182	        0.0192778995	        0.0291793617	        0.0666666667	        0.0013406393	        0.0014671313
        1.9709085097	        0.4331903702	        0.1863095682	       -2.1112707491	        8.5169151168	        0.0000000000	        0.0011281802	        0.0001051688	        0.0004537516	        0.0186658014	        0.0312838227	        0.0666666667	        0.0012205455	        0.0014725447
        1.9747382607	        0.4083781970	        0.1688578811	       -2.3529765431	        8.4746467003	        0.0000000000	        0.0009271996	        0.0000818289	        0.0003915126	        0.0179063719	        0.0333985825	        0.0666666667	        0.0010846821	        0.0014505107
        1.9781432525	        0.3826365400	        0.1517718344	       -2.5817200659	        8.4369288503	        0.0000000000	        0.0007449576	        0.0000637210	        0.0003336920	        0.0169752370	        0.0354774602	        0.0666666667	        0.0009415324	        0.0014062470
        1.9811693494	        0.3557529294	        0.1352555895	       -2.7941506816	        8.4034642976	        0.0000000000	        0.0005826204	        0.0000495028	        0.0002804984	        0.0158493774	        0.0374625293	        0.0666666667	        0.0007985875	        0.0013461820
        1.9838577298	        0.3275367987	        0.1194653722	       -2.9871200434	        8.3741569763	        0.0000000000	        0.0004411220	        0.0000381531	        0.0002316152	        0.0145126288	        0.0392910001	        0.0666666667	        0.0006617971	        0.0012771564
        1.9862453073	        0.2978659678	        0.1045117038	       -3.1610979871	        8.3484697112	        0.0000000000	        0.0003211357	        0.0000289363	        0.0001866003	        0.0129647029	        0.0409147805	        0.0666666667	        0.0005354898	        0.0012059818
        1.9883651267	        0.2667639336	        0.0904658638	       -3.3183690732	        8.3256942069	        0.0000000000	        0.0002229920	        0.0000213725	        0.0001453165	        0.0112332177	        0.0423352103	        0.0666666667	        0.0004225299	        0.0011389758
        1.9902467340	        0.2345020715	        0.0773683298	       -3.4603130765	        8.3054107506	        0.0000000000	        0.0001464817	        0.0000151979	        0.0001082203	        0.0093842219	        0.0436324596	        0.0666666667	        0.0003245200	        0.0010812332
        1.9919165179	        0.2016769243	        0.0652365073	       -3.5874621071	        8.2874380072	        0.0000000000	        0.0000903867	        0.0000102858	        0.0000762266	        0.0075208414	        0.0449859518	        0.0666666667	        0.0002419607	        0.0010368739
        1.9933980257	        0.1691643838	        0.0540695288	       -3.7006658642	        8.2715841644	        0.0000000000	        0.0000520574	        0.0000065446	        0.0000501817	        0.0057608662	        0.0467401470	        0.0666666667	        0.0001744080	        0.0010105359
        1.9947122508	        0.1379114412	        0.0438504754	       -3.8010175319	        8.2576426564	        0.0000000000	        0.0000277547	        0.0000038559	        0.0000304259	        0.0042019825	        0.0494537213	        0.0666666667	        0.0001207017	        0.0010080616
        1.9958778967	        0.1086846470	        0.0345479712	       -3.8897053238	        8.2454080085	        0.0000000000	        0.0000135093	        0.0000020599	        0.0000166471	        0.0028986814	        0.0538633875	        0.0666666667	        0.0000792507	        0.0010364886
        1.9969116151	        0.0819334210	        0.0261183599	       -3.9679208728	        8.2346849815	        0.0000000000	        0.0000058454	        0.0000009657	        0.0000079606	        0.0018630630	        0.0608721753	        0.0666666667	        0.0000483127	        0.0011049925
        1.9978282231	        0.0578036690	        0.0185086649	       -4.0368053403	        8.2252933684	        0.0000000000	        0.0000021284	        0.0000003747	        0.0000031400	        0.0010804019	        0.0716656608	        0.0666666667	        0.0000262151	        0.0012280480
        1.9986408981	        0.0362309117	        0.0116599974	       -4.0974201785	        8.2170700355	        0.0000000000	        0.0000005747	        0.0000001060	        0.0000009008	        0.0005253479	        0.0879434438	        0.0666666667	        0.0000115015	        0.0014337962
        1.9993613540	        0.0170373121	        0.0055108766	       -4.1507336960	        8.2098692682	        0.0000000000	        0.0000000781	        0.0000000150	        0.0000001289	        0.0001722987	        0.1120559826	        0.0666666667	        0.0000030185	        0.0017912103
        2.0000000000	        0.0000000000	        0.0000000000	       -4.1976174834	        8.2035621237	        0.0000000000	        0.0000000000	        0.0000000000	        0.0000000000	        0.0000000000	        0.1456678667	        0.0000000000	        0.0000000000	        0.0025519861
