        0.0000000000	        0.0000000000	        1.0000000000	        8.9658905180	       30.4043084579	        0.0000000000	        0.0000000000	        0.0000000000	        0.0000000000	        0.0000000000	        0.1456678667	        0.0000000000	        0.0000000000	        0.0001010889
        0.0006386460	        0.0170373121	        0.9982938966	        8.1351373265	       30.3838870232	        0.0000000000	        0.0000000781	        0.0000000150	        0.0000000387	        0.0001722987	        0.1120559826	        0.0666666667	        0.0000001196	        0.0000709718
        0.0013591019	        0.0362309117	        0.9965018535	        7.2718392166	       30.3615111251	        0.0000000000	        0.0000005747	        0.0000001059	        0.0000002536	        0.0005253479	        0.0879434438	        0.0666666667	        0.0000004556	        0.0000567969
        0.0021717769	        0.0578036690	        0.9946319357	        6.3873772480	       30.3370594152	        0.0000000000	        0.0000021284	        0.0000003744	        0.0000008266	        0.0010804019	        0.0716656608	        0.0666666667	        0.0000010379	        0.0000485103
        0.0030883849	        0.0819334210	        0.9926934618	        5.4967696681	       30.3104068438	        0.0000000000	        0.0000058454	        0.0000009665	        0.0000019551	        0.0018630630	        0.0608721753	        0.0666666667	        0.0000019100	        0.0000432994
        0.0041221033	        0.1086846470	        0.9906961114	        4.6188337075	       30.2814172120	        0.0000000000	        0.0000135093	        0.0000020696	        0.0000038153	        0.0028986814	        0.0538633875	        0.0666666667	        0.0000031248	        0.0000399796
        0.0052877492	        0.1379114412	        0.9886485835	        3.7759003107	       30.2499284976	        0.0000000000	        0.0000277547	        0.0000039008	        0.0000065264	        0.0042019825	        0.0494537213	        0.0666666667	        0.0000047416	        0.0000379295
        0.0066019743	        0.1691643838	        0.9865568920	        2.9927348983	       30.2157264748	        0.0000000000	        0.0000520574	        0.0000066867	        0.0000101314	        0.0057608662	        0.0467401470	        0.0666666667	        0.0000068227	        0.0000367734
        0.0080834821	        0.2016769243	        0.9844226006	        2.2941270942	       30.1784998533	        0.0000000000	        0.0000903867	        0.0000106387	        0.0000146029	        0.0075208414	        0.0449859518	        0.0666666667	        0.0000094315	        0.0000362684
        0.0097532660	        0.2345020715	        0.9822415357	        1.7003314742	       30.1377667914	        0.0000000000	        0.0001464817	        0.0000159327	        0.0000198717	        0.0093842219	        0.0436324596	        0.0666666667	        0.0000126312	        0.0000362727
        0.0116348733	        0.2667639336	        0.9800035505	        1.2191300392	       30.0927577451	        0.0000000000	        0.0002229920	        0.0000227071	        0.0000258700	        0.0112332177	        0.0423352103	        0.0666666667	        0.0000164859	        0.0000367407
        0.0137546927	        0.2978659678	        0.9776933464	        0.8376201536	       30.0423504658	        0.0000000000	        0.0003211357	        0.0000311139	        0.0000326056	        0.0129647029	        0.0409147805	        0.0666666667	        0.0000210647	        0.0000376885
        0.0161422702	        0.3275367987	        0.9752909702	        0.5474203080	       29.9858949757	        0.0000000000	        0.0004411220	        0.0000414192	        0.0000402306	        0.0145126288	        0.0392910001	        0.0666666667	        0.0000264449	        0.0000391337
        0.0188306506	        0.3557529294	        0.9727743436	        0.3340043775	       29.9232635824	        0.0000000000	        0.0005826204	        0.0000540910	        0.0000490373	        0.0158493774	        0.0374625293	        0.0666666667	        0.0000327132	        0.0000410773
        0.0218567475	        0.3826365400	        0.9701221668	        0.1797468592	       29.8541578622	        0.0000000000	        0.0007449576	        0.0000698458	        0.0000594103	        0.0169752370	        0.0354774602	        0.0666666667	        0.0000399603	        0.0000435124
        0.0252617393	        0.4083781970	        0.9673164191	        0.0711301477	       29.7778331537	        0.0000000000	        0.0009271996	        0.0000896777	        0.0000717664	        0.0179063719	        0.0333985825	        0.0666666667	        0.0000482697	        0.0000464179
        0.0290914903	        0.4331903702	        0.9643453095	       -0.0058615880	       29.6932546459	        0.0000000000	        0.0011281802	        0.0001148862	        0.0000864988	        0.0186658014	        0.0312838227	        0.0666666667	        0.0000577044	        0.0000497473
        0.0333969940	        0.4572834229	        0.9612047950	       -0.0639515348	       29.5993633705	        0.0000000000	        0.0013465133	        0.0001471024	        0.0001039539	        0.0192778995	        0.0291793617	        0.0666666667	        0.0000682962	        0.0000534245
        0.0382348325	        0.4808548710	        0.9578979352	       -0.1110068430	       29.4960543423	        0.0000000000	        0.0015806222	        0.0001883111	        0.0001244223	        0.0197655042	        0.0271190193	        0.0666666667	        0.0000800443	        0.0000573520
        0.0436676462	        0.5040854316	        0.9544331875	       -0.1524915950	       29.3814065498	        0.0000000000	        0.0018288060	        0.0002408602	        0.0001481475	        0.0201486219	        0.0251260285	        0.0666666667	        0.0000929281	        0.0000614299
        0.0497646022	        0.5271380507	        0.9508211206	       -0.1915964167	       29.2542096724	        0.0000000000	        0.0020893462	        0.0003074423	        0.0001753744	        0.0204439942	        0.0232153682	        0.0666666667	        0.0001069350	        0.0000655832
        0.0566018496	        0.5501578851	        0.9470702953	       -0.2295924409	       29.1143401148	        0.0000000000	        0.0023606458	        0.0003910366	        0.0002064129	        0.0206650879	        0.0213959210	        0.0666666667	        0.0001220953	        0.0000697834
        0.0642629411	        0.5732722671	        0.9431833878	       -0.2665570271	       28.9581696183	        0.0000000000	        0.0026413787	        0.0004947978	        0.0002416955	        0.0208222692	        0.0196722321	        0.0666666667	        0.0001385095	        0.0000740563
        0.0728392004	        0.5965902809	        0.9391543024	       -0.3016580355	       28.7856228782	        0.0000000000	        0.0029306219	        0.0006218854	        0.0002817987	        0.0209230459	        0.0180458570	        0.0666666667	        0.0001563584	        0.0000784717
        0.0824300053	        0.6202019512	        0.9349668645	       -0.3334394045	       28.5961137482	        0.0000000000	        0.0032279300	        0.0007752319	        0.0003274043	        0.0209723357	        0.0165163516	        0.0666666667	        0.0001758895	        0.0000831181
        0.0931429507	        0.6441772707	        0.9305951308	       -0.3600976793	       28.3869926039	        0.0000000000	        0.0035333217	        0.0009572502	        0.0003791938	        0.0209727505	        0.0150819767	        0.0666666667	        0.0001973858	        0.0000880738
        0.1050938490	        0.6685654310	        0.9260049068	       -0.3798063394	       28.1569958295	        0.0000000000	        0.0038471519	        0.0011694849	        0.0004376963	        0.0209249056	        0.0137401799	        0.0666666667	        0.0002211287	        0.0000933833
        0.1184065179	        0.6933946384	        0.9211558153	       -0.3910372150	       27.9058754455	        0.0000000000	        0.0041698715	        0.0014122241	        0.0005031262	        0.0208277595	        0.0124879084	        0.0666666667	        0.0002473654	        0.0000990444
        0.1332122955	        0.7186727913	        0.9160033032	       -0.3930809837	       27.6321848165	        0.0000000000	        0.0045016981	        0.0016841064	        0.0005752658	        0.0206789821	        0.0113217973	        0.0666666667	        0.0002762885	        0.0001050077
        0.1496492201	        0.7443890735	        0.9104998320	       -0.3858191256	       27.3354367795	        0.0000000000	        0.0048422494	        0.0019817888	        0.0006534053	        0.0204753347	        0.0102382730	        0.0666666667	        0.0003080302	        0.0001111849
        0.1678608015	        0.7705162508	        0.9045955470	       -0.3698145220	       27.0157390551	        0.0000000000	        0.0051901985	        0.0022997587	        0.0007363336	        0.0202130365	        0.0092336043	        0.0666666667	        0.0003426680	        0.0001174616
        0.1879943127	        0.7970132405	        0.8982384062	       -0.3463955764	       26.6696885053	        0.0000000000	        0.0055430046	        0.0026303691	        0.0008224167	        0.0198880922	        0.0083039295	        0.0666666667	        0.0003802424	        0.0001237131
        0.2101985296	        0.8238274489	        0.8913736456	       -0.3170270267	       26.2995842890	        0.0000000000	        0.0058967496	        0.0029641439	        0.0009097037	        0.0194965652	        0.0074452807	        0.0666666667	        0.0004207838	        0.0001298202
        0.2346208557	        0.8508964593	        0.8839435032	       -0.2837070330	       25.9039273722	        0.0000000000	        0.0062460818	        0.0032903389	        0.0009960820	        0.0190347960	        0.0066536141	        0.0666666667	        0.0004643514	        0.0001356850
        0.2614037844	        0.8781488440	        0.8758863250	       -0.2495858380	       25.4816950711	        0.0000000000	        0.0065842496	        0.0035976766	        0.0010796472	        0.0184995800	        0.0059248527	        0.0666666667	        0.0005110917	        0.0001412497
        0.2906806794	        0.9055040711	        0.8671329368	       -0.2169907939	       25.0332585687	        0.0000000000	        0.0069032028	        0.0038751571	        0.0011589961	        0.0178883272	        0.0052549368	        0.0666666667	        0.0005612832	        0.0001465027
        0.3225708876	        0.9328716018	        0.8576032852	       -0.1852726465	       24.5581659699	        0.0000000000	        0.0071937539	        0.0041128329	        0.0012328740	        0.0171992301	        0.0046398805	        0.0666666667	        0.0006153188	        0.0001514617
        0.3571742551	        0.9601492808	        0.8472094697	       -0.1545348762	       24.0550707576	        0.0000000000	        0.0074458089	        0.0043023815	        0.0012999008	        0.0164314644	        0.0040758297	        0.0666666667	        0.0006736973	        0.0001561609
        0.3945651751	        0.9872210436	        0.8358573024	       -0.1265293159	       23.5257367057	        0.0000000000	        0.0076486963	        0.0044373807	        0.0013590463	        0.0155854479	        0.0035591226	        0.0666666667	        0.0007371240	        0.0001606681
        0.4347863703	        1.0139538049	        0.8234415893	       -0.1019035860	       22.9674135556	        0.0000000000	        0.0077916377	        0.0045133519	        0.0014098520	        0.0146631895	        0.0030863536	        0.0666666667	        0.0008066437	        0.0001651021
        0.4778426900	        1.0401931710	        0.8098419505	       -0.0807022229	       22.3818320284	        0.0000000000	        0.0078644142	        0.0045276904	        0.0014522074	        0.0136687751	        0.0026544489	        0.0666666667	        0.0008837390	        0.0001696311
        0.5236952751	        1.0657573132	        0.7949183621	       -0.0626298061	       21.7683337871	        0.0000000000	        0.0078583058	        0.0044796150	        0.0014861738	        0.0126090709	        0.0022607637	        0.0666666667	        0.0009704233	        0.0001744670
        0.5722565058	        1.0904278944	        0.7785063406	       -0.0484024780	       21.1283544896	        0.0000000000	        0.0077674136	        0.0043703116	        0.0015121591	        0.0114947764	        0.0019032184	        0.0666666667	        0.0010693601	        0.0001798644
        0.6233861842	        1.1139363483	        0.7604052968	       -0.0371395038	       20.4614429182	        0.0000000000	        0.0075905386	        0.0042035097	        0.0015307187	        0.0103420439	        0.0015805008	        0.0666666667	        0.0011838342	        0.0001861001
        0.6768894010	        1.1359432574	        0.7403769983	       -0.0297313342	       19.7705614019	        0.0000000000	        0.0073338465	        0.0039866830	        0.0015426182	        0.0091749726	        0.0012923625	        0.0666666667	        0.0013174724	        0.0001934385
        0.7325164896	        1.1560090483	        0.7181424386	       -0.0251477482	       19.0583595047	        0.0000000000	        0.0070144852	        0.0037331045	        0.0015487340	        0.0080292820	        0.0010400263	        0.0666666667	        0.0014733382	        0.0002020703
        0.7899653716	        1.1735590621	        0.6934205166	       -0.0237638667	       18.3276313983	        0.0000000000	        0.0066646367	        0.0034646085	        0.0015501915	        0.0069569717	        0.0008266387	        0.0666666667	        0.0016521159	        0.0002120661
        0.8488864424	        1.1878627385	        0.6660189111	       -0.0290116554	       17.5841622842	        0.0000000000	        0.0063330725	        0.0032138523	        0.0015505605	        0.0060298782	        0.0006574733	        0.0666666667	        0.0018497520	        0.0002234904
        0.9088899606	        1.1980787509	        0.6359784884	       -0.0394900550	       16.8335278592	        0.0000000000	        0.0060770549	        0.0030226972	        0.0015565697	        0.0053361481	        0.0005392728	        0.0666666667	        0.0020543094	        0.0002365567
        0.9695556872	        1.2034244652	        0.6038048260	       -0.0515869976	       16.0838749914	        0.0000000000	        0.0059407507	        0.0029324820	        0.0015759218	        0.0049620302	        0.0004783387	        0.0666666667	        0.0022449163	        0.0002516543
        1.0304443128	        1.2034244652	        0.5705751921	       -0.0671075017	       15.3438014143	        0.0000000000	        0.0059407507	        0.0029693932	        0.0016147385	        0.0049620302	        0.0004783387	        0.0666666667	        0.0023990592	        0.0002690659
        1.0911100394	        1.1980787509	        0.5376235986	       -0.0828072833	       14.6223308691	        0.0000000000	        0.0060770549	        0.0031364678	        0.0016744072	        0.0053361481	        0.0005392728	        0.0666666667	        0.0025042126	        0.0002882925
        1.1511135576	        1.1878627385	        0.5060788559	       -0.0935529029	       13.9278881394	        0.0000000000	        0.0063330725	        0.0034120285	        0.0017490985	        0.0060298782	        0.0006574733	        0.0666666667	        0.0025622566	        0.0003080706
        1.2100346284	        1.1735590621	        0.4765900565	       -0.0992565397	       13.2667899947	        0.0000000000	        0.0066646367	        0.0037554758	        0.0018293624	        0.0069569717	        0.0008266387	        0.0666666667	        0.0025853208	        0.0003274574
        1.2674835104	        1.1560090483	        0.4493325748	       -0.1024238926	       12.6430281464	        0.0000000000	        0.0070144852	        0.0041220349	        0.0019085237	        0.0080292820	        0.0010400263	        0.0666666667	        0.0025880591	        0.0003464001
        1.3231105990	        1.1359432574	        0.4241848132	       -0.1006882015	       12.0587777626	        0.0000000000	        0.0073338465	        0.0044743573	        0.0019828092	        0.0091749726	        0.0012923625	        0.0666666667	        0.0025810310	        0.0003652217
        1.3766138158	        1.1139363483	        0.4009306775	       -0.0905933420	       11.5167999594	        0.0000000000	        0.0075905386	        0.0047858260	        0.0020482969	        0.0103420439	        0.0015805008	        0.0666666667	        0.0025690538	        0.0003840689
        1.4277434942	        1.0904278944	        0.3793709912	       -0.0734472100	       11.0114483279	        0.0000000000	        0.0077674136	        0.0050389730	        0.0021011510	        0.0114947764	        0.0019032184	        0.0666666667	        0.0025536967	        0.0004029162
        1.4763047249	        1.0657573132	        0.3593383057	       -0.0557175295	       10.5444849210	        0.0000000000	        0.0078583058	        0.0052228916	        0.0021401168	        0.0126090709	        0.0022607637	        0.0666666667	        0.0025358729	        0.0004217730
        1.5221573100	        1.0401931710	        0.3406687875	       -0.0348283758	       10.1108404855	        0.0000000000	        0.0078644142	        0.0053313071	        0.0021654297	        0.0136687751	        0.0026544489	        0.0666666667	        0.0025162038	        0.0004406493
        1.5652136297	        1.0139538049	        0.3232175251	       -0.0078306217	        9.7068885488	        0.0000000000	        0.0077916377	        0.0053613514	        0.0021762009	        0.0146631895	        0.0030863536	        0.0666666667	        0.0024947137	        0.0004594445
        1.6054348249	        0.9872210436	        0.3068638520	        0.0206204018	        9.3308018717	        0.0000000000	        0.0076486963	        0.0053128521	        0.0021721819	        0.0155854479	        0.0035591226	        0.0666666667	        0.0024712758	        0.0004780135
        1.6428257449	        0.9601492808	        0.2914888929	        0.0532234047	        8.9793826806	        0.0000000000	        0.0074458089	        0.0051881570	        0.0021539430	        0.0164314644	        0.0040758297	        0.0666666667	        0.0024456103	        0.0004961601
        1.6774291124	        0.9328716018	        0.2769825967	        0.0926105991	        8.6502718196	        0.0000000000	        0.0071937539	        0.0049922041	        0.0021212385	        0.0171992301	        0.0046398805	        0.0666666667	        0.0024169904	        0.0005135582
        1.7093193206	        0.9055040711	        0.2632476060	        0.1426406584	        8.3412283734	        0.0000000000	        0.0069032028	        0.0047325540	        0.0020731118	        0.0178883272	        0.0052549368	        0.0666666667	        0.0023843366	        0.0005297597
        1.7385962156	        0.8781488440	        0.2502043043	        0.2015444517	        8.0496630525	        0.0000000000	        0.0065842496	        0.0044192356	        0.0020088509	        0.0184995800	        0.0059248527	        0.0666666667	        0.0023465209	        0.0005442682
        1.7653791443	        0.8508964593	        0.2377838093	        0.2669330821	        7.7741934385	        0.0000000000	        0.0062460818	        0.0040643585	        0.0019289907	        0.0190347960	        0.0066536141	        0.0666666667	        0.0023025939	        0.0005566105
        1.7898014704	        0.8238274489	        0.2259236734	        0.3406434390	        7.5128841834	        0.0000000000	        0.0058967496	        0.0036814763	        0.0018345721	        0.0194965652	        0.0074452807	        0.0666666667	        0.0022517587	        0.0005663420
        1.8120056873	        0.7970132405	        0.2145728374	        0.4208222886	        7.2650270641	        0.0000000000	        0.0055430046	        0.0032846776	        0.0017269170	        0.0198880922	        0.0083039295	        0.0666666667	        0.0021933902	        0.0005730664
        1.8321391985	        0.7705162508	        0.2036907072	        0.5029602123	        7.0288994404	        0.0000000000	        0.0051901985	        0.0028875420	        0.0016082383	        0.0202130365	        0.0092336043	        0.0666666667	        0.0021271535	        0.0005764977
        1.8503507799	        0.7443890735	        0.1932438243	        0.5821484279	        6.8042225927	        0.0000000000	        0.0048422494	        0.0025021740	        0.0014815888	        0.0204753347	        0.0102382730	        0.0666666667	        0.0020530558	        0.0005765077
        1.8667877045	        0.7186727913	        0.1832033862	        0.6523173516	        6.5909648131	        0.0000000000	        0.0045016981	        0.0021384700	        0.0013505609	        0.0206789821	        0.0113217973	        0.0666666667	        0.0019714286	        0.0005731503
        1.8815934821	        0.6933946384	        0.1735420443	        0.7077634943	        6.3892380296	        0.0000000000	        0.0041698715	        0.0018037108	        0.0012189392	        0.0208277595	        0.0124879084	        0.0666666667	        0.0018828606	        0.0005666597
        1.8949061510	        0.6685654310	        0.1642314597	        0.7444860334	        6.1989973584	        0.0000000000	        0.0038471519	        0.0015024985	        0.0010902185	        0.0209249056	        0.0137401799	        0.0666666667	        0.0017880930	        0.0005574195
        1.9068570493	        0.6441772707	        0.1552415933	        0.7596851275	        6.0190028919	        0.0000000000	        0.0035333217	        0.0012369791	        0.0009672457	        0.0209727505	        0.0150819767	        0.0666666667	        0.0016879196	        0.0005459130
        1.9175699947	        0.6202019512	        0.1465408992	        0.7510324164	        5.8515740750	        0.0000000000	        0.0032279300	        0.0010072501	        0.0008520990	        0.0209723357	        0.0165163516	        0.0666666667	        0.0015831267	        0.0005326701
        1.9271607996	        0.5965902809	        0.1380968211	        0.7173175190	        5.6958708973	        0.0000000000	        0.0029306219	        0.0008118509	        0.0007460754	        0.0209230459	        0.0180458570	        0.0666666667	        0.0014744762	        0.0005182147
        1.9357370589	        0.5732722671	        0.1298774098	        0.6574527964	        5.5509802347	        0.0000000000	        0.0026413787	        0.0006482494	        0.0006497681	        0.0208222692	        0.0196722321	        0.0666666667	        0.0013627339	        0.0005030195
        1.9433981504	        0.5501578851	        0.1218532705	        0.5720005878	        5.4185975656	        0.0000000000	        0.0023606458	        0.0005132650	        0.0005631863	        0.0206650879	        0.0213959210	        0.0666666667	        0.0012487375	        0.0004874769
        1.9502353978	        0.5271380507	        0.1140008850	        0.4587800799	        5.2962725904	        0.0000000000	        0.0020893462	        0.0004034051	        0.0004859765	        0.0204439942	        0.0232153682	        0.0666666667	        0.0011334888	        0.0004718986
        1.9563323538	        0.5040854316	        0.1063036482	        0.3182884630	        5.1849345498	        0.0000000000	        0.0018288060	        0.0003151156	        0.0004175815	        0.0201486219	        0.0251260285	        0.0666666667	        0.0010182231	        0.0004565350
        1.9617651675	        0.4808548710	        0.0987540483	        0.1471167813	        5.0832218080	        0.0000000000	        0.0015806222	        0.0002449587	        0.0003573582	        0.0197655042	        0.0271190193	        0.0666666667	        0.0009044152	        0.0004416089
        1.9666030060	        0.4572834229	        0.0913522990	       -0.0562195078	        4.9907133751	        0.0000000000	        0.0013465133	        0.0001897334	        0.0003046399	        0.0192778995	        0.0291793617	        0.0666666667	        0.0007937012	        0.0004273482
        1.9709085097	        0.4331903702	        0.0841051634	       -0.2924432131	        4.9077115129	        0.0000000000	        0.0011281802	        0.0001465558	        0.0002586879	        0.0186658014	        0.0312838227	        0.0666666667	        0.0006877243	        0.0004140044
        1.9747382607	        0.4083781970	        0.0770242228	       -0.5656533158	        4.8326426282	        0.0000000000	        0.0009271996	        0.0001129047	        0.0002186968	        0.0179063719	        0.0333985825	        0.0666666667	        0.0005879650	        0.0004018662
        1.9781432525	        0.3826365400	        0.0701226516	       -0.8810008285	        4.7648210757	        0.0000000000	        0.0007449576	        0.0000866459	        0.0001838003	        0.0169752370	        0.0354774602	        0.0666666667	        0.0004956056	        0.0003912721
        1.9811693494	        0.3557529294	        0.0634127915	       -1.2363955613	        4.7040975114	        0.0000000000	        0.0005826204	        0.0000660370	        0.0001530705	        0.0158493774	        0.0374625293	        0.0666666667	        0.0004114623	        0.0003826280
        1.9838577298	        0.3275367987	        0.0569068716	       -1.6240665246	        4.6505114522	        0.0000000000	        0.0004411220	        0.0000497184	        0.0001256036	        0.0145126288	        0.0392910001	        0.0666666667	        0.0003359979	        0.0003764501
        1.9862453073	        0.2978659678	        0.0506187982	       -2.0428744366	        4.6034584062	        0.0000000000	        0.0003211357	        0.0000366924	        0.0001007083	        0.0129647029	        0.0409147805	        0.0666666667	        0.0002693838	        0.0003734212
        1.9883651267	        0.2667639336	        0.0445641547	       -2.4937128802	        4.5620362295	        0.0000000000	        0.0002229920	        0.0000262867	        0.0000780858	        0.0112332177	        0.0423352103	        0.0666666667	        0.0002115672	        0.0003743535
        1.9902467340	        0.2345020715	        0.0387600200	       -2.9689389496	        4.5255391840	        0.0000000000	        0.0001464817	        0.0000180908	        0.0000578966	        0.0093842219	        0.0436324596	        0.0666666667	        0.0001623115	        0.0003799839
        1.9919165179	        0.2016769243	        0.0332250836	       -3.4558473168	        4.4934431674	        0.0000000000	        0.0000903867	        0.0000118399	        0.0000406040	        0.0075208414	        0.0449859518	        0.0666666667	        0.0001212031	        0.0003910232
        1.9933980257	        0.1691643838	        0.0279782848	       -3.9431174353	        4.4652605190	        0.0000000000	        0.0000520574	        0.0000072912	        0.0000266356	        0.0057608662	        0.0467401470	        0.0666666667	        0.0000876517	        0.0004086893
        1.9947122508	        0.1379114412	        0.0230360698	       -4.4216157143	        4.4405366070	        0.0000000000	        0.0000277547	        0.0000041688	        0.0000161230	        0.0042019825	        0.0494537213	        0.0666666667	        0.0000609187	        0.0004350719
        1.9958778967	        0.1086846470	        0.0184099068	       -4.8843256690	        4.4188567034	        0.0000000000	        0.0000135093	        0.0000021705	        0.0000088348	        0.0028986814	        0.0538633875	        0.0666666667	        0.0000401798	        0.0004732519
        1.9969116151	        0.0819334210	        0.0141049898	       -5.3261377019	        4.3998480849	        0.0000000000	        0.0000058454	        0.0000009970	        0.0000042480	        0.0018630630	        0.0608721753	        0.0666666667	        0.0000245996	        0.0005277896
        1.9978282231	        0.0578036690	        0.0101201894	       -5.7435784283	        4.3831792570	        0.0000000000	        0.0000021284	        0.0000003812	        0.0000016918	        0.0010804019	        0.0716656608	        0.0666666667	        0.0000133975	        0.0006062579
        1.9986408981	        0.0362309117	        0.0064488734	       -6.1345273899	        4.3685575515	        0.0000000000	        0.0000005747	        0.0000001068	        0.0000004918	        0.0005253479	        0.0879434438	        0.0666666667	        0.0000058954	        0.0007234362
        1.9993613540	        0.0170373121	        0.0030801257	       -6.4979481369	        4.3557259000	        0.0000000000	        0.0000000781	        0.0000000150	        0.0000000715	        0.0001722987	        0.1120559826	        0.0666666667	        0.0000015509	        0.0009151761
        2.0000000000	        0.0000000000	        0.0000000000	       -6.8336473605	        4.3444592947	        0.0000000000	        0.0000000000	        0.0000000000	        0.0000000000	        0.0000000000	        0.1456678667	        0.0000000000	        0.0000000000	        0.0013111732
