        0.0000000000	        0.0000000000	        1.0000000000	        6.6239370761	       29.5369293278	        0.0009795084	        0.0000000000	        0.0000000000	        0.0000000000	        0.0000000000	        0.0030130200	        0.0000000000	        0.0000000000	        0.0007497039
        0.0006386460	        0.0075046087	        0.9974275068	        6.2656339929	       29.5239662053	        0.0009332118	        0.0000000006	        0.0000000008	        0.0000000031	        0.0000035639	        0.0030498327	        0.0666666667	        0.0000008868	        0.0006154562
        0.0013591019	        0.0159660290	        0.9946272131	        5.8818157482	       29.5095894113	        0.0008837362	        0.0000000044	        0.0000000057	        0.0000000217	        0.0000119101	        0.0030940341	        0.0666666667	        0.0000036329	        0.0005301933
        0.0021717769	        0.0255044390	        0.9915901071	        5.4738825170	       29.4936656051	        0.0008312968	        0.0000000159	        0.0000000211	        0.0000000772	        0.0000269082	        0.0031483619	        0.0666666667	        0.0000086442	        0.0004664415
        0.0030883849	        0.0362544479	        0.9883087768	        5.0442780731	       29.4760483187	        0.0007762473	        0.0000000427	        0.0000000581	        0.0000002036	        0.0000510489	        0.0032158472	        0.0666666667	        0.0000164370	        0.0004156460
        0.0041221033	        0.0483665088	        0.9847775462	        4.5966794770	       29.4565733684	        0.0007191028	        0.0000000974	        0.0000001358	        0.0000004527	        0.0000876480	        0.0033000596	        0.0666666667	        0.0000276481	        0.0003739021
        0.0052877492	        0.0620082706	        0.9809924542	        4.1361491131	       29.4350511760	        0.0006605549	        0.0000002004	        0.0000002847	        0.0000009007	        0.0001411183	        0.0034052639	        0.0666666667	        0.0000430516	        0.0003390824
        0.0066019743	        0.0773657021	        0.9769510323	        3.6691947851	       29.4112542011	        0.0006014722	        0.0000003845	        0.0000005540	        0.0000016565	        0.0002173309	        0.0035365432	        0.0666666667	        0.0000635815	        0.0003099019
        0.0080834821	        0.0946436890	        0.9726518620	        3.2036496992	       29.3848967767	        0.0005428727	        0.0000007019	        0.0000010200	        0.0000028737	        0.0003240911	        0.0036998812	        0.0666666667	        0.0000903542	        0.0002855291
        0.0097532660	        0.1140655633	        0.9680939529	        2.7482332440	       29.3556033102	        0.0004858465	        0.0000012362	        0.0000018012	        0.0000047663	        0.0004717483	        0.0039021540	        0.0666666667	        0.0001246918	        0.0002653927
        0.0116348733	        0.1358706162	        0.9632760683	        2.3115778320	       29.3228588842	        0.0004313992	        0.0000021203	        0.0000030792	        0.0000076344	        0.0006739463	        0.0041509337	        0.0666666667	        0.0001681362	        0.0002490692
        0.0137546927	        0.1603079514	        0.9581962227	        1.9009040580	       29.2859792450	        0.0003802709	        0.0000035671	        0.0000051347	        0.0000119026	        0.0009484649	        0.0044539203	        0.0666666667	        0.0002224441	        0.0002362049
        0.0161422702	        0.1876239265	        0.9528516686	        1.5236060186	       29.2444249290	        0.0003334339	        0.0000059160	        0.0000084042	        0.0000181810	        0.0013179788	        0.0048177166	        0.0666666667	        0.0002895384	        0.0002264499
        0.0188306506	        0.2180388603	        0.9472404201	        1.1844648442	       29.1978093476	        0.0002917742	        0.0000097071	        0.0000135762	        0.0000273514	        0.0018102963	        0.0052456125	        0.0666666667	        0.0003713723	        0.0002194055
        0.0218567475	        0.2517070813	        0.9413650781	        0.8870678524	       29.1455224610	        0.0002559843	        0.0000157884	        0.0000217423	        0.0000406618	        0.0024571692	        0.0057343717	        0.0666666667	        0.0004696382	        0.0002146152
        0.0252617393	        0.2886548200	        0.9352402500	        0.6338981835	       29.0866111150	        0.0002264603	        0.0000254537	        0.0000346018	        0.0000597354	        0.0032901300	        0.0062712916	        0.0666666667	        0.0005852350	        0.0002116829
        0.0290914903	        0.3286985753	        0.9289030672	        0.4250178024	       29.0210373715	        0.0002034041	        0.0000405640	        0.0000546295	        0.0000862696	        0.0043315739	        0.0068338727	        0.0666666667	        0.0007174847	        0.0002105469
        0.0333969940	        0.3713681005	        0.9224215162	        0.2573377372	       28.9492821963	        0.0001867530	        0.0000635650	        0.0000850511	        0.0001212804	        0.0055809975	        0.0073870001	        0.0666666667	        0.0008633668	        0.0002114025
        0.0382348325	        0.4158793725	        0.9158932206	        0.1266521388	       28.8694380001	        0.0001763039	        0.0000974278	        0.0001297608	        0.0001644585	        0.0070009750	        0.0078687302	        0.0666666667	        0.0010173503	        0.0002136853
        0.0436676462	        0.4612024359	        0.9094323217	        0.0272391470	       28.7807443334	        0.0001717049	        0.0001454679	        0.0001932346	        0.0002140677	        0.0085117817	        0.0081998658	        0.0666666667	        0.0011722276	        0.0002159903
        0.0497646022	        0.5062345864	        0.9031471976	       -0.0472217448	       28.6829802630	        0.0001725844	        0.0002109405	        0.0002803162	        0.0002673641	        0.0100032236	        0.0083190831	        0.0666666667	        0.0013207763	        0.0002171329
        0.0566018496	        0.5500141431	        0.8971211095	       -0.1027080840	       28.5754684550	        0.0001786283	        0.0002966499	        0.0003964898	        0.0003217386	        0.0113625546	        0.0082063797	        0.0666666667	        0.0014574389	        0.0002165568
        0.0642629411	        0.5918688306	        0.8914058997	       -0.1442358658	       28.4578194945	        0.0001896230	        0.0004047387	        0.0005485817	        0.0003756314	        0.0125033455	        0.0078858599	        0.0666666667	        0.0015791395	        0.0002143149
        0.0728392004	        0.6314463936	        0.8860246313	       -0.1754663230	       28.3286794217	        0.0002054883	        0.0005366800	        0.0007449368	        0.0004285517	        0.0133798618	        0.0074100776	        0.0666666667	        0.0016851817	        0.0002108551
        0.0824300053	        0.6686556641	        0.8809744834	       -0.1987080490	       28.1874204207	        0.0002261887	        0.0006933747	        0.0009942503	        0.0004805826	        0.0139844071	        0.0068391357	        0.0666666667	        0.0017766891	        0.0002067712
        0.0931429507	        0.7035767633	        0.8762285754	       -0.2151579436	       28.0319621227	        0.0002517534	        0.0008752503	        0.0013034471	        0.0005320211	        0.0143354568	        0.0062257747	        0.0666666667	        0.0018559265	        0.0002026170
        0.1050938490	        0.7363813809	        0.8717402125	       -0.2254127865	       27.8625938039	        0.0002820950	        0.0010823093	        0.0016757829	        0.0005832776	        0.0144649857	        0.0056091961	        0.0666666667	        0.0019256551	        0.0001988109
        0.1184065179	        0.7672770973	        0.8674500852	       -0.2299181915	       27.6763207873	        0.0003170439	        0.0013141270	        0.0021099051	        0.0006348168	        0.0144091157	        0.0050150240	        0.0666666667	        0.0019886419	        0.0001956198
        0.1332122955	        0.7964740378	        0.8632936152	       -0.2291364875	       27.4736214889	        0.0003561975	        0.0015698039	        0.0025997699	        0.0006870359	        0.0142026229	        0.0044580109	        0.0666666667	        0.0020473870	        0.0001931891
        0.1496492201	        0.8241673880	        0.8592060662	       -0.2236074550	       27.2526669261	        0.0003990630	        0.0018478831	        0.0031349663	        0.0007401336	        0.0138763451	        0.0039452561	        0.0666666667	        0.0021040426	        0.0001915844
        0.1678608015	        0.8505297077	        0.8551249285	       -0.2138920038	       27.0118187436	        0.0004449317	        0.0021462364	        0.0037011644	        0.0007940294	        0.0134563539	        0.0034789356	        0.0666666667	        0.0021604477	        0.0001908287
        0.1879943127	        0.8757087305	        0.8509903227	       -0.2004404307	       26.7484445056	        0.0004929263	        0.0024619294	        0.0042806655	        0.0008483236	        0.0129640447	        0.0030582892	        0.0666666667	        0.0022182119	        0.0001909271
        0.2101985296	        0.8998279203	        0.8467444473	       -0.1841309046	       26.4626470103	        0.0005420410	        0.0027910808	        0.0048531597	        0.0009023432	        0.0124166303	        0.0026809390	        0.0666666667	        0.0022788118	        0.0001918846
        0.2346208557	        0.9229881692	        0.8423301271	       -0.1659788918	       26.1506909126	        0.0005911781	        0.0031287370	        0.0053967753	        0.0009552609	        0.0118277620	        0.0023437121	        0.0666666667	        0.0023436848	        0.0001937156
        0.2614037844	        0.9452697228	        0.8376890082	       -0.1467952037	       25.8129167436	        0.0006392656	        0.0034687888	        0.0058894195	        0.0010061735	        0.0112081509	        0.0020431283	        0.0666666667	        0.0024143115	        0.0001964513
        0.2906806794	        0.9667338325	        0.8327598833	       -0.1275286294	       25.4475316187	        0.0006853809	        0.0038039589	        0.0063103098	        0.0010541936	        0.0105661388	        0.0017756817	        0.0666666667	        0.0024922926	        0.0002001442
        0.3225708876	        0.9874238743	        0.8274766646	       -0.1089445343	       25.0515752829	        0.0007287608	        0.0041258856	        0.0066415173	        0.0010985501	        0.0099082127	        0.0015379975	        0.0666666667	        0.0025794186	        0.0002048714
        0.3571742551	        1.0073657934	        0.8217662845	       -0.0913493759	       24.6246254760	        0.0007685989	        0.0044253304	        0.0068693165	        0.0011385809	        0.0092394703	        0.0013269195	        0.0666666667	        0.0026777344	        0.0002107383
        0.3945651751	        1.0265677735	        0.8155470029	       -0.0747564068	       24.1657253641	        0.0008042561	        0.0046925306	        0.0069851530	        0.0011736644	        0.0085640593	        0.0011395579	        0.0666666667	        0.0027896013	        0.0002178820
        0.4347863703	        1.0450190104	        0.8087270866	       -0.0598027166	       23.6750300459	        0.0008352789	        0.0049177185	        0.0069861123	        0.0012033462	        0.0078856150	        0.0009733172	        0.0666666667	        0.0029177714	        0.0002264774
        0.4778426900	        1.0626873988	        0.8012016767	       -0.0471227398	       23.1511493256	        0.0008616518	        0.0050918316	        0.0068749135	        0.0012275387	        0.0072077316	        0.0008259156	        0.0666666667	        0.0030654660	        0.0002367451
        0.5236952751	        1.0795158268	        0.7928483955	       -0.0367405302	       22.5937809111	        0.0008836430	        0.0052074411	        0.0066595916	        0.0012464443	        0.0065345117	        0.0006954036	        0.0666666667	        0.0032364171	        0.0002489588
        0.5722565058	        1.0954166334	        0.7835236211	       -0.0289819518	       22.0063554442	        0.0009018978	        0.0052599426	        0.0063531072	        0.0012605256	        0.0058712501	        0.0005801900	        0.0666666667	        0.0034348347	        0.0002634490
        0.6233861842	        1.1102637135	        0.7730575688	       -0.0249700725	       21.3869271601	        0.0009176938	        0.0052490612	        0.0059731740	        0.0012708295	        0.0052253238	        0.0004790803	        0.0666666667	        0.0036652124	        0.0002806021
        0.6768894010	        1.1238820445	        0.7612465493	       -0.0248607292	       20.7407060349	        0.0009328439	        0.0051806912	        0.0055425572	        0.0012789555	        0.0046073375	        0.0003913289	        0.0666666667	        0.0039316820	        0.0003008318
        0.7325164896	        1.1360358582	        0.7478542710	       -0.0274202186	       20.0698714231	        0.0009494521	        0.0050688856	        0.0050898070	        0.0012864091	        0.0040324702	        0.0003166978	        0.0666666667	        0.0042364984	        0.0003245017
        0.7899653716	        1.1464208512	        0.7326399227	       -0.0332876977	       19.3768185055	        0.0009690716	        0.0049371420	        0.0046497506	        0.0012949609	        0.0035216253	        0.0002554843	        0.0666666667	        0.0045775169	        0.0003518012
        0.8488864424	        1.1546738615	        0.7154106264	       -0.0436090823	       18.6683339096	        0.0009945591	        0.0048167789	        0.0042621300	        0.0013077860	        0.0031013014	        0.0002084435	        0.0666666667	        0.0049448339	        0.0003825902
        0.9088899606	        1.1604194635	        0.6961076285	       -0.0554597684	       17.9493579148	        0.0010286934	        0.0047395423	        0.0039661547	        0.0013286964	        0.0028004878	        0.0001765255	        0.0666666667	        0.0053175968	        0.0004162270
        0.9695556872	        1.1633568663	        0.6749371124	       -0.0666675368	       17.2253495431	        0.0010711845	        0.0047266104	        0.0037911009	        0.0013612279	        0.0026439186	        0.0001604741	        0.0666666667	        0.0056650703	        0.0004515499
        1.0304443128	        1.1633568663	        0.6524091984	       -0.0794055580	       16.5022217098	        0.0011218386	        0.0047266104	        0.0037423684	        0.0014062272	        0.0026439186	        0.0001604741	        0.0666666667	        0.0059557175	        0.0004871606
        1.0911100394	        1.1604194635	        0.6292062613	       -0.0943152230	       15.7865095672	        0.0011820051	        0.0047395423	        0.0038153766	        0.0014651448	        0.0028004878	        0.0001765255	        0.0666666667	        0.0061699608	        0.0005218692
        1.1511135576	        1.1546738615	        0.6060156145	       -0.1082115118	       15.0844337948	        0.0012516648	        0.0048167789	        0.0039964063	        0.0015382965	        0.0031013014	        0.0002084435	        0.0666666667	        0.0063054385	        0.0005548959
        1.2100346284	        1.1464208512	        0.5833775783	       -0.1173277848	       14.3997450179	        0.0013283523	        0.0049371420	        0.0042512429	        0.0016201626	        0.0035216253	        0.0002554843	        0.0666666667	        0.0063731879	        0.0005859379
        1.2674835104	        1.1360358582	        0.5616194645	       -0.1224168146	       13.7411369233	        0.0014072761	        0.0050688856	        0.0045401476	        0.0017048403	        0.0040324702	        0.0003166978	        0.0666666667	        0.0063908092	        0.0006152171
        1.3231105990	        1.1238820445	        0.5408762427	       -0.1257988107	       13.1090759853	        0.0014866973	        0.0051806912	        0.0048267682	        0.0017884887	        0.0046073375	        0.0003913289	        0.0666666667	        0.0063755973	        0.0006432410
        1.3766138158	        1.1102637135	        0.5211486565	       -0.1245901940	       12.5071999583	        0.0015637587	        0.0052490612	        0.0050824216	        0.0018682577	        0.0052253238	        0.0004790803	        0.0666666667	        0.0063402540	        0.0006704515
        1.4277434942	        1.0954166334	        0.5023867597	       -0.1163166753	       11.9376580633	        0.0016347604	        0.0052599426	        0.0052863007	        0.0019404669	        0.0058712501	        0.0005801900	        0.0666666667	        0.0062921054	        0.0006970363
        1.4763047249	        1.0795158268	        0.4845341793	       -0.1010732242	       11.4033298367	        0.0016952300	        0.0052074411	        0.0054240821	        0.0020013821	        0.0065345117	        0.0006954036	        0.0666666667	        0.0062347957	        0.0007229827
        1.5221573100	        1.0626873988	        0.4675359411	       -0.0810490753	       10.9023892734	        0.0017427970	        0.0050918316	        0.0054865409	        0.0020484852	        0.0072077316	        0.0008259156	        0.0666666667	        0.0061700741	        0.0007481904
        1.5652136297	        1.0450190104	        0.4513309028	       -0.0542764016	       10.4351340980	        0.0017760092	        0.0049177185	        0.0054686959	        0.0020799770	        0.0078856150	        0.0009733172	        0.0666666667	        0.0060986155	        0.0007725175
        1.6054348249	        1.0265677735	        0.4358599541	       -0.0198363927	       10.0007997563	        0.0017937258	        0.0046925306	        0.0053694220	        0.0020939922	        0.0085640593	        0.0011395579	        0.0666666667	        0.0060204170	        0.0007957975
        1.6428257449	        1.0073657934	        0.4210666192	        0.0228327478	        9.5976435449	        0.0017935116	        0.0044253304	        0.0051912877	        0.0020890543	        0.0092394703	        0.0013269195	        0.0666666667	        0.0059352259	        0.0008178809
        1.6774291124	        0.9874238743	        0.4068963653	        0.0731396425	        9.2248589202	        0.0017747778	        0.0041258856	        0.0049404034	        0.0020643971	        0.0099082127	        0.0015379975	        0.0666666667	        0.0058428179	        0.0008386709
        1.7093193206	        0.9667338325	        0.3932939175	        0.1299398063	        8.8799193997	        0.0017378564	        0.0038039589	        0.0046261147	        0.0020201934	        0.0105661388	        0.0017756817	        0.0666666667	        0.0057431102	        0.0008581430
        1.7385962156	        0.9452697228	        0.3802012206	        0.1924689051	        8.5606449166	        0.0016837189	        0.0034687888	        0.0042604570	        0.0019573934	        0.0112081509	        0.0020431283	        0.0666666667	        0.0056361317	        0.0008763457
        1.7653791443	        0.9229881692	        0.3675577092	        0.2584598830	        8.2656407921	        0.0016145526	        0.0031287370	        0.0038573739	        0.0018776591	        0.0118277620	        0.0023437121	        0.0666666667	        0.0055219576	        0.0008933953
        1.7898014704	        0.8998279203	        0.3552984971	        0.3243257147	        7.9924480798	        0.0015327084	        0.0027910808	        0.0034317759	        0.0017834692	        0.0124166303	        0.0026809390	        0.0666666667	        0.0054006297	        0.0009094678
        1.8120056873	        0.8757087305	        0.3433514748	        0.3862596834	        7.7395446139	        0.0014420626	        0.0024619294	        0.0029985684	        0.0016779175	        0.0129640447	        0.0030582892	        0.0666666667	        0.0052720026	        0.0009247726
        1.8321391985	        0.8505297077	        0.3316351951	        0.4415644332	        7.5045732862	        0.0013460254	        0.0021462364	        0.0025717675	        0.0015642124	        0.0134563539	        0.0034789356	        0.0666666667	        0.0051355268	        0.0009395031
        1.8503507799	        0.8241673880	        0.3200591588	        0.4867457364	        7.2864218774	        0.0012484738	        0.0018478831	        0.0021637894	        0.0014453406	        0.0138763451	        0.0039452561	        0.0666666667	        0.0049900359	        0.0009537733
        1.8667877045	        0.7964740378	        0.3085235853	        0.5177998892	        7.0841005877	        0.0011532781	        0.0015698039	        0.0017849495	        0.0013239670	        0.0142026229	        0.0044580109	        0.0666666667	        0.0048335691	        0.0009675389
        1.8815934821	        0.7672770973	        0.2969200993	        0.5311341903	        6.8966338119	        0.0010639715	        0.0013141270	        0.0014431539	        0.0012022780	        0.0144091157	        0.0050150240	        0.0666666667	        0.0046632279	        0.0009804906
        1.8949061510	        0.7363813809	        0.2851358295	        0.5233766502	        6.7229009056	        0.0009833368	        0.0010823093	        0.0011437032	        0.0010819057	        0.0144649857	        0.0056091961	        0.0666666667	        0.0044751526	        0.0009919239
        1.9068570493	        0.7035767633	        0.2730618621	        0.4907181184	        6.5611416266	        0.0009132197	        0.0008752503	        0.0008891295	        0.0009640659	        0.0143354568	        0.0062257747	        0.0666666667	        0.0042647699	        0.0010006164
        1.9175699947	        0.6686556641	        0.2606051889	        0.4298239031	        6.4124138982	        0.0008563347	        0.0006933747	        0.0006790724	        0.0008497326	        0.0139844071	        0.0068391357	        0.0666666667	        0.0040274567	        0.0010047749
        1.9271607996	        0.6314463936	        0.2477021012	        0.3369672322	        6.2755204632	        0.0008137565	        0.0005366800	        0.0005103850	        0.0007396919	        0.0133798618	        0.0074100776	        0.0666666667	        0.0037596481	        0.0010021383
        1.9357370589	        0.5918688306	        0.2343259696	        0.2079559605	        6.1491998581	        0.0007863767	        0.0004047387	        0.0003777634	        0.0006344202	        0.0125033455	        0.0078858599	        0.0666666667	        0.0034601579	        0.0009903092
        1.9433981504	        0.5500141431	        0.2204862586	        0.0421028974	        6.0347917471	        0.0007749632	        0.0002966499	        0.0002749810	        0.0005339734	        0.0113625546	        0.0082063797	        0.0666666667	        0.0031312951	        0.0009673063
        1.9502353978	        0.5062345864	        0.2062288421	       -0.1649052038	        5.9298646690	        0.0007794083	        0.0002109405	        0.0001962491	        0.0004386026	        0.0100032236	        0.0083190831	        0.0666666667	        0.0027795711	        0.0009322988
        1.9563323538	        0.4612024359	        0.1916386750	       -0.4095579608	        5.8351459751	        0.0007990133	        0.0001454679	        0.0001369372	        0.0003496446	        0.0085117817	        0.0081998658	        0.0666666667	        0.0024158314	        0.0008863722
        1.9617651675	        0.4158793725	        0.1768513982	       -0.6914572398	        5.7494181041	        0.0008331185	        0.0000974278	        0.0000933931	        0.0002696664	        0.0070009750	        0.0078687302	        0.0666666667	        0.0020543320	        0.0008329743
        1.9666030060	        0.3713681005	        0.1620462025	       -1.0040551122	        5.6722823912	        0.0008799577	        0.0000635650	        0.0000624176	        0.0002013440	        0.0055809975	        0.0073870001	        0.0666666667	        0.0017102716	        0.0007775447
        1.9709085097	        0.3286985753	        0.1474212146	       -1.3380890143	        5.6039284410	        0.0009373284	        0.0000405640	        0.0000410521	        0.0001460719	        0.0043315739	        0.0068338727	        0.0666666667	        0.0013965078	        0.0007257111
        1.9747382607	        0.2886548200	        0.1331629766	       -1.6896503064	        5.5427897514	        0.0010036208	        0.0000254537	        0.0000267279	        0.0001036691	        0.0032901300	        0.0062712916	        0.0666666667	        0.0011211990	        0.0006796797
        1.9781432525	        0.2517070813	        0.1194224723	       -2.0533832650	        5.4881359666	        0.0010772762	        0.0000157884	        0.0000173149	        0.0000724700	        0.0024571692	        0.0057343717	        0.0666666667	        0.0008871606	        0.0006392489
        1.9811693494	        0.2180388603	        0.1063067967	       -2.4203217185	        5.4396761941	        0.0011558170	        0.0000097071	        0.0000111655	        0.0000500119	        0.0018102963	        0.0052456125	        0.0666666667	        0.0006928827	        0.0006051956
        1.9838577298	        0.1876239265	        0.0938846497	       -2.7797407930	        5.3972573443	        0.0012362119	        0.0000059160	        0.0000071398	        0.0000339907	        0.0013179788	        0.0048177166	        0.0666666667	        0.0005343628	        0.0005790607
        1.9862453073	        0.1603079514	        0.0821968168	       -3.1276254209	        5.3602166366	        0.0013169098	        0.0000035671	        0.0000045003	        0.0000226377	        0.0009484649	        0.0044539203	        0.0666666667	        0.0004066715	        0.0005621627
        1.9883651267	        0.1358706162	        0.0712634987	       -3.4636093460	        5.3276830453	        0.0013972092	        0.0000021203	        0.0000027770	        0.0000146829	        0.0006739463	        0.0041509337	        0.0666666667	        0.0003048881	        0.0005553207
        1.9902467340	        0.1140655633	        0.0610889498	       -3.7852049709	        5.2990163122	        0.0014760123	        0.0000012362	        0.0000016655	        0.0000092124	        0.0004717483	        0.0039021540	        0.0666666667	        0.0002245398	        0.0005589763
        1.9919165179	        0.0946436890	        0.0516650586	       -4.0882366252	        5.2737705624	        0.0015519552	        0.0000007019	        0.0000009631	        0.0000055492	        0.0003240911	        0.0036998812	        0.0666666667	        0.0001617546	        0.0005734040
        1.9933980257	        0.0773657021	        0.0429741317	       -4.3702317329	        5.2515509584	        0.0016240833	        0.0000003845	        0.0000005319	        0.0000031796	        0.0002173309	        0.0035365432	        0.0666666667	        0.0001132722	        0.0005989123
        1.9947122508	        0.0620082706	        0.0349909640	       -4.6301925034	        5.2320004129	        0.0016918146	        0.0000002004	        0.0000002769	        0.0000017113	        0.0001411183	        0.0034052639	        0.0666666667	        0.0000763925	        0.0006360386
        1.9958778967	        0.0483665088	        0.0276845877	       -4.8681104691	        5.2147993026	        0.0017548444	        0.0000000974	        0.0000001333	        0.0000008489	        0.0000876480	        0.0033000596	        0.0666666667	        0.0000489021	        0.0006857832
        1.9969116151	        0.0362544479	        0.0210198385	       -5.0846224285	        5.1996636284	        0.0018130706	        0.0000000427	        0.0000000575	        0.0000003760	        0.0000510489	        0.0032158472	        0.0666666667	        0.0000289982	        0.0007499709
        1.9978282231	        0.0255044390	        0.0149587531	       -5.2807679972	        5.1863423512	        0.0018665362	        0.0000000159	        0.0000000209	        0.0000001403	        0.0000269082	        0.0031483619	        0.0666666667	        0.0000152191	        0.0008319469
        1.9986408981	        0.0159660290	        0.0094617832	       -5.4578200779	        5.1746143686	        0.0019153851	        0.0000000044	        0.0000000057	        0.0000000389	        0.0000119101	        0.0030940341	        0.0666666667	        0.0000063858	        0.0009382236
        1.9993613540	        0.0075046087	        0.0044888153	       -5.6171675717	        5.1642854235	        0.0019598290	        0.0000000006	        0.0000000008	        0.0000000055	        0.0000035639	        0.0030498327	        0.0666666667	        0.0000015564	        0.0010835275
        2.0000000000	        0.0000000000	        0.0000000000	       -5.7602354310	        5.1551851158	        0.0020001217	        0.0000000000	        0.0000000000	        0.0000000000	        0.0000000000	        0.0030130200	        0.0000000000	        0.0000000000	        0.0013158702
