        0.0000000000	        0.0000000000	        1.0000000000	        6.6239370761	       29.5369293278	        0.0009795084	        0.0000000000	        0.0000000000	        0.0000000000	        0.0000000000	        0.0030130200	        0.0000000000	        0.0000000000	        0.0000001219
        0.0006386460	        0.0075046087	        0.9984326544	        6.2656339929	       29.5239662053	        0.0009332118	        0.0000000006	        0.0000000006	        0.0000000014	        0.0000035639	        0.0030498327	        0.0666666667	        0.0000000001	        0.0000001734
        0.0013591019	        0.0159660290	        0.9967664206	        5.8818157482	       29.5095894113	        0.0008837362	        0.0000000044	        0.0000000039	        0.0000000086	        0.0000119101	        0.0030940341	        0.0666666667	        0.0000000008	        0.0000002518
        0.0021717769	        0.0255044390	        0.9950086655	        5.4738825170	       29.4936656051	        0.0008312968	        0.0000000159	        0.0000000127	        0.0000000265	        0.0000269082	        0.0031483619	        0.0666666667	        0.0000000024	        0.0000003494
        0.0030883849	        0.0362544479	        0.9931703408	        5.0442780731	       29.4760483187	        0.0007762473	        0.0000000427	        0.0000000318	        0.0000000611	        0.0000510489	        0.0032158472	        0.0666666667	        0.0000000055	        0.0000004620
        0.0041221033	        0.0483665088	        0.9912662926	        4.5966794770	       29.4565733684	        0.0007191028	        0.0000000974	        0.0000000684	        0.0000001201	        0.0000876480	        0.0033000596	        0.0666666667	        0.0000000111	        0.0000005850
        0.0052877492	        0.0620082706	        0.9893153843	        4.1361491131	       29.4350511760	        0.0006605549	        0.0000002004	        0.0000001336	        0.0000002121	        0.0001411183	        0.0034052639	        0.0666666667	        0.0000000202	        0.0000007128
        0.0066019743	        0.0773657021	        0.9873403550	        3.6691947851	       29.4112542011	        0.0006014722	        0.0000003845	        0.0000002447	        0.0000003464	        0.0002173309	        0.0035365432	        0.0666666667	        0.0000000342	        0.0000008389
        0.0080834821	        0.0946436890	        0.9853673417	        3.2036496992	       29.3848967767	        0.0005428727	        0.0000007019	        0.0000004278	        0.0000005327	        0.0003240911	        0.0036998812	        0.0666666667	        0.0000000546	        0.0000009559
        0.0097532660	        0.1140655633	        0.9834250199	        2.7482332440	       29.3556033102	        0.0004858465	        0.0000012362	        0.0000007226	        0.0000007798	        0.0004717483	        0.0039021540	        0.0666666667	        0.0000000827	        0.0000010564
        0.0116348733	        0.1358706162	        0.9815433451	        2.3115778320	       29.3228588842	        0.0004313992	        0.0000021203	        0.0000011909	        0.0000010957	        0.0006739463	        0.0041509337	        0.0666666667	        0.0000001199	        0.0000011339
        0.0137546927	        0.1603079514	        0.9797518808	        1.9009040580	       29.2859792450	        0.0003802709	        0.0000035671	        0.0000019303	        0.0000014877	        0.0009484649	        0.0044539203	        0.0666666667	        0.0000001674	        0.0000011835
        0.0161422702	        0.1876239265	        0.9780776183	        1.5236060186	       29.2444249290	        0.0003334339	        0.0000059160	        0.0000030988	        0.0000019637	        0.0013179788	        0.0048177166	        0.0666666667	        0.0000002266	        0.0000012030
        0.0188306506	        0.2180388603	        0.9765426602	        1.1844648442	       29.1978093476	        0.0002917742	        0.0000097071	        0.0000049570	        0.0000025353	        0.0018102963	        0.0052456125	        0.0666666667	        0.0000002992	        0.0000011934
        0.0218567475	        0.2517070813	        0.9751615576	        0.8870678524	       29.1455224610	        0.0002559843	        0.0000157884	        0.0000079384	        0.0000032215	        0.0024571692	        0.0057343717	        0.0666666667	        0.0000003883	        0.0000011594
        0.0252617393	        0.2886548200	        0.9739387368	        0.6338981835	       29.0866111150	        0.0002264603	        0.0000254537	        0.0000127453	        0.0000040522	        0.0032901300	        0.0062712916	        0.0666666667	        0.0000004995	        0.0000011112
        0.0290914903	        0.3286985753	        0.9728664912	        0.4250178024	       29.0210373715	        0.0002034041	        0.0000405640	        0.0000204239	        0.0000050703	        0.0043315739	        0.0068338727	        0.0666666667	        0.0000006428	        0.0000010661
        0.0333969940	        0.3713681005	        0.9719235595	        0.2573377372	       28.9492821963	        0.0001867530	        0.0000635650	        0.0000323063	        0.0000063463	        0.0055809975	        0.0073870001	        0.0666666667	        0.0000008348	        0.0000010491
        0.0382348325	        0.4158793725	        0.9710742586	        0.1266521388	       28.8694380001	        0.0001763039	        0.0000974278	        0.0000497930	        0.0000080354	        0.0070009750	        0.0078687302	        0.0666666667	        0.0000011042	        0.0000010893
        0.0436676462	        0.4612024359	        0.9702696618	        0.0272391470	       28.7807443334	        0.0001717049	        0.0001454679	        0.0000740714	        0.0000104526	        0.0085117817	        0.0081998658	        0.0666666667	        0.0000014961	        0.0000012186
        0.0497646022	        0.5062345864	        0.9694506404	       -0.0472217448	       28.6829802630	        0.0001725844	        0.0002109405	        0.0001060156	        0.0000141069	        0.0100032236	        0.0083190831	        0.0666666667	        0.0000020788	        0.0000014765
        0.0566018496	        0.5500141431	        0.9685521170	       -0.1027080840	       28.5754684550	        0.0001786283	        0.0002966499	        0.0001465901	        0.0000196845	        0.0113625546	        0.0082063797	        0.0666666667	        0.0000029496	        0.0000019126
        0.0642629411	        0.5918688306	        0.9675076736	       -0.1442358658	       28.4578194945	        0.0001896230	        0.0004047387	        0.0001974300	        0.0000279973	        0.0125033455	        0.0078858599	        0.0666666667	        0.0000042384	        0.0000025845
        0.0728392004	        0.6314463936	        0.9662540235	       -0.1754663230	       28.3286794217	        0.0002054883	        0.0005366800	        0.0002609921	        0.0000399097	        0.0133798618	        0.0074100776	        0.0666666667	        0.0000061023	        0.0000035514
        0.0824300053	        0.6686556641	        0.9647349263	       -0.1987080490	       28.1874204207	        0.0002261887	        0.0006933747	        0.0003400904	        0.0000562260	        0.0139844071	        0.0068391357	        0.0666666667	        0.0000087092	        0.0000048607
        0.0931429507	        0.7035767633	        0.9629034318	       -0.2151579436	       28.0319621227	        0.0002517534	        0.0008752503	        0.0004371390	        0.0000775449	        0.0143354568	        0.0062257747	        0.0666666667	        0.0000122115	        0.0000065340
        0.1050938490	        0.7363813809	        0.9607216334	       -0.2254127865	       27.8625938039	        0.0002820950	        0.0010823093	        0.0005535395	        0.0001041460	        0.0144649857	        0.0056091961	        0.0666666667	        0.0000167234	        0.0000085592
        0.1184065179	        0.7672770973	        0.9581582117	       -0.2299181915	       27.6763207873	        0.0003170439	        0.0013141270	        0.0006893949	        0.0001359623	        0.0144091157	        0.0050150240	        0.0666666667	        0.0000223087	        0.0000108938
        0.1332122955	        0.7964740378	        0.9551849895	       -0.2291364875	       27.4736214889	        0.0003561975	        0.0015698039	        0.0008434678	        0.0001726221	        0.0142026229	        0.0044580109	        0.0666666667	        0.0000289829	        0.0000134748
        0.1496492201	        0.8241673880	        0.9517737765	       -0.2236074550	       27.2526669261	        0.0003990630	        0.0018478831	        0.0010132341	        0.0002135113	        0.0138763451	        0.0039452561	        0.0666666667	        0.0000367220	        0.0000162297
        0.1678608015	        0.8505297077	        0.9478940071	       -0.2138920038	       27.0118187436	        0.0004449317	        0.0021462364	        0.0011949554	        0.0002578187	        0.0134563539	        0.0034789356	        0.0666666667	        0.0000454728	        0.0000190849
        0.1879943127	        0.8757087305	        0.9435112776	       -0.2004404307	       26.7484445056	        0.0004929263	        0.0024619294	        0.0013837732	        0.0003045501	        0.0129640447	        0.0030582892	        0.0666666667	        0.0000551605	        0.0000219704
        0.2101985296	        0.8998279203	        0.9385869471	       -0.1841309046	       26.4626470103	        0.0005420410	        0.0027910808	        0.0015738622	        0.0003525707	        0.0124166303	        0.0026809390	        0.0666666667	        0.0000656981	        0.0000248238
        0.2346208557	        0.9229881692	        0.9330770567	       -0.1659788918	       26.1506909126	        0.0005911781	        0.0031287370	        0.0017586777	        0.0004006965	        0.0118277620	        0.0023437121	        0.0666666667	        0.0000769995	        0.0000275946
        0.2614037844	        0.9452697228	        0.9269309047	       -0.1467952037	       25.8129167436	        0.0006392656	        0.0034687888	        0.0019313157	        0.0004477502	        0.0112081509	        0.0020431283	        0.0666666667	        0.0000889915	        0.0000302465
        0.2906806794	        0.9667338325	        0.9200901664	       -0.1275286294	       25.4475316187	        0.0006853809	        0.0038039589	        0.0020849607	        0.0004926318	        0.0105661388	        0.0017756817	        0.0666666667	        0.0001016257	        0.0000327591
        0.3225708876	        0.9874238743	        0.9124871442	       -0.1089445343	       25.0515752829	        0.0007287608	        0.0041258856	        0.0022133734	        0.0005343989	        0.0099082127	        0.0015379975	        0.0666666667	        0.0001148907	        0.0000351277
        0.3571742551	        1.0073657934	        0.9040430066	       -0.0913493759	       24.6246254760	        0.0007685989	        0.0044253304	        0.0023113665	        0.0005722547	        0.0092394703	        0.0013269195	        0.0666666667	        0.0001288116	        0.0000373595
        0.3945651751	        1.0265677735	        0.8946675293	       -0.0747564068	       24.1657253641	        0.0008042561	        0.0046925306	        0.0023751975	        0.0006054808	        0.0085640593	        0.0011395579	        0.0666666667	        0.0001434448	        0.0000394665
        0.4347863703	        1.0450190104	        0.8842603989	       -0.0598027166	       23.6750300459	        0.0008352789	        0.0049177185	        0.0024028083	        0.0006335477	        0.0078856150	        0.0009733172	        0.0666666667	        0.0001589042	        0.0000414703
        0.4778426900	        1.0626873988	        0.8727083762	       -0.0471227398	       23.1511493256	        0.0008616518	        0.0050918316	        0.0023939213	        0.0006562960	        0.0072077316	        0.0008259156	        0.0666666667	        0.0001754164	        0.0000434119
        0.5236952751	        1.0795158268	        0.8598802352	       -0.0367405302	       22.5937809111	        0.0008836430	        0.0052074411	        0.0023500614	        0.0006738721	        0.0065345117	        0.0006954036	        0.0666666667	        0.0001933582	        0.0000453526
        0.5722565058	        1.0954166334	        0.8456247073	       -0.0289819518	       22.0063554442	        0.0009018978	        0.0052599426	        0.0022745451	        0.0006867080	        0.0058712501	        0.0005801900	        0.0666666667	        0.0002133109	        0.0000473761
        0.6233861842	        1.1102637135	        0.8297657092	       -0.0249700725	       21.3869271601	        0.0009176938	        0.0052490612	        0.0021725133	        0.0006958239	        0.0052253238	        0.0004790803	        0.0666666667	        0.0002361962	        0.0000496095
        0.6768894010	        1.1238820445	        0.8120885830	       -0.0248607292	       20.7407060349	        0.0009328439	        0.0051806912	        0.0020511714	        0.0007028174	        0.0046073375	        0.0003913289	        0.0666666667	        0.0002633234	        0.0000522199
        0.7325164896	        1.1360358582	        0.7923414987	       -0.0274202186	       20.0698714231	        0.0009494521	        0.0050688856	        0.0019202553	        0.0007093047	        0.0040324702	        0.0003166978	        0.0666666667	        0.0002961636	        0.0000553608
        0.7899653716	        1.1464208512	        0.7702802638	       -0.0332876977	       19.3768185055	        0.0009690716	        0.0049371420	        0.0017923963	        0.0007172243	        0.0035216253	        0.0002554843	        0.0666666667	        0.0003361923	        0.0000591801
        0.8488864424	        1.1546738615	        0.7457267256	       -0.0436090823	       18.6683339096	        0.0009945591	        0.0048167789	        0.0016828543	        0.0007297433	        0.0031013014	        0.0002084435	        0.0666666667	        0.0003848268	        0.0000639114
        0.9088899606	        1.1604194635	        0.7186516400	       -0.0554597684	       17.9493579148	        0.0010286934	        0.0047395423	        0.0016078076	        0.0007504190	        0.0028004878	        0.0001765255	        0.0666666667	        0.0004425284	        0.0000698693
        0.9695556872	        1.1633568663	        0.6893390010	       -0.0666675368	       17.2253495431	        0.0010711845	        0.0047266104	        0.0015808425	        0.0007821617	        0.0026439186	        0.0001604741	        0.0666666667	        0.0005079036	        0.0000774275
        1.0304443128	        1.1633568663	        0.6584361454	       -0.0794055580	       16.5022217098	        0.0011218386	        0.0047266104	        0.0016070210	        0.0008261250	        0.0026439186	        0.0001604741	        0.0666666667	        0.0005782890	        0.0000869781
        1.0911100394	        1.1604194635	        0.6267749952	       -0.0943152230	       15.7865095672	        0.0011820051	        0.0047395423	        0.0016879569	        0.0008837333	        0.0028004878	        0.0001765255	        0.0666666667	        0.0006517028	        0.0000988439
        1.1511135576	        1.1546738615	        0.5951840828	       -0.1082115118	       15.0844337948	        0.0012516648	        0.0048167789	        0.0018215333	        0.0009551456	        0.0031013014	        0.0002084435	        0.0666666667	        0.0007266291	        0.0001129489
        1.2100346284	        1.1464208512	        0.5643441208	       -0.1173277848	       14.3997450179	        0.0013283523	        0.0049371420	        0.0019956357	        0.0010358471	        0.0035216253	        0.0002554843	        0.0666666667	        0.0008008401	        0.0001287145
        1.2674835104	        1.1360358582	        0.5347172799	       -0.1224168146	       13.7411369233	        0.0014072761	        0.0050688856	        0.0021934455	        0.0011203118	        0.0040324702	        0.0003166978	        0.0666666667	        0.0008728251	        0.0001456126
        1.3231105990	        1.1238820445	        0.5065343926	       -0.1257988107	       13.1090759853	        0.0014866973	        0.0051806912	        0.0023972736	        0.0012045167	        0.0046073375	        0.0003913289	        0.0666666667	        0.0009423690	        0.0001634660
        1.3766138158	        1.1102637135	        0.4798381354	       -0.1245901940	       12.5071999583	        0.0015637587	        0.0052490612	        0.0025911659	        0.0012852937	        0.0052253238	        0.0004790803	        0.0666666667	        0.0010090850	        0.0001822022
        1.4277434942	        1.0954166334	        0.4545966394	       -0.1163166753	       11.9376580633	        0.0016347604	        0.0052599426	        0.0027617840	        0.0013587698	        0.0058712501	        0.0005801900	        0.0666666667	        0.0010713057	        0.0002015601
        1.4763047249	        1.0795158268	        0.4307637759	       -0.1010732242	       11.4033298367	        0.0016952300	        0.0052074411	        0.0028983666	        0.0014210964	        0.0065345117	        0.0006954036	        0.0666666667	        0.0011268626	        0.0002211606
        1.5221573100	        1.0626873988	        0.4082861412	       -0.0810490753	       10.9023892734	        0.0017427970	        0.0050918316	        0.0029925841	        0.0014696492	        0.0072077316	        0.0008259156	        0.0666666667	        0.0011739841	        0.0002406454
        1.5652136297	        1.0450190104	        0.3870906725	       -0.0542764016	       10.4351340980	        0.0017760092	        0.0049177185	        0.0030386138	        0.0015025850	        0.0078856150	        0.0009733172	        0.0666666667	        0.0012111999	        0.0002596307
        1.6054348249	        1.0265677735	        0.3671030505	       -0.0198363927	       10.0007997563	        0.0017937258	        0.0046925306	        0.0030332716	        0.0015180666	        0.0085640593	        0.0011395579	        0.0666666667	        0.0012370941	        0.0002776340
        1.6428257449	        1.0073657934	        0.3482521769	        0.0228327478	        9.5976435449	        0.0017935116	        0.0044253304	        0.0029760987	        0.0015146861	        0.0092394703	        0.0013269195	        0.0666666667	        0.0012505222	        0.0002941230
        1.6774291124	        0.9874238743	        0.3304716897	        0.0731396425	        9.2248589202	        0.0017747778	        0.0041258856	        0.0028693513	        0.0014917713	        0.0099082127	        0.0015379975	        0.0666666667	        0.0012508163	        0.0003085819
        1.7093193206	        0.9667338325	        0.3136975797	        0.1299398063	        8.8799193997	        0.0017378564	        0.0038039589	        0.0027178283	        0.0014496111	        0.0105661388	        0.0017756817	        0.0666666667	        0.0012378761	        0.0003205638
        1.7385962156	        0.9452697228	        0.2978666148	        0.1924689051	        8.5606449166	        0.0016837189	        0.0034687888	        0.0025285001	        0.0013893087	        0.0112081509	        0.0020431283	        0.0666666667	        0.0012121190	        0.0003297129
        1.7653791443	        0.9229881692	        0.2829183028	        0.2584598830	        8.2656407921	        0.0016145526	        0.0031287370	        0.0023099424	        0.0013127226	        0.0118277620	        0.0023437121	        0.0666666667	        0.0011744295	        0.0003357893
        1.7898014704	        0.8998279203	        0.2687933615	        0.3243257147	        7.9924480798	        0.0015327084	        0.0027910808	        0.0020716526	        0.0012225726	        0.0124166303	        0.0026809390	        0.0666666667	        0.0011261231	        0.0003386970
        1.8120056873	        0.8757087305	        0.2554306114	        0.3862596834	        7.7395446139	        0.0014420626	        0.0024619294	        0.0018233466	        0.0011222559	        0.0129640447	        0.0030582892	        0.0666666667	        0.0010688212	        0.0003384805
        1.8321391985	        0.8505297077	        0.2427653275	        0.4415644332	        7.5045732862	        0.0013460254	        0.0021462364	        0.0015743189	        0.0010153840	        0.0134563539	        0.0034789356	        0.0666666667	        0.0010042660	        0.0003352874
        1.8503507799	        0.8241673880	        0.2307312196	        0.4867457364	        7.2864218774	        0.0012484738	        0.0018478831	        0.0013329200	        0.0009054792	        0.0138763451	        0.0039452561	        0.0666666667	        0.0009341879	        0.0003293344
        1.8667877045	        0.7964740378	        0.2192609157	        0.5177998892	        7.0841005877	        0.0011532781	        0.0015698039	        0.0011061867	        0.0007958924	        0.0142026229	        0.0044580109	        0.0666666667	        0.0008602496	        0.0003208905
        1.8815934821	        0.7672770973	        0.2082861793	        0.5311341903	        6.8966338119	        0.0010639715	        0.0013141270	        0.0008996199	        0.0006896470	        0.0144091157	        0.0050150240	        0.0666666667	        0.0007840155	        0.0003102611
        1.8949061510	        0.7363813809	        0.1977398354	        0.5233766502	        6.7229009056	        0.0009833368	        0.0010823093	        0.0007170556	        0.0005893065	        0.0144649857	        0.0056091961	        0.0666666667	        0.0007069534	        0.0002977774
        1.9068570493	        0.7035767633	        0.1875584973	        0.4907181184	        6.5611416266	        0.0009132197	        0.0008752503	        0.0005605683	        0.0004969451	        0.0143354568	        0.0062257747	        0.0666666667	        0.0006304707	        0.0002837997
        1.9175699947	        0.6686556641	        0.1776837118	        0.4298239031	        6.4124138982	        0.0008563347	        0.0006933747	        0.0004304027	        0.0004140653	        0.0139844071	        0.0068391357	        0.0666666667	        0.0005559308	        0.0002687167
        1.9271607996	        0.6314463936	        0.1680612707	        0.3369672322	        6.2755204632	        0.0008137565	        0.0005366800	        0.0003250345	        0.0003414279	        0.0133798618	        0.0074100776	        0.0666666667	        0.0004845941	        0.0002529136
        1.9357370589	        0.5918688306	        0.1586366042	        0.2079559605	        6.1491998581	        0.0007863767	        0.0004047387	        0.0002415480	        0.0002789016	        0.0125033455	        0.0078858599	        0.0666666667	        0.0004174783	        0.0002366996
        1.9433981504	        0.5500141431	        0.1493496177	        0.0421028974	        6.0347917471	        0.0007749632	        0.0002966499	        0.0001763857	        0.0002254804	        0.0113625546	        0.0082063797	        0.0666666667	        0.0003552306	        0.0002202329
        1.9502353978	        0.5062345864	        0.1401400647	       -0.1649052038	        5.9298646690	        0.0007794083	        0.0002109405	        0.0001261850	        0.0001798140	        0.0100032236	        0.0083190831	        0.0666666667	        0.0002981768	        0.0002035510
        1.9563323538	        0.4612024359	        0.1309562353	       -0.4095579608	        5.8351459751	        0.0007990133	        0.0001454679	        0.0000882236	        0.0001408338	        0.0085117817	        0.0081998658	        0.0666666667	        0.0002465157	        0.0001867228
        1.9617651675	        0.4158793725	        0.1217733877	       -0.6914572398	        5.7494181041	        0.0008331185	        0.0000974278	        0.0000603062	        0.0001080195	        0.0070009750	        0.0078687302	        0.0666666667	        0.0002004829	        0.0001700260
        1.9666030060	        0.3713681005	        0.1125989058	       -1.0040551122	        5.6722823912	        0.0008799577	        0.0000635650	        0.0000404455	        0.0000811429	        0.0055809975	        0.0073870001	        0.0666666667	        0.0001603314	        0.0001539981
        1.9709085097	        0.3286985753	        0.1034695534	       -1.3380890143	        5.6039284410	        0.0009373284	        0.0000405640	        0.0000267552	        0.0000598456	        0.0043315739	        0.0068338727	        0.0666666667	        0.0001261790	        0.0001392027
        1.9747382607	        0.2886548200	        0.0944421266	       -1.6896503064	        5.5427897514	        0.0010036208	        0.0000254537	        0.0000175773	        0.0000435600	        0.0032901300	        0.0062712916	        0.0666666667	        0.0000978853	        0.0001256353
        1.9781432525	        0.2517070813	        0.0855803584	       -2.0533832650	        5.4881359666	        0.0010772762	        0.0000157884	        0.0000115375	        0.0000314590	        0.0024571692	        0.0057343717	        0.0666666667	        0.0000749976	        0.0001129945
        1.9811693494	        0.2180388603	        0.0769461822	       -2.4203217185	        5.4396761941	        0.0011558170	        0.0000097071	        0.0000075771	        0.0000225713	        0.0018102963	        0.0052456125	        0.0666666667	        0.0000568234	        0.0001012775
        1.9838577298	        0.1876239265	        0.0685962211	       -2.7797407930	        5.3972573443	        0.0012362119	        0.0000059160	        0.0000049641	        0.0000160416	        0.0013179788	        0.0048177166	        0.0666666667	        0.0000425852	        0.0000906705
        1.9862453073	        0.1603079514	        0.0605807034	       -3.1276254209	        5.3602166366	        0.0013169098	        0.0000035671	        0.0000032262	        0.0000112310	        0.0009484649	        0.0044539203	        0.0666666667	        0.0000315432	        0.0000813467
        1.9883651267	        0.1358706162	        0.0529414865	       -3.4636093460	        5.3276830453	        0.0013972092	        0.0000021203	        0.0000020650	        0.0000076920	        0.0006739463	        0.0041509337	        0.0666666667	        0.0000230529	        0.0000734127
        1.9902467340	        0.1140655633	        0.0457105960	       -3.7852049709	        5.2990163122	        0.0014760123	        0.0000012362	        0.0000012907	        0.0000051116	        0.0004717483	        0.0039021540	        0.0666666667	        0.0000165775	        0.0000669223
        1.9919165179	        0.0946436890	        0.0389101072	       -4.0882366252	        5.2737705624	        0.0015519552	        0.0000007019	        0.0000007800	        0.0000032643	        0.0003240911	        0.0036998812	        0.0666666667	        0.0000116819	        0.0000618984
        1.9933980257	        0.0773657021	        0.0325527306	       -4.3702317329	        5.2515509584	        0.0016240833	        0.0000003845	        0.0000004501	        0.0000019798	        0.0002173309	        0.0035365432	        0.0666666667	        0.0000080183	        0.0000583511
        1.9947122508	        0.0620082706	        0.0266425808	       -4.6301925034	        5.2320004129	        0.0016918146	        0.0000002004	        0.0000002443	        0.0000011232	        0.0001411183	        0.0034052639	        0.0666666667	        0.0000053121	        0.0000562910
        1.9958778967	        0.0483665088	        0.0211761792	       -4.8681104691	        5.2147993026	        0.0017548444	        0.0000000974	        0.0000001220	        0.0000005836	        0.0000876480	        0.0033000596	        0.0666666667	        0.0000033481	        0.0000557461
        1.9969116151	        0.0362544479	        0.0161436420	       -5.0846224285	        5.1996636284	        0.0018130706	        0.0000000427	        0.0000000542	        0.0000002688	        0.0000510489	        0.0032158472	        0.0666666667	        0.0000019593	        0.0000567867
        1.9978282231	        0.0255044390	        0.0115299463	       -5.2807679972	        5.1863423512	        0.0018665362	        0.0000000159	        0.0000000202	        0.0000001034	        0.0000269082	        0.0031483619	        0.0666666667	        0.0000010171	        0.0000595746
        1.9986408981	        0.0159660290	        0.0073161745	       -5.4578200779	        5.1746143686	        0.0019153851	        0.0000000044	        0.0000000056	        0.0000000293	        0.0000119101	        0.0030940341	        0.0666666667	        0.0000004229	        0.0000644743
        1.9993613540	        0.0075046087	        0.0034806618	       -5.6171675717	        5.1642854235	        0.0019598290	        0.0000000006	        0.0000000008	        0.0000000042	        0.0000035639	        0.0030498327	        0.0666666667	        0.0000001022	        0.0000723899
        2.0000000000	        0.0000000000	        0.0000000000	       -5.7602354310	        5.1551851158	        0.0020001217	        0.0000000000	        0.0000000000	        0.0000000000	        0.0000000000	        0.0030130200	        0.0000000000	        0.0000000000	        0.0000864258
