        0.0000000000	        0.0000000000	        1.0000000000	        0.0000000000	        0.0000000000	        0.0000000000	        0.0000000000	        0.0000000000	        0.0000000000	        0.0000000000	        0.0000000192	        0.0000000000	        0.1000000000	        0.0010000000
        0.0006942759	        0.0020140334	        0.9996530835	        0.0000000000	        0.0000000000	        0.0000000000	        0.0000000001	        0.0000000001	        0.0000000001	        0.0000000000	        0.0000013270	        0.0666666667	        0.1000000000	        0.0010000000
        0.0014238152	        0.0041288775	        0.9992885427	        0.0000000000	        0.0000000000	        0.0000000000	        0.0000000001	        0.0000000001	        0.0000000001	        0.0000000000	        0.0000025557	        0.0666666667	        0.1000000000	        0.0010000000
        0.0021903814	        0.0063494165	        0.9989054961	        0.0000000000	        0.0000000000	        0.0000000000	        0.0000000001	        0.0000000001	        0.0000000001	        0.0000000000	        0.0000035480	        0.0666666667	        0.1000000000	        0.0010000000
        0.0029958230	        0.0086807541	        0.9985030196	        0.0000000000	        0.0000000000	        0.0000000000	        0.0000000001	        0.0000000001	        0.0000000001	        0.0000000000	        0.0000041734	        0.0666666667	        0.1000000000	        0.0010000000
        0.0038420777	        0.0111282216	        0.9980801445	        0.0000000000	        0.0000000000	        0.0000000000	        0.0000000001	        0.0000000001	        0.0000000001	        0.0000000000	        0.0000043791	        0.0666666667	        0.1000000000	        0.0010000000
        0.0047311763	        0.0136973862	        0.9976358556	        0.0000000000	        0.0000000000	        0.0000000000	        0.0000000001	        0.0000000001	        0.0000000001	        0.0000000000	        0.0000042113	        0.0666666667	        0.1000000000	        0.0010000000
        0.0056652468	        0.0163940591	        0.9971690892	        0.0000000000	        0.0000000000	        0.0000000000	        0.0000000001	        0.0000000001	        0.0000000001	        0.0000000000	        0.0000037870	        0.0666666667	        0.1000000000	        0.0010000000
        0.0066465183	        0.0192243037	        0.9966787307	        0.0000000000	        0.0000000000	        0.0000000000	        0.0000000001	        0.0000000001	        0.0000000001	        0.0000000000	        0.0000032403	        0.0666666667	        0.1000000000	        0.0010000000
        0.0076773260	        0.0221944442	        0.9961636128	        0.0000000000	        0.0000000000	        0.0000000000	        0.0000000001	        0.0000000001	        0.0000000001	        0.0000000000	        0.0000026788	        0.0666666667	        0.1000000000	        0.0010000000
        0.0087601150	        0.0253110733	        0.9956225130	        0.0000000000	        0.0000000000	        0.0000000000	        0.0000000001	        0.0000000001	        0.0000000001	        0.0000000000	        0.0000021674	        0.0666666667	        0.1000000000	        0.0010000000
        0.0098974457	        0.0285810608	        0.9950541514	        0.0000000000	        0.0000000000	        0.0000000000	        0.0000000001	        0.0000000001	        0.0000000001	        0.0000000000	        0.0000017340	        0.0666666667	        0.1000000000	        0.0010000000
        0.0110919979	        0.0320115612	        0.9944571881	        0.0000000000	        0.0000000000	        0.0000000000	        0.0000000001	        0.0000000001	        0.0000000001	        0.0000000000	        0.0000013822	        0.0666666667	        0.1000000000	        0.0010000000
        0.0123465764	        0.0356100219	        0.9938302210	        0.0000000000	        0.0000000000	        0.0000000000	        0.0000000001	        0.0000000001	        0.0000000001	        0.0000000000	        0.0000011040	        0.0666666667	        0.1000000000	        0.0010000000
        0.0136641154	        0.0393841905	        0.9931717831	        0.0000000000	        0.0000000000	        0.0000000000	        0.0000000001	        0.0000000001	        0.0000000001	        0.0000000000	        0.0000008866	        0.0666666667	        0.1000000000	        0.0010000000
        0.0150476841	        0.0433421222	        0.9924803397	        0.0000000000	        0.0000000000	        0.0000000000	        0.0000000001	        0.0000000001	        0.0000000001	        0.0000000000	        0.0000007176	        0.0666666667	        0.1000000000	        0.0010000000
        0.0165004920	        0.0474921866	        0.9917542864	        0.0000000000	        0.0000000000	        0.0000000000	        0.0000000001	        0.0000000001	        0.0000000001	        0.0000000000	        0.0000005858	        0.0666666667	        0.1000000000	        0.0010000000
        0.0180258942	        0.0518430738	        0.9909919456	        0.0000000000	        0.0000000000	        0.0000000000	        0.0000000001	        0.0000000001	        0.0000000001	        0.0000000000	        0.0000004826	        0.0666666667	        0.1000000000	        0.0010000000
        0.0196273970	        0.0564038006	        0.9901915644	        0.0000000000	        0.0000000000	        0.0000000000	        0.0000000001	        0.0000000001	        0.0000000001	        0.0000000000	        0.0000004010	        0.0666666667	        0.1000000000	        0.0010000000
        0.0213086633	        0.0611837152	        0.9893513113	        0.0000000000	        0.0000000000	        0.0000000000	        0.0000000001	        0.0000000001	        0.0000000001	        0.0000000000	        0.0000003360	        0.0666666667	        0.1000000000	        0.0010000000
        0.0230735186	        0.0661925014	        0.9884692735	        0.0000000000	        0.0000000000	        0.0000000000	        0.0000000001	        0.0000000001	        0.0000000001	        0.0000000000	        0.0000002835	        0.0666666667	        0.1000000000	        0.0010000000
        0.0249259567	        0.0714401822	        0.9875434543	        0.0000000000	        0.0000000000	        0.0000000000	        0.0000000001	        0.0000000001	        0.0000000001	        0.0000000000	        0.0000002409	        0.0666666667	        0.1000000000	        0.0010000000
        0.0268701452	        0.0769371216	        0.9865717698	        0.0000000000	        0.0000000000	        0.0000000000	        0.0000000001	        0.0000000001	        0.0000000001	        0.0000000000	        0.0000002059	        0.0666666667	        0.1000000000	        0.0010000000
        0.0289104319	        0.0826940258	        0.9855520462	        0.0000000000	        0.0000000000	        0.0000000000	        0.0000000001	        0.0000000001	        0.0000000001	        0.0000000000	        0.0000001769	        0.0666666667	        0.1000000000	        0.0010000000
        0.0310513501	        0.0887219424	        0.9844820167	        0.0000000000	        0.0000000000	        0.0000000000	        0.0000000001	        0.0000000001	        0.0000000001	        0.0000000000	        0.0000001527	        0.0666666667	        0.1000000000	        0.0010000000
        0.0332976245	        0.0950322587	        0.9833593189	        0.0000000000	        0.0000000000	        0.0000000000	        0.0000000001	        0.0000000001	        0.0000000001	        0.0000000000	        0.0000001323	        0.0666666667	        0.1000000000	        0.0010000000
        0.0356541773	        0.1016366972	        0.9821814917	        0.0000000000	        0.0000000000	        0.0000000000	        0.0000000001	        0.0000000001	        0.0000000001	        0.0000000000	        0.0000001151	        0.0666666667	        0.1000000000	        0.0010000000
        0.0381261335	        0.1085473101	        0.9809459723	        0.0000000000	        0.0000000000	        0.0000000000	        0.0000000001	        0.0000000001	        0.0000000001	        0.0000000000	        0.0000001005	        0.0666666667	        0.1000000000	        0.0010000000
        0.0407188268	        0.1157764708	        0.9796500938	        0.0000000000	        0.0000000000	        0.0000000000	        0.0000000001	        0.0000000001	        0.0000000001	        0.0000000000	        0.0000000879	        0.0666666667	        0.1000000000	        0.0010000000
        0.0434378046	        0.1233368629	        0.9782910823	        0.0000000000	        0.0000000000	        0.0000000000	        0.0000000001	        0.0000000001	        0.0000000001	        0.0000000000	        0.0000000772	        0.0666666667	        0.1000000000	        0.0010000000
        0.0462888334	        0.1312414673	        0.9768660543	        0.0000000000	        0.0000000000	        0.0000000000	        0.0000000001	        0.0000000001	        0.0000000001	        0.0000000000	        0.0000000679	        0.0666666667	        0.1000000000	        0.0010000000
        0.0492779039	        0.1395035446	        0.9753720142	        0.0000000000	        0.0000000000	        0.0000000000	        0.0000000001	        0.0000000001	        0.0000000001	        0.0000000000	        0.0000000599	        0.0666666667	        0.1000000000	        0.0010000000
        0.0524112352	        0.1481366159	        0.9738058522	        0.0000000000	        0.0000000000	        0.0000000000	        0.0000000001	        0.0000000001	        0.0000000001	        0.0000000000	        0.0000000530	        0.0666666667	        0.1000000000	        0.0010000000
        0.0556952793	        0.1571544383	        0.9721643417	        0.0000000000	        0.0000000000	        0.0000000000	        0.0000000001	        0.0000000001	        0.0000000001	        0.0000000000	        0.0000000469	        0.0666666667	        0.1000000000	        0.0010000000
        0.0591367250	        0.1665709775	        0.9704441380	        0.0000000000	        0.0000000000	        0.0000000000	        0.0000000001	        0.0000000001	        0.0000000001	        0.0000000000	        0.0000000416	        0.0666666667	        0.1000000000	        0.0010000000
        0.0627425009	        0.1764003754	        0.9686417764	        0.0000000000	        0.0000000000	        0.0000000000	        0.0000000001	        0.0000000001	        0.0000000001	        0.0000000000	        0.0000000370	        0.0666666667	        0.1000000000	        0.0010000000
        0.0665197783	        0.1866569128	        0.9667536707	        0.0000000000	        0.0000000000	        0.0000000000	        0.0000000001	        0.0000000001	        0.0000000001	        0.0000000000	        0.0000000329	        0.0666666667	        0.1000000000	        0.0010000000
        0.0704759731	        0.1973549676	        0.9647761123	        0.0000000000	        0.0000000000	        0.0000000000	        0.0000000001	        0.0000000001	        0.0000000001	        0.0000000000	        0.0000000294	        0.0666666667	        0.1000000000	        0.0010000000
        0.0746187471	        0.2085089666	        0.9627052697	        0.0000000000	        0.0000000000	        0.0000000000	        0.0000000001	        0.0000000001	        0.0000000001	        0.0000000000	        0.0000000262	        0.0666666667	        0.1000000000	        0.0010000000
        0.0789560085	        0.2201333321	        0.9605371882	        0.0000000000	        0.0000000000	        0.0000000000	        0.0000000001	        0.0000000001	        0.0000000001	        0.0000000000	        0.0000000234	        0.0666666667	        0.1000000000	        0.0010000000
        0.0834959110	        0.2322424212	        0.9582677899	        0.0000000000	        0.0000000000	        0.0000000000	        0.0000000001	        0.0000000001	        0.0000000001	        0.0000000000	        0.0000000210	        0.0666666667	        0.1000000000	        0.0010000000
        0.0882468523	        0.2448504595	        0.9558928753	        0.0000000000	        0.0000000000	        0.0000000000	        0.0000000001	        0.0000000001	        0.0000000001	        0.0000000000	        0.0000000188	        0.0666666667	        0.1000000000	        0.0010000000
        0.0932174715	        0.2579714665	        0.9534081240	        0.0000000000	        0.0000000000	        0.0000000000	        0.0000000001	        0.0000000001	        0.0000000001	        0.0000000000	        0.0000000169	        0.0666666667	        0.1000000000	        0.0010000000
        0.0984166444	        0.2716191742	        0.9508090969	        0.0000000000	        0.0000000000	        0.0000000000	        0.0000000001	        0.0000000001	        0.0000000001	        0.0000000000	        0.0000000151	        0.0666666667	        0.1000000000	        0.0010000000
        0.1038534780	        0.2858069371	        0.9480912396	        0.0000000000	        0.0000000000	        0.0000000000	        0.0000000001	        0.0000000001	        0.0000000001	        0.0000000000	        0.0000000136	        0.0666666667	        0.1000000000	        0.0010000000
        0.1095373034	        0.3005476346	        0.9452498853	        0.0000000000	        0.0000000000	        0.0000000000	        0.0000000001	        0.0000000001	        0.0000000001	        0.0000000000	        0.0000000123	        0.0666666667	        0.1000000000	        0.0010000000
        0.1154776665	        0.3158535645	        0.9422802598	        0.0000000000	        0.0000000000	        0.0000000000	        0.0000000001	        0.0000000001	        0.0000000001	        0.0000000000	        0.0000000110	        0.0666666667	        0.1000000000	        0.0010000000
        0.1216843175	        0.3317363271	        0.9391774868	        0.0000000000	        0.0000000000	        0.0000000000	        0.0000000001	        0.0000000001	        0.0000000001	        0.0000000000	        0.0000000100	        0.0666666667	        0.1000000000	        0.0010000000
        0.1281671974	        0.3482067013	        0.9359365943	        0.0000000000	        0.0000000000	        0.0000000000	        0.0000000001	        0.0000000001	        0.0000000001	        0.0000000000	        0.0000000090	        0.0666666667	        0.1000000000	        0.0010000000
        0.1349364233	        0.3652745109	        0.9325525223	        0.0000000000	        0.0000000000	        0.0000000000	        0.0000000001	        0.0000000001	        0.0000000001	        0.0000000000	        0.0000000081	        0.0666666667	        0.1000000000	        0.0010000000
        0.1420022705	        0.3829484812	        0.9290201316	        0.0000000000	        0.0000000000	        0.0000000000	        0.0000000001	        0.0000000001	        0.0000000001	        0.0000000000	        0.0000000073	        0.0666666667	        0.1000000000	        0.0010000000
        0.1493751529	        0.4012360874	        0.9253342135	        0.0000000000	        0.0000000000	        0.0000000000	        0.0000000001	        0.0000000001	        0.0000000001	        0.0000000000	        0.0000000066	        0.0666666667	        0.1000000000	        0.0010000000
        0.1570655998	        0.4201433933	        0.9214895017	        0.0000000000	        0.0000000000	        0.0000000000	        0.0000000001	        0.0000000001	        0.0000000001	        0.0000000000	        0.0000000060	        0.0666666667	        0.1000000000	        0.0010000000
        0.1650842307	        0.4396748815	        0.9174806846	        0.0000000000	        0.0000000000	        0.0000000000	        0.0000000001	        0.0000000001	        0.0000000001	        0.0000000000	        0.0000000054	        0.0666666667	        0.1000000000	        0.0010000000
        0.1734417267	        0.4598332751	        0.9133024197	        0.0000000000	        0.0000000000	        0.0000000000	        0.0000000001	        0.0000000001	        0.0000000001	        0.0000000000	        0.0000000049	        0.0666666667	        0.1000000000	        0.0010000000
        0.1821487988	        0.4806193524	        0.9089493496	        0.0000000000	        0.0000000000	        0.0000000000	        0.0000000001	        0.0000000001	        0.0000000001	        0.0000000000	        0.0000000045	        0.0666666667	        0.1000000000	        0.0010000000
        0.1912161531	        0.5020317536	        0.9044161191	        0.0000000000	        0.0000000000	        0.0000000000	        0.0000000001	        0.0000000001	        0.0000000001	        0.0000000000	        0.0000000041	        0.0666666667	        0.1000000000	        0.0010000000
        0.2006544527	        0.5240667829	        0.8996973945	        0.0000000000	        0.0000000000	        0.0000000000	        0.0000000001	        0.0000000001	        0.0000000001	        0.0000000000	        0.0000000037	        0.0666666667	        0.1000000000	        0.0010000000
        0.2104742760	        0.5467182053	        0.8947878844	        0.0000000000	        0.0000000000	        0.0000000000	        0.0000000001	        0.0000000001	        0.0000000001	        0.0000000000	        0.0000000033	        0.0666666667	        0.1000000000	        0.0010000000
        0.2206860715	        0.5699770404	        0.8896823624	        0.0000000000	        0.0000000000	        0.0000000000	        0.0000000001	        0.0000000001	        0.0000000001	        0.0000000000	        0.0000000030	        0.0666666667	        0.1000000000	        0.0010000000
        0.2313001094	        0.5938313551	        0.8843756910	        0.0000000000	        0.0000000000	        0.0000000000	        0.0000000001	        0.0000000001	        0.0000000001	        0.0000000000	        0.0000000028	        0.0666666667	        0.1000000000	        0.0010000000
        0.2423264290	        0.6182660563	        0.8788628481	        0.0000000000	        0.0000000000	        0.0000000000	        0.0000000001	        0.0000000001	        0.0000000001	        0.0000000000	        0.0000000025	        0.0666666667	        0.1000000000	        0.0010000000
        0.2537747838	        0.6432626876	        0.8731389547	        0.0000000000	        0.0000000000	        0.0000000000	        0.0000000001	        0.0000000001	        0.0000000001	        0.0000000000	        0.0000000023	        0.0666666667	        0.1000000000	        0.0010000000
        0.2656545813	        0.6687992301	        0.8671993045	        0.0000000000	        0.0000000000	        0.0000000000	        0.0000000001	        0.0000000001	        0.0000000001	        0.0000000000	        0.0000000021	        0.0666666667	        0.1000000000	        0.0010000000
        0.2779748214	        0.6948499130	        0.8610393952	        0.0000000000	        0.0000000000	        0.0000000000	        0.0000000001	        0.0000000001	        0.0000000001	        0.0000000000	        0.0000000019	        0.0666666667	        0.1000000000	        0.0010000000
        0.2907440307	        0.7213850340	        0.8546549611	        0.0000000000	        0.0000000000	        0.0000000000	        0.0000000001	        0.0000000001	        0.0000000001	        0.0000000000	        0.0000000017	        0.0666666667	        0.1000000000	        0.0010000000
        0.3039701934	        0.7483707959	        0.8480420076	        0.0000000000	        0.0000000000	        0.0000000000	        0.0000000001	        0.0000000001	        0.0000000001	        0.0000000000	        0.0000000016	        0.0666666667	        0.1000000000	        0.0010000000
        0.3176606809	        0.7757691605	        0.8411968467	        0.0000000000	        0.0000000000	        0.0000000000	        0.0000000001	        0.0000000001	        0.0000000001	        0.0000000000	        0.0000000014	        0.0666666667	        0.1000000000	        0.0010000000
        0.3318221777	        0.8035377257	        0.8341161338	        0.0000000000	        0.0000000000	        0.0000000000	        0.0000000001	        0.0000000001	        0.0000000001	        0.0000000000	        0.0000000013	        0.0666666667	        0.1000000000	        0.0010000000
        0.3464606064	        0.8316296272	        0.8267969053	        0.0000000000	        0.0000000000	        0.0000000000	        0.0000000001	        0.0000000001	        0.0000000001	        0.0000000000	        0.0000000012	        0.0666666667	        0.1000000000	        0.0010000000
        0.3615810508	        0.8599934722	        0.8192366171	        0.0000000000	        0.0000000000	        0.0000000000	        0.0000000001	        0.0000000001	        0.0000000001	        0.0000000000	        0.0000000011	        0.0666666667	        0.1000000000	        0.0010000000
        0.3771876783	        0.8885733055	        0.8114331834	        0.0000000000	        0.0000000000	        0.0000000000	        0.0000000001	        0.0000000001	        0.0000000001	        0.0000000000	        0.0000000010	        0.0666666667	        0.1000000000	        0.0010000000
        0.3932836622	        0.9173086157	        0.8033850157	        0.0000000000	        0.0000000000	        0.0000000000	        0.0000000001	        0.0000000001	        0.0000000001	        0.0000000000	        0.0000000009	        0.0666666667	        0.1000000000	        0.0010000000
        0.4098711039	        0.9461343819	        0.7950910615	        0.0000000000	        0.0000000000	        0.0000000000	        0.0000000001	        0.0000000001	        0.0000000001	        0.0000000000	        0.0000000008	        0.0666666667	        0.1000000000	        0.0010000000
        0.4269509569	        0.9749811680	        0.7865508423	        0.0000000000	        0.0000000000	        0.0000000000	        0.0000000001	        0.0000000001	        0.0000000001	        0.0000000000	        0.0000000007	        0.0666666667	        0.1000000000	        0.0010000000
        0.4445229527	        1.0037752655	        0.7777644910	        0.0000000000	        0.0000000000	        0.0000000000	        0.0000000001	        0.0000000001	        0.0000000001	        0.0000000000	        0.0000000006	        0.0666666667	        0.1000000000	        0.0010000000
        0.4625855294	        1.0324388890	        0.7687327872	        0.0000000000	        0.0000000000	        0.0000000000	        0.0000000001	        0.0000000001	        0.0000000001	        0.0000000000	        0.0000000006	        0.0666666667	        0.1000000000	        0.0010000000
        0.4811357642	        1.0608904266	        0.7594571914	        0.0000000000	        0.0000000000	        0.0000000000	        0.0000000001	        0.0000000001	        0.0000000001	        0.0000000000	        0.0000000005	        0.0666666667	        0.1000000000	        0.0010000000
        0.5001693105	        1.0890447476	        0.7499398761	        0.0000000000	        0.0000000000	        0.0000000000	        0.0000000001	        0.0000000001	        0.0000000001	        0.0000000000	        0.0000000005	        0.0666666667	        0.1000000000	        0.0010000000
        0.5196803412	        1.1168135670	        0.7401837544	        0.0000000000	        0.0000000000	        0.0000000000	        0.0000000001	        0.0000000001	        0.0000000001	        0.0000000000	        0.0000000005	        0.0666666667	        0.1000000000	        0.0010000000
        0.5396614981	        1.1441058694	        0.7301925051	        0.0000000000	        0.0000000000	        0.0000000000	        0.0000000001	        0.0000000001	        0.0000000001	        0.0000000000	        0.0000000004	        0.0666666667	        0.1000000000	        0.0010000000
        0.5601038497	        1.1708283890	        0.7199705942	        0.0000000000	        0.0000000000	        0.0000000000	        0.0000000001	        0.0000000001	        0.0000000001	        0.0000000000	        0.0000000004	        0.0666666667	        0.1000000000	        0.0010000000
        0.5809968569	        1.1968861456	        0.7095232915	        0.0000000000	        0.0000000000	        0.0000000000	        0.0000000001	        0.0000000001	        0.0000000001	        0.0000000000	        0.0000000004	        0.0666666667	        0.1000000000	        0.0010000000
        0.6023283492	        1.2221830336	        0.6988566833	        0.0000000000	        0.0000000000	        0.0000000000	        0.0000000001	        0.0000000002	        0.0000000001	        0.0000000000	        0.0000000004	        0.0666666667	        0.1000000000	        0.0010000000
        0.6240845103	        1.2466224584	        0.6879776786	        0.0000000000	        0.0000000000	        0.0000000000	        0.0000000002	        0.0000000002	        0.0000000001	        0.0000000000	        0.0000000003	        0.0666666667	        0.1000000000	        0.0010000000
        0.6462498761	        1.2701080169	        0.6768940110	        0.0000000000	        0.0000000000	        0.0000000000	        0.0000000002	        0.0000000002	        0.0000000001	        0.0000000000	        0.0000000003	        0.0666666667	        0.1000000000	        0.0010000000
        0.6688073438	        1.2925442139	        0.6656142337	        0.0000000000	        0.0000000000	        0.0000000000	        0.0000000002	        0.0000000002	        0.0000000001	        0.0000000000	        0.0000000003	        0.0666666667	        0.1000000000	        0.0010000000
        0.6917381935	        1.3138372085	        0.6541477088	        0.0000000000	        0.0000000000	        0.0000000000	        0.0000000002	        0.0000000002	        0.0000000001	        0.0000000000	        0.0000000003	        0.0666666667	        0.1000000000	        0.0010000000
        0.7150221237	        1.3338955798	        0.6425045896	        0.0000000000	        0.0000000000	        0.0000000000	        0.0000000002	        0.0000000002	        0.0000000001	        0.0000000000	        0.0000000002	        0.0666666667	        0.1000000000	        0.0010000000
        0.7386372983	        1.3526311048	        0.6306957969	        0.0000000000	        0.0000000000	        0.0000000000	        0.0000000002	        0.0000000003	        0.0000000001	        0.0000000000	        0.0000000002	        0.0666666667	        0.1000000000	        0.0010000000
        0.7625604087	        1.3699595356	        0.6187329884	        0.0000000000	        0.0000000000	        0.0000000000	        0.0000000003	        0.0000000003	        0.0000000001	        0.0000000000	        0.0000000002	        0.0666666667	        0.1000000000	        0.0010000000
        0.7867667475	        1.3858013671	        0.6066285212	        0.0000000000	        0.0000000000	        0.0000000000	        0.0000000003	        0.0000000003	        0.0000000002	        0.0000000000	        0.0000000002	        0.0666666667	        0.1000000000	        0.0010000000
        0.8112302966	        1.4000825825	        0.5943954082	        0.0000000000	        0.0000000000	        0.0000000000	        0.0000000003	        0.0000000004	        0.0000000002	        0.0000000000	        0.0000000001	        0.0666666667	        0.1000000000	        0.0010000000
        0.8359238264	        1.4127353660	        0.5820472683	        0.0000000000	        0.0000000000	        0.0000000000	        0.0000000004	        0.0000000004	        0.0000000002	        0.0000000000	        0.0000000001	        0.0666666667	        0.1000000000	        0.0010000000
        0.8608190076	        1.4236987705	        0.5695982706	        0.0000000000	        0.0000000000	        0.0000000000	        0.0000000004	        0.0000000005	        0.0000000002	        0.0000000000	        0.0000000001	        0.0666666667	        0.1000000000	        0.0010000000
        0.8858865338	        1.4329193301	        0.5570630728	        0.0000000000	        0.0000000000	        0.0000000000	        0.0000000005	        0.0000000005	        0.0000000003	        0.0000000000	        0.0000000001	        0.0666666667	        0.1000000000	        0.0010000000
        0.9110962541	        1.4403516063	        0.5444567554	        0.0000000000	        0.0000000000	        0.0000000000	        0.0000000006	        0.0000000007	        0.0000000003	        0.0000000000	        0.0000000001	        0.0666666667	        0.1000000000	        0.0010000000
        0.9364173138	        1.4459586598	        0.5317947507	        0.0000000000	        0.0000000000	        0.0000000000	        0.0000000007	        0.0000000008	        0.0000000004	        0.0000000000	        0.0000000000	        0.0666666667	        0.1000000000	        0.0010000000
        0.9618183033	        1.4497124371	        0.5190927689	        0.0000000000	        0.0000000000	        0.0000000000	        0.0000000010	        0.0000000012	        0.0000000006	        0.0000000000	        0.0000000000	        0.0666666667	        0.1000000000	        0.0010000000
        0.9872674122	        1.4515940685	        0.5063667207	        0.0000000000	        0.0000000000	        0.0000000000	        0.0000000015	        0.0000000016	        0.0000000008	        0.0000000000	        0.0000000000	        0.0666666667	        0.1000000000	        0.0010000000
        1.0127325878	        1.4515940684	        0.4936326374	        0.0000000000	        0.0000000000	        0.0000000000	        0.0000000015	        0.0000000017	        0.0000000008	        0.0000000000	        0.0000000000	        0.0666666667	        0.1000000000	        0.0010000000
        1.0381816967	        1.4497124370	        0.4809065898	        0.0000000000	        0.0000000000	        0.0000000000	        0.0000000011	        0.0000000012	        0.0000000006	        0.0000000000	        0.0000000000	        0.0666666667	        0.1000000000	        0.0010000000
        1.0635826862	        1.4459586595	        0.4682046092	        0.0000000000	        0.0000000000	        0.0000000000	        0.0000000008	        0.0000000009	        0.0000000004	        0.0000000000	        0.0000000000	        0.0666666667	        0.1000000000	        0.0010000000
        1.0889037459	        1.4403516060	        0.4555426063	        0.0000000000	        0.0000000000	        0.0000000000	        0.0000000006	        0.0000000007	        0.0000000003	        0.0000000000	        0.0000000001	        0.0666666667	        0.1000000000	        0.0010000000
        1.1141134662	        1.4329193297	        0.4429362912	        0.0000000000	        0.0000000000	        0.0000000000	        0.0000000005	        0.0000000006	        0.0000000003	        0.0000000000	        0.0000000001	        0.0666666667	        0.1000000000	        0.0010000000
        1.1391809924	        1.4236987701	        0.4304010963	        0.0000000000	        0.0000000000	        0.0000000000	        0.0000000005	        0.0000000005	        0.0000000003	        0.0000000000	        0.0000000001	        0.0666666667	        0.1000000000	        0.0010000000
        1.1640761736	        1.4127353656	        0.4179521020	        0.0000000000	        0.0000000000	        0.0000000000	        0.0000000004	        0.0000000004	        0.0000000002	        0.0000000000	        0.0000000001	        0.0666666667	        0.1000000000	        0.0010000000
        1.1887697034	        1.4000825821	        0.4056039660	        0.0000000000	        0.0000000000	        0.0000000000	        0.0000000004	        0.0000000004	        0.0000000002	        0.0000000000	        0.0000000001	        0.0666666667	        0.1000000000	        0.0010000000
        1.2132332525	        1.3858013667	        0.3933708575	        0.0000000000	        0.0000000000	        0.0000000000	        0.0000000003	        0.0000000004	        0.0000000002	        0.0000000000	        0.0000000002	        0.0666666667	        0.1000000000	        0.0010000000
        1.2374395913	        1.3699595352	        0.3812663952	        0.0000000000	        0.0000000000	        0.0000000000	        0.0000000003	        0.0000000003	        0.0000000002	        0.0000000000	        0.0000000002	        0.0666666667	        0.1000000000	        0.0010000000
        1.2613627017	        1.3526311045	        0.3693035921	        0.0000000000	        0.0000000000	        0.0000000000	        0.0000000003	        0.0000000003	        0.0000000002	        0.0000000000	        0.0000000002	        0.0666666667	        0.1000000000	        0.0010000000
        1.2849778763	        1.3338955796	        0.3574948053	        0.0000000000	        0.0000000000	        0.0000000000	        0.0000000003	        0.0000000003	        0.0000000001	        0.0000000000	        0.0000000002	        0.0666666667	        0.1000000000	        0.0010000000
        1.3082618065	        1.3138372083	        0.3458516925	        0.0000000000	        0.0000000000	        0.0000000000	        0.0000000002	        0.0000000003	        0.0000000001	        0.0000000000	        0.0000000003	        0.0666666667	        0.1000000000	        0.0010000000
        1.3311926562	        1.2925442138	        0.3343851743	        0.0000000000	        0.0000000000	        0.0000000000	        0.0000000002	        0.0000000003	        0.0000000001	        0.0000000000	        0.0000000003	        0.0666666667	        0.1000000000	        0.0010000000
        1.3537501239	        1.2701080169	        0.3231054042	        0.0000000000	        0.0000000000	        0.0000000000	        0.0000000002	        0.0000000002	        0.0000000001	        0.0000000000	        0.0000000003	        0.0666666667	        0.1000000000	        0.0010000000
        1.3759154897	        1.2466224585	        0.3120217442	        0.0000000000	        0.0000000000	        0.0000000000	        0.0000000002	        0.0000000002	        0.0000000001	        0.0000000000	        0.0000000003	        0.0666666667	        0.1000000000	        0.0010000000
        1.3976716508	        1.2221830338	        0.3011427474	        0.0000000000	        0.0000000000	        0.0000000000	        0.0000000002	        0.0000000002	        0.0000000001	        0.0000000000	        0.0000000004	        0.0666666667	        0.1000000000	        0.0010000000
        1.4190031431	        1.1968861460	        0.2904761474	        0.0000000000	        0.0000000000	        0.0000000000	        0.0000000002	        0.0000000002	        0.0000000001	        0.0000000000	        0.0000000004	        0.0666666667	        0.1000000000	        0.0010000000
        1.4398961503	        1.1708283895	        0.2800288534	        0.0000000000	        0.0000000000	        0.0000000000	        0.0000000002	        0.0000000002	        0.0000000001	        0.0000000000	        0.0000000004	        0.0666666667	        0.1000000000	        0.0010000000
        1.4603385019	        1.1441058701	        0.2698069514	        0.0000000000	        0.0000000000	        0.0000000000	        0.0000000002	        0.0000000002	        0.0000000001	        0.0000000000	        0.0000000004	        0.0666666667	        0.1000000000	        0.0010000000
        1.4803196588	        1.1168135679	        0.2598157112	        0.0000000000	        0.0000000000	        0.0000000000	        0.0000000002	        0.0000000002	        0.0000000001	        0.0000000000	        0.0000000004	        0.0666666667	        0.1000000000	        0.0010000000
        1.4998306895	        1.0890447486	        0.2500595989	        0.0000000000	        0.0000000000	        0.0000000000	        0.0000000001	        0.0000000002	        0.0000000001	        0.0000000000	        0.0000000005	        0.0666666667	        0.1000000000	        0.0010000000
        1.5188642358	        1.0608904277	        0.2405422932	        0.0000000000	        0.0000000000	        0.0000000000	        0.0000000001	        0.0000000002	        0.0000000001	        0.0000000000	        0.0000000005	        0.0666666667	        0.1000000000	        0.0010000000
        1.5374144706	        1.0324388902	        0.2312667072	        0.0000000000	        0.0000000000	        0.0000000000	        0.0000000001	        0.0000000002	        0.0000000001	        0.0000000000	        0.0000000005	        0.0666666667	        0.1000000000	        0.0010000000
        1.5554770473	        1.0037752669	        0.2222350134	        0.0000000000	        0.0000000000	        0.0000000000	        0.0000000001	        0.0000000001	        0.0000000001	        0.0000000000	        0.0000000005	        0.0666666667	        0.1000000000	        0.0010000000
        1.5730490431	        0.9749811694	        0.2134486722	        0.0000000000	        0.0000000000	        0.0000000000	        0.0000000001	        0.0000000001	        0.0000000001	        0.0000000000	        0.0000000005	        0.0666666667	        0.1000000000	        0.0010000000
        1.5901288961	        0.9461343833	        0.2049084633	        0.0000000000	        0.0000000000	        0.0000000000	        0.0000000001	        0.0000000001	        0.0000000001	        0.0000000000	        0.0000000005	        0.0666666667	        0.1000000000	        0.0010000000
        1.6067163378	        0.9173086171	        0.1966145194	        0.0000000000	        0.0000000000	        0.0000000000	        0.0000000001	        0.0000000001	        0.0000000001	        0.0000000000	        0.0000000006	        0.0666666667	        0.1000000000	        0.0010000000
        1.6228123217	        0.8885733070	        0.1885663622	        0.0000000000	        0.0000000000	        0.0000000000	        0.0000000001	        0.0000000001	        0.0000000001	        0.0000000000	        0.0000000006	        0.0666666667	        0.1000000000	        0.0010000000
        1.6384189492	        0.8599934736	        0.1807629391	        0.0000000000	        0.0000000000	        0.0000000000	        0.0000000001	        0.0000000001	        0.0000000001	        0.0000000000	        0.0000000006	        0.0666666667	        0.1000000000	        0.0010000000
        1.6535393936	        0.8316296286	        0.1732026614	        0.0000000000	        0.0000000000	        0.0000000000	        0.0000000001	        0.0000000001	        0.0000000001	        0.0000000000	        0.0000000006	        0.0666666667	        0.1000000000	        0.0010000000
        1.6681778223	        0.8035377270	        0.1658834435	        0.0000000000	        0.0000000000	        0.0000000000	        0.0000000001	        0.0000000001	        0.0000000001	        0.0000000000	        0.0000000007	        0.0666666667	        0.1000000000	        0.0010000000
        1.6823393191	        0.7757691618	        0.1588027412	        0.0000000000	        0.0000000000	        0.0000000000	        0.0000000001	        0.0000000001	        0.0000000001	        0.0000000000	        0.0000000007	        0.0666666667	        0.1000000000	        0.0010000000
        1.6960298066	        0.7483707971	        0.1519575910	        0.0000000000	        0.0000000000	        0.0000000000	        0.0000000001	        0.0000000001	        0.0000000001	        0.0000000000	        0.0000000008	        0.0666666667	        0.1000000000	        0.0010000000
        1.7092559693	        0.7213850352	        0.1453446481	        0.0000000000	        0.0000000000	        0.0000000000	        0.0000000001	        0.0000000001	        0.0000000001	        0.0000000000	        0.0000000008	        0.0666666667	        0.1000000000	        0.0010000000
        1.7220251786	        0.6948499141	        0.1389602246	        0.0000000000	        0.0000000000	        0.0000000000	        0.0000000001	        0.0000000001	        0.0000000001	        0.0000000000	        0.0000000009	        0.0666666667	        0.1000000000	        0.0010000000
        1.7343454187	        0.6687992312	        0.1328003259	        0.0000000000	        0.0000000000	        0.0000000000	        0.0000000001	        0.0000000001	        0.0000000001	        0.0000000000	        0.0000000009	        0.0666666667	        0.1000000000	        0.0010000000
        1.7462252162	        0.6432626886	        0.1268606862	        0.0000000000	        0.0000000000	        0.0000000000	        0.0000000001	        0.0000000001	        0.0000000001	        0.0000000000	        0.0000000010	        0.0666666667	        0.1000000000	        0.0010000000
        1.7576735710	        0.6182660573	        0.1211368032	        0.0000000000	        0.0000000000	        0.0000000000	        0.0000000001	        0.0000000001	        0.0000000001	        0.0000000000	        0.0000000011	        0.0666666667	        0.1000000000	        0.0010000000
        1.7686998906	        0.5938313560	        0.1156239707	        0.0000000000	        0.0000000000	        0.0000000000	        0.0000000001	        0.0000000001	        0.0000000001	        0.0000000000	        0.0000000012	        0.0666666667	        0.1000000000	        0.0010000000
        1.7793139285	        0.5699770413	        0.1103173095	        0.0000000000	        0.0000000000	        0.0000000000	        0.0000000001	        0.0000000001	        0.0000000001	        0.0000000000	        0.0000000013	        0.0666666667	        0.1000000000	        0.0010000000
        1.7895257240	        0.5467182062	        0.1052117976	        0.0000000000	        0.0000000000	        0.0000000000	        0.0000000001	        0.0000000001	        0.0000000001	        0.0000000000	        0.0000000013	        0.0666666667	        0.1000000000	        0.0010000000
        1.7993455473	        0.5240667837	        0.1003022976	        0.0000000000	        0.0000000000	        0.0000000000	        0.0000000001	        0.0000000001	        0.0000000001	        0.0000000000	        0.0000000015	        0.0666666667	        0.1000000000	        0.0010000000
        1.8087838469	        0.5020317544	        0.0955835829	        0.0000000000	        0.0000000000	        0.0000000000	        0.0000000001	        0.0000000001	        0.0000000001	        0.0000000000	        0.0000000016	        0.0666666667	        0.1000000000	        0.0010000000
        1.8178512012	        0.4806193531	        0.0910503621	        0.0000000000	        0.0000000000	        0.0000000000	        0.0000000001	        0.0000000001	        0.0000000001	        0.0000000000	        0.0000000017	        0.0666666667	        0.1000000000	        0.0010000000
        1.8265582733	        0.4598332758	        0.0866973016	        0.0000000000	        0.0000000000	        0.0000000000	        0.0000000001	        0.0000000001	        0.0000000001	        0.0000000000	        0.0000000018	        0.0666666667	        0.1000000000	        0.0010000000
        1.8349157693	        0.4396748821	        0.0825190462	        0.0000000000	        0.0000000000	        0.0000000000	        0.0000000001	        0.0000000001	        0.0000000001	        0.0000000000	        0.0000000020	        0.0666666667	        0.1000000000	        0.0010000000
        1.8429344002	        0.4201433939	        0.0785102384	        0.0000000000	        0.0000000000	        0.0000000000	        0.0000000001	        0.0000000001	        0.0000000001	        0.0000000000	        0.0000000021	        0.0666666667	        0.1000000000	        0.0010000000
        1.8506248471	        0.4012360880	        0.0746655358	        0.0000000000	        0.0000000000	        0.0000000000	        0.0000000001	        0.0000000001	        0.0000000001	        0.0000000000	        0.0000000023	        0.0666666667	        0.1000000000	        0.0010000000
        1.8579977295	        0.3829484818	        0.0709796268	        0.0000000000	        0.0000000000	        0.0000000000	        0.0000000001	        0.0000000001	        0.0000000001	        0.0000000000	        0.0000000025	        0.0666666667	        0.1000000000	        0.0010000000
        1.8650635767	        0.3652745114	        0.0674472449	        0.0000000000	        0.0000000000	        0.0000000000	        0.0000000001	        0.0000000001	        0.0000000001	        0.0000000000	        0.0000000027	        0.0666666667	        0.1000000000	        0.0010000000
        1.8718328026	        0.3482067019	        0.0640631816	        0.0000000000	        0.0000000000	        0.0000000000	        0.0000000001	        0.0000000001	        0.0000000001	        0.0000000000	        0.0000000029	        0.0666666667	        0.1000000000	        0.0010000000
        1.8783156825	        0.3317363276	        0.0608222976	        0.0000000000	        0.0000000000	        0.0000000000	        0.0000000001	        0.0000000001	        0.0000000001	        0.0000000000	        0.0000000032	        0.0666666667	        0.1000000000	        0.0010000000
        1.8845223335	        0.3158535649	        0.0577195329	        0.0000000000	        0.0000000000	        0.0000000000	        0.0000000001	        0.0000000001	        0.0000000001	        0.0000000000	        0.0000000035	        0.0666666667	        0.1000000000	        0.0010000000
        1.8904626966	        0.3005476351	        0.0547499155	        0.0000000000	        0.0000000000	        0.0000000000	        0.0000000001	        0.0000000001	        0.0000000001	        0.0000000000	        0.0000000038	        0.0666666667	        0.1000000000	        0.0010000000
        1.8961465220	        0.2858069375	        0.0519085692	        0.0000000000	        0.0000000000	        0.0000000000	        0.0000000001	        0.0000000001	        0.0000000001	        0.0000000000	        0.0000000042	        0.0666666667	        0.1000000000	        0.0010000000
        1.9015833556	        0.2716191746	        0.0491907196	        0.0000000000	        0.0000000000	        0.0000000000	        0.0000000001	        0.0000000001	        0.0000000001	        0.0000000000	        0.0000000045	        0.0666666667	        0.1000000000	        0.0010000000
        1.9067825285	        0.2579714669	        0.0465917002	        0.0000000000	        0.0000000000	        0.0000000000	        0.0000000001	        0.0000000001	        0.0000000001	        0.0000000000	        0.0000000050	        0.0666666667	        0.1000000000	        0.0010000000
        1.9117531477	        0.2448504599	        0.0441069562	        0.0000000000	        0.0000000000	        0.0000000000	        0.0000000001	        0.0000000001	        0.0000000001	        0.0000000000	        0.0000000055	        0.0666666667	        0.1000000000	        0.0010000000
        1.9165040890	        0.2322424215	        0.0417320489	        0.0000000000	        0.0000000000	        0.0000000000	        0.0000000001	        0.0000000001	        0.0000000001	        0.0000000000	        0.0000000060	        0.0666666667	        0.1000000000	        0.0010000000
        1.9210439915	        0.2201333324	        0.0394626577	        0.0000000000	        0.0000000000	        0.0000000000	        0.0000000001	        0.0000000001	        0.0000000001	        0.0000000000	        0.0000000066	        0.0666666667	        0.1000000000	        0.0010000000
        1.9253812529	        0.2085089669	        0.0372945830	        0.0000000000	        0.0000000000	        0.0000000000	        0.0000000001	        0.0000000001	        0.0000000001	        0.0000000000	        0.0000000073	        0.0666666667	        0.1000000000	        0.0010000000
        1.9295240269	        0.1973549679	        0.0352237471	        0.0000000000	        0.0000000000	        0.0000000000	        0.0000000001	        0.0000000001	        0.0000000001	        0.0000000000	        0.0000000081	        0.0666666667	        0.1000000000	        0.0010000000
        1.9334802217	        0.1866569131	        0.0332461952	        0.0000000000	        0.0000000000	        0.0000000000	        0.0000000001	        0.0000000001	        0.0000000001	        0.0000000000	        0.0000000089	        0.0666666667	        0.1000000000	        0.0010000000
        1.9372574991	        0.1764003756	        0.0313580958	        0.0000000000	        0.0000000000	        0.0000000000	        0.0000000001	        0.0000000001	        0.0000000001	        0.0000000000	        0.0000000099	        0.0666666667	        0.1000000000	        0.0010000000
        1.9408632750	        0.1665709778	        0.0295557404	        0.0000000000	        0.0000000000	        0.0000000000	        0.0000000001	        0.0000000001	        0.0000000001	        0.0000000000	        0.0000000110	        0.0666666667	        0.1000000000	        0.0010000000
        1.9443047207	        0.1571544385	        0.0278355427	        0.0000000000	        0.0000000000	        0.0000000000	        0.0000000001	        0.0000000001	        0.0000000001	        0.0000000000	        0.0000000123	        0.0666666667	        0.1000000000	        0.0010000000
        1.9475887648	        0.1481366161	        0.0261940380	        0.0000000000	        0.0000000000	        0.0000000000	        0.0000000001	        0.0000000001	        0.0000000001	        0.0000000000	        0.0000000137	        0.0666666667	        0.1000000000	        0.0010000000
        1.9507220961	        0.1395035448	        0.0246278816	        0.0000000000	        0.0000000000	        0.0000000000	        0.0000000001	        0.0000000001	        0.0000000001	        0.0000000000	        0.0000000154	        0.0666666667	        0.1000000000	        0.0010000000
        1.9537111666	        0.1312414675	        0.0231338469	        0.0000000000	        0.0000000000	        0.0000000000	        0.0000000001	        0.0000000001	        0.0000000001	        0.0000000000	        0.0000000173	        0.0666666667	        0.1000000000	        0.0010000000
        1.9565621954	        0.1233368631	        0.0217088242	        0.0000000000	        0.0000000000	        0.0000000000	        0.0000000001	        0.0000000001	        0.0000000001	        0.0000000000	        0.0000000194	        0.0666666667	        0.1000000000	        0.0010000000
        1.9592811732	        0.1157764709	        0.0203498179	        0.0000000000	        0.0000000000	        0.0000000000	        0.0000000001	        0.0000000001	        0.0000000001	        0.0000000000	        0.0000000219	        0.0666666667	        0.1000000000	        0.0010000000
        1.9618738665	        0.1085473103	        0.0190539444	        0.0000000000	        0.0000000000	        0.0000000000	        0.0000000001	        0.0000000001	        0.0000000001	        0.0000000000	        0.0000000248	        0.0666666667	        0.1000000000	        0.0010000000
        1.9643458227	        0.1016366974	        0.0178184298	        0.0000000000	        0.0000000000	        0.0000000000	        0.0000000001	        0.0000000001	        0.0000000001	        0.0000000000	        0.0000000282	        0.0666666667	        0.1000000000	        0.0010000000
        1.9667023755	        0.0950322589	        0.0166406072	        0.0000000000	        0.0000000000	        0.0000000000	        0.0000000001	        0.0000000001	        0.0000000001	        0.0000000000	        0.0000000321	        0.0666666667	        0.1000000000	        0.0010000000
        1.9689486499	        0.0887219426	        0.0155179139	        0.0000000000	        0.0000000000	        0.0000000000	        0.0000000001	        0.0000000001	        0.0000000001	        0.0000000000	        0.0000000368	        0.0666666667	        0.1000000000	        0.0010000000
        1.9710895681	        0.0826940259	        0.0144478888	        0.0000000000	        0.0000000000	        0.0000000000	        0.0000000001	        0.0000000001	        0.0000000001	        0.0000000000	        0.0000000423	        0.0666666667	        0.1000000000	        0.0010000000
        1.9731298548	        0.0769371217	        0.0134281693	        0.0000000000	        0.0000000000	        0.0000000000	        0.0000000001	        0.0000000001	        0.0000000001	        0.0000000000	        0.0000000489	        0.0666666667	        0.1000000000	        0.0010000000
        1.9750740433	        0.0714401823	        0.0124564889	        0.0000000000	        0.0000000000	        0.0000000000	        0.0000000001	        0.0000000001	        0.0000000001	        0.0000000000	        0.0000000568	        0.0666666667	        0.1000000000	        0.0010000000
        1.9769264814	        0.0661925015	        0.0115306736	        0.0000000000	        0.0000000000	        0.0000000000	        0.0000000001	        0.0000000001	        0.0000000001	        0.0000000000	        0.0000000664	        0.0666666667	        0.1000000000	        0.0010000000
        1.9786913367	        0.0611837153	        0.0106486396	        0.0000000000	        0.0000000000	        0.0000000000	        0.0000000001	        0.0000000001	        0.0000000001	        0.0000000000	        0.0000000781	        0.0666666667	        0.1000000000	        0.0010000000
        1.9803726030	        0.0564038007	        0.0098083901	        0.0000000000	        0.0000000000	        0.0000000000	        0.0000000001	        0.0000000001	        0.0000000001	        0.0000000000	        0.0000000927	        0.0666666667	        0.1000000000	        0.0010000000
        1.9819741058	        0.0518430739	        0.0090080124	        0.0000000000	        0.0000000000	        0.0000000000	        0.0000000001	        0.0000000001	        0.0000000001	        0.0000000000	        0.0000001109	        0.0666666667	        0.1000000000	        0.0010000000
        1.9834995080	        0.0474921867	        0.0082456750	        0.0000000000	        0.0000000000	        0.0000000000	        0.0000000001	        0.0000000001	        0.0000000001	        0.0000000000	        0.0000001338	        0.0666666667	        0.1000000000	        0.0010000000
        1.9849523159	        0.0433421223	        0.0075196249	        0.0000000000	        0.0000000000	        0.0000000000	        0.0000000001	        0.0000000001	        0.0000000001	        0.0000000000	        0.0000001630	        0.0666666667	        0.1000000000	        0.0010000000
        1.9863358846	        0.0393841905	        0.0068281847	        0.0000000000	        0.0000000000	        0.0000000000	        0.0000000001	        0.0000000001	        0.0000000001	        0.0000000000	        0.0000002005	        0.0666666667	        0.1000000000	        0.0010000000
        1.9876534236	        0.0356100219	        0.0061697497	        0.0000000000	        0.0000000000	        0.0000000000	        0.0000000001	        0.0000000001	        0.0000000001	        0.0000000000	        0.0000002484	        0.0666666667	        0.1000000000	        0.0010000000
        1.9889080021	        0.0320115612	        0.0055427855	        0.0000000000	        0.0000000000	        0.0000000000	        0.0000000001	        0.0000000001	        0.0000000001	        0.0000000000	        0.0000003098	        0.0666666667	        0.1000000000	        0.0010000000
        1.9901025543	        0.0285810608	        0.0049458250	        0.0000000000	        0.0000000000	        0.0000000000	        0.0000000001	        0.0000000001	        0.0000000001	        0.0000000000	        0.0000003872	        0.0666666667	        0.1000000000	        0.0010000000
        1.9912398850	        0.0253110734	        0.0043774660	        0.0000000000	        0.0000000000	        0.0000000000	        0.0000000001	        0.0000000001	        0.0000000001	        0.0000000000	        0.0000004825	        0.0666666667	        0.1000000000	        0.0010000000
        1.9923226740	        0.0221944442	        0.0038363688	        0.0000000000	        0.0000000000	        0.0000000000	        0.0000000001	        0.0000000001	        0.0000000001	        0.0000000000	        0.0000005949	        0.0666666667	        0.1000000000	        0.0010000000
        1.9933534817	        0.0192243037	        0.0033212533	        0.0000000000	        0.0000000000	        0.0000000000	        0.0000000001	        0.0000000001	        0.0000000001	        0.0000000000	        0.0000007185	        0.0666666667	        0.1000000000	        0.0010000000
        1.9943347532	        0.0163940591	        0.0028308972	        0.0000000000	        0.0000000000	        0.0000000000	        0.0000000001	        0.0000000001	        0.0000000001	        0.0000000000	        0.0000008391	        0.0666666667	        0.1000000000	        0.0010000000
        1.9952688237	        0.0136973862	        0.0023641329	        0.0000000000	        0.0000000000	        0.0000000000	        0.0000000001	        0.0000000001	        0.0000000001	        0.0000000000	        0.0000009332	        0.0666666667	        0.1000000000	        0.0010000000
        1.9961579223	        0.0111282216	        0.0019198462	        0.0000000000	        0.0000000000	        0.0000000000	        0.0000000001	        0.0000000001	        0.0000000001	        0.0000000000	        0.0000009713	        0.0666666667	        0.1000000000	        0.0010000000
        1.9970041770	        0.0086807541	        0.0014969731	        0.0000000000	        0.0000000000	        0.0000000000	        0.0000000001	        0.0000000001	        0.0000000001	        0.0000000000	        0.0000009274	        0.0666666667	        0.1000000000	        0.0010000000
        1.9978096186	        0.0063494166	        0.0010944986	        0.0000000000	        0.0000000000	        0.0000000000	        0.0000000001	        0.0000000001	        0.0000000001	        0.0000000000	        0.0000007908	        0.0666666667	        0.1000000000	        0.0010000000
        1.9985761848	        0.0041288775	        0.0007114539	        0.0000000000	        0.0000000000	        0.0000000000	        0.0000000001	        0.0000000001	        0.0000000001	        0.0000000000	        0.0000005725	        0.0666666667	        0.1000000000	        0.0010000000
        1.9993057241	        0.0020140334	        0.0003469148	        0.0000000000	        0.0000000000	        0.0000000000	        0.0000000001	        0.0000000001	        0.0000000001	        0.0000000000	        0.0000003012	        0.0666666667	        0.1000000000	        0.0010000000
        2.0000000000	        0.0000000000	        0.0000000000	        0.0000000000	        0.0000000000	        0.0000000000	        0.0000000000	        0.0000000000	        0.0000000000	        0.0000000000	        0.0000000115	        0.0000000000	        0.1000000000	        0.0010000000
