        0.0000000000	        0.0000000000	        1.0000000000	        1.0667014828	       20.2049934835	        0.0000000000	        0.0000000000	        0.0000000000	        0.0000000000	        0.0000000000	        0.1456678667	        0.0000000000	        0.0000000000	        0.0010000000
        0.0006386460	        0.0170373121	        0.9946766263	        1.0542578773	       20.2023566527	        0.0000000000	        0.0000000781	        0.0000000868	        0.0000007238	        0.0001722987	        0.1120559826	        0.0666666667	        0.1000000000	        0.0010000000
        0.0013591019	        0.0362309117	        0.9886931953	        1.0403457631	       20.1995245370	        0.0000000000	        0.0000005747	        0.0000006385	        0.0000052981	        0.0005253479	        0.0879434438	        0.0666666667	        0.1000000000	        0.0010000000
        0.0021717769	        0.0578036690	        0.9819866828	        1.0248120191	       20.1964962256	        0.0000000000	        0.0000021284	        0.0000023649	        0.0000194400	        0.0010804019	        0.0716656608	        0.0666666667	        0.1000000000	        0.0010000000
        0.0030883849	        0.0819334210	        0.9745118475	        1.0074932996	       20.1932706953	        0.0000000000	        0.0000058454	        0.0000064949	        0.0000524828	        0.0018630630	        0.0608721753	        0.0666666667	        0.1000000000	        0.0010000000
        0.0041221033	        0.1086846470	        0.9662644621	        0.9882171521	       20.1898439451	        0.0000000000	        0.0000135093	        0.0000150103	        0.0001176588	        0.0028986814	        0.0538633875	        0.0666666667	        0.1000000000	        0.0010000000
        0.0052877492	        0.1379114412	        0.9573130288	        0.9668038732	       20.1862037654	        0.0000000000	        0.0000277547	        0.0000308386	        0.0002298329	        0.0042019825	        0.0494537213	        0.0666666667	        0.1000000000	        0.0010000000
        0.0066019743	        0.1691643838	        0.9478263560	        0.9430693300	       20.1823207813	        0.0000000000	        0.0000520574	        0.0000578416	        0.0003990519	        0.0057608662	        0.0467401470	        0.0666666667	        0.1000000000	        0.0010000000
        0.0080834821	        0.2016769243	        0.9380706497	        0.9168290254	       20.1781337376	        0.0000000000	        0.0000903867	        0.0001004297	        0.0006219796	        0.0075208414	        0.0449859518	        0.0666666667	        0.1000000000	        0.0010000000
        0.0097532660	        0.2345020715	        0.9283556813	        0.8879037476	       20.1735260085	        0.0000000000	        0.0001464817	        0.0001627575	        0.0008783593	        0.0093842219	        0.0436324596	        0.0666666667	        0.1000000000	        0.0010000000
        0.0116348733	        0.2667639336	        0.9189495323	        0.8561272098	       20.1682889014	        0.0000000000	        0.0002229920	        0.0002477689	        0.0011381286	        0.0112332177	        0.0423352103	        0.0666666667	        0.1000000000	        0.0010000000
        0.0137546927	        0.2978659678	        0.9100178162	        0.8213579167	       20.1621040811	        0.0000000000	        0.0003211357	        0.0003568175	        0.0013750313	        0.0129647029	        0.0409147805	        0.0666666667	        0.1000000000	        0.0010000000
        0.0161422702	        0.3275367987	        0.9016199414	        0.7835087697	       20.1548219970	        0.0000000000	        0.0004411220	        0.0004901355	        0.0015752641	        0.0145126288	        0.0392910001	        0.0666666667	        0.1000000000	        0.0010000000
        0.0188306506	        0.3557529294	        0.8937414062	        0.7425709946	       20.1464929084	        0.0000000000	        0.0005826204	        0.0006473560	        0.0017361895	        0.0158493774	        0.0374625293	        0.0666666667	        0.1000000000	        0.0010000000
        0.0218567475	        0.3826365400	        0.8863287161	        0.6986360949	       20.1372199856	        0.0000000000	        0.0007449576	        0.0008277306	        0.0018612106	        0.0169752370	        0.0354774602	        0.0666666667	        0.1000000000	        0.0010000000
        0.0252617393	        0.4083781970	        0.8793132056	        0.6519325112	       20.1271224890	        0.0000000000	        0.0009271996	        0.0010302217	        0.0019558901	        0.0179063719	        0.0333985825	        0.0666666667	        0.1000000000	        0.0010000000
        0.0290914903	        0.4331903702	        0.8726240476	        0.6028672653	       20.1159677186	        0.0000000000	        0.0011281802	        0.0012535336	        0.0020259240	        0.0186658014	        0.0312838227	        0.0666666667	        0.1000000000	        0.0010000000
        0.0333969940	        0.4572834229	        0.8661941734	        0.5520528745	       20.1032106531	        0.0000000000	        0.0013465133	        0.0014961259	        0.0020763422	        0.0192778995	        0.0291793617	        0.0666666667	        0.1000000000	        0.0010000000
        0.0382348325	        0.4808548710	        0.8599623362	        0.5002705308	       20.0887391048	        0.0000000000	        0.0015806222	        0.0017562469	        0.0021113272	        0.0197655042	        0.0271190193	        0.0666666667	        0.1000000000	        0.0010000000
        0.0436676462	        0.5040854316	        0.8538733594	        0.4484814357	       20.0722353498	        0.0000000000	        0.0018288060	        0.0020320066	        0.0021342771	        0.0201486219	        0.0251260285	        0.0666666667	        0.1000000000	        0.0010000000
        0.0497646022	        0.5271380507	        0.8478776827	        0.3977371138	       20.0538685535	        0.0000000000	        0.0020893462	        0.0023214958	        0.0021479346	        0.0204439942	        0.0232153682	        0.0666666667	        0.1000000000	        0.0010000000
        0.0566018496	        0.5501578851	        0.8419307537	        0.3490698221	       20.0338533115	        0.0000000000	        0.0023606458	        0.0026229397	        0.0021545131	        0.0206650879	        0.0213959210	        0.0666666667	        0.1000000000	        0.0010000000
        0.0642629411	        0.5732722671	        0.8359925017	        0.3034006428	       20.0108240516	        0.0000000000	        0.0026413787	        0.0029348653	        0.0021557995	        0.0208222692	        0.0196722321	        0.0666666667	        0.1000000000	        0.0010000000
        0.0728392004	        0.5965902809	        0.8300269748	        0.2614162304	       19.9854872653	        0.0000000000	        0.0029306219	        0.0032562465	        0.0021532330	        0.0209230459	        0.0180458570	        0.0666666667	        0.1000000000	        0.0010000000
        0.0824300053	        0.6202019512	        0.8240021139	        0.2235572962	       19.9562837105	        0.0000000000	        0.0032279300	        0.0035865889	        0.0021479652	        0.0209723357	        0.0165163516	        0.0666666667	        0.1000000000	        0.0010000000
        0.0931429507	        0.6441772707	        0.8178896044	        0.1899913575	       19.9251065534	        0.0000000000	        0.0035333217	        0.0039259130	        0.0021409067	        0.0209727505	        0.0150819767	        0.0666666667	        0.1000000000	        0.0010000000
        0.1050938490	        0.6685654310	        0.8116646975	        0.1606321273	       19.8889947593	        0.0000000000	        0.0038471519	        0.0042746133	        0.0021327658	        0.0209249056	        0.0137401799	        0.0666666667	        0.1000000000	        0.0010000000
        0.1184065179	        0.6933946384	        0.8053058967	        0.1352533888	       19.8492073579	        0.0000000000	        0.0041698715	        0.0046331906	        0.0021240796	        0.0208277595	        0.0124879084	        0.0666666667	        0.1000000000	        0.0010000000
        0.1332122955	        0.7186727913	        0.7987944491	        0.1135336194	       19.8047117500	        0.0000000000	        0.0045016981	        0.0050018868	        0.0021152378	        0.0206789821	        0.0113217973	        0.0666666667	        0.1000000000	        0.0010000000
        0.1496492201	        0.7443890735	        0.7921136183	        0.0950650792	       19.7555930525	        0.0000000000	        0.0048422494	        0.0053802771	        0.0021065083	        0.0204753347	        0.0102382730	        0.0666666667	        0.1000000000	        0.0010000000
        0.1678608015	        0.7705162508	        0.7852477489	        0.0794440228	       19.7012811576	        0.0000000000	        0.0051901985	        0.0057668872	        0.0020980632	        0.0202130365	        0.0092336043	        0.0666666667	        0.1000000000	        0.0010000000
        0.1879943127	        0.7970132405	        0.7781812235	        0.0662439034	       19.6414883625	        0.0000000000	        0.0055430046	        0.0061588940	        0.0020900055	        0.0198880922	        0.0083039295	        0.0666666667	        0.1000000000	        0.0010000000
        0.2101985296	        0.8238274489	        0.7708973685	        0.0550695480	       19.5753121708	        0.0000000000	        0.0058967496	        0.0065519440	        0.0020823980	        0.0194965652	        0.0074452807	        0.0666666667	        0.1000000000	        0.0010000000
        0.2346208557	        0.8508964593	        0.7633773928	        0.0456326161	       19.5030280006	        0.0000000000	        0.0062460818	        0.0069400909	        0.0020752752	        0.0190347960	        0.0066536141	        0.0666666667	        0.1000000000	        0.0010000000
        0.2614037844	        0.8781488440	        0.7555994489	        0.0376596908	       19.4237307216	        0.0000000000	        0.0065842496	        0.0073158329	        0.0020686517	        0.0184995800	        0.0059248527	        0.0666666667	        0.1000000000	        0.0010000000
        0.2906806794	        0.9055040711	        0.7475377196	        0.0309505988	       19.3372459826	        0.0000000000	        0.0069032028	        0.0076702253	        0.0020625252	        0.0178883272	        0.0052549368	        0.0666666667	        0.1000000000	        0.0010000000
        0.3225708876	        0.9328716018	        0.7391615286	        0.0253771708	       19.2427158277	        0.0000000000	        0.0071937539	        0.0079930599	        0.0020568640	        0.0171992301	        0.0046398805	        0.0666666667	        0.1000000000	        0.0010000000
        0.3571742551	        0.9601492808	        0.7304344233	        0.0207244288	       19.1401916327	        0.0000000000	        0.0074458089	        0.0082731210	        0.0020516158	        0.0164314644	        0.0040758297	        0.0666666667	        0.1000000000	        0.0010000000
        0.3945651751	        0.9872210436	        0.7213129185	        0.0167931235	       19.0303046422	        0.0000000000	        0.0076486963	        0.0084985515	        0.0020467272	        0.0155854479	        0.0035591226	        0.0666666667	        0.1000000000	        0.0010000000
        0.4347863703	        1.0139538049	        0.7117449128	        0.0134181224	       18.9126798525	        0.0000000000	        0.0077916377	        0.0086573752	        0.0020421446	        0.0146631895	        0.0030863536	        0.0666666667	        0.1000000000	        0.0010000000
        0.4778426900	        1.0401931710	        0.7016677553	        0.0103773547	       18.7869250020	        0.0000000000	        0.0078644142	        0.0087382380	        0.0020378287	        0.0136687751	        0.0026544489	        0.0666666667	        0.1000000000	        0.0010000000
        0.5236952751	        1.0657573132	        0.6910057827	        0.0075692619	       18.6528807560	        0.0000000000	        0.0078583058	        0.0087314509	        0.0020337426	        0.0126090709	        0.0022607637	        0.0666666667	        0.1000000000	        0.0010000000
        0.5722565058	        1.0904278944	        0.6796679518	        0.0048296517	       18.5114307093	        0.0000000000	        0.0077674136	        0.0086304596	        0.0020298353	        0.0114947764	        0.0019032184	        0.0666666667	        0.1000000000	        0.0010000000
        0.6233861842	        1.1139363483	        0.6675459274	        0.0020048062	       18.3630458343	        0.0000000000	        0.0075905386	        0.0084339318	        0.0020260380	        0.0103420439	        0.0015805008	        0.0666666667	        0.1000000000	        0.0010000000
        0.6768894010	        1.1359432574	        0.6545147372	       -0.0011575929	       18.2077852217	        0.0000000000	        0.0073338465	        0.0081487183	        0.0020222781	        0.0091749726	        0.0012923625	        0.0666666667	        0.1000000000	        0.0010000000
        0.7325164896	        1.1560090483	        0.6404400363	       -0.0047779835	       18.0471836315	        0.0000000000	        0.0070144852	        0.0077938725	        0.0020185086	        0.0080292820	        0.0010400263	        0.0666666667	        0.1000000000	        0.0010000000
        0.7899653716	        1.1735590621	        0.6252013393	       -0.0090215728	       17.8811673949	        0.0000000000	        0.0066646367	        0.0074051519	        0.0020149757	        0.0069569717	        0.0008266387	        0.0666666667	        0.1000000000	        0.0010000000
        0.8488864424	        1.1878627385	        0.6087415544	       -0.0139343587	       17.7111362408	        0.0000000000	        0.0063330725	        0.0070367472	        0.0020130254	        0.0060298782	        0.0006574733	        0.0666666667	        0.1000000000	        0.0010000000
        0.9088899606	        1.1980787509	        0.5911413689	       -0.0197567038	       17.5384073663	        0.0000000000	        0.0060770549	        0.0067522832	        0.0020159137	        0.0053361481	        0.0005392728	        0.0666666667	        0.1000000000	        0.0010000000
        0.9695556872	        1.2034244652	        0.5726723908	       -0.0264223552	       17.3632532045	        0.0000000000	        0.0059407507	        0.0066008341	        0.0020269696	        0.0049620302	        0.0004783387	        0.0666666667	        0.1000000000	        0.0010000000
        1.0304443128	        1.2034244652	        0.5537691621	       -0.0335839295	       17.1876524667	        0.0000000000	        0.0059407507	        0.0066008341	        0.0020467689	        0.0049620302	        0.0004783387	        0.0666666667	        0.1000000000	        0.0010000000
        1.0911100394	        1.1980787509	        0.5349351351	       -0.0409112047	       17.0134954542	        0.0000000000	        0.0060770549	        0.0067522832	        0.0020755148	        0.0053361481	        0.0005392728	        0.0666666667	        0.1000000000	        0.0010000000
        1.1511135576	        1.1878627385	        0.5166336028	       -0.0483876830	       16.8409347716	        0.0000000000	        0.0063330725	        0.0070367472	        0.0021131283	        0.0060298782	        0.0006574733	        0.0666666667	        0.1000000000	        0.0010000000
        1.2100346284	        1.1735590621	        0.4991814450	       -0.0558755866	       16.6706449567	        0.0000000000	        0.0066646367	        0.0074051519	        0.0021566433	        0.0069569717	        0.0008266387	        0.0666666667	        0.1000000000	        0.0010000000
        1.2674835104	        1.1560090483	        0.4827064839	       -0.0631702482	       16.5059105996	        0.0000000000	        0.0070144852	        0.0077938725	        0.0022027492	        0.0080292820	        0.0010400263	        0.0666666667	        0.1000000000	        0.0010000000
        1.3231105990	        1.1359432574	        0.4671924490	       -0.0701377139	       16.3453937809	        0.0000000000	        0.0073338465	        0.0081487183	        0.0022497942	        0.0091749726	        0.0012923625	        0.0666666667	        0.1000000000	        0.0010000000
        1.3766138158	        1.1139363483	        0.4525510482	       -0.0770249057	       16.1920834191	        0.0000000000	        0.0075905386	        0.0084339318	        0.0022972415	        0.0103420439	        0.0015805008	        0.0666666667	        0.1000000000	        0.0010000000
        1.4277434942	        1.0904278944	        0.4386722502	       -0.0841138125	       16.0447324561	        0.0000000000	        0.0077674136	        0.0086304596	        0.0023449525	        0.0114947764	        0.0019032184	        0.0666666667	        0.1000000000	        0.0010000000
        1.4763047249	        1.0657573132	        0.4254492197	       -0.0916488965	       15.9040000320	        0.0000000000	        0.0078583058	        0.0087314509	        0.0023928638	        0.0126090709	        0.0022607637	        0.0666666667	        0.1000000000	        0.0010000000
        1.5221573100	        1.0401931710	        0.4127876893	       -0.0994801236	       15.7719965338	        0.0000000000	        0.0078644142	        0.0087382380	        0.0024408191	        0.0136687751	        0.0026544489	        0.0666666667	        0.1000000000	        0.0010000000
        1.5652136297	        1.0139538049	        0.4006088263	       -0.1077887058	       15.6473667565	        0.0000000000	        0.0077916377	        0.0086573752	        0.0024885698	        0.0146631895	        0.0030863536	        0.0666666667	        0.1000000000	        0.0010000000
        1.6054348249	        0.9872210436	        0.3888479742	       -0.1168572826	       15.5306619477	        0.0000000000	        0.0076486963	        0.0084985515	        0.0025359107	        0.0155854479	        0.0035591226	        0.0666666667	        0.1000000000	        0.0010000000
        1.6428257449	        0.9601492808	        0.3774523793	       -0.1268308014	       15.4227985397	        0.0000000000	        0.0074458089	        0.0082731210	        0.0025826755	        0.0164314644	        0.0040758297	        0.0666666667	        0.1000000000	        0.0010000000
        1.6774291124	        0.9328716018	        0.3663792606	       -0.1377438108	       15.3222557463	        0.0000000000	        0.0071937539	        0.0079930599	        0.0026286824	        0.0171992301	        0.0046398805	        0.0666666667	        0.1000000000	        0.0010000000
        1.7093193206	        0.9055040711	        0.3555942820	       -0.1497133681	       15.2298921781	        0.0000000000	        0.0069032028	        0.0076702253	        0.0026737338	        0.0178883272	        0.0052549368	        0.0666666667	        0.1000000000	        0.0010000000
        1.7385962156	        0.8781488440	        0.3450701277	       -0.1628801243	       15.1450354477	        0.0000000000	        0.0065842496	        0.0073158329	        0.0027176399	        0.0184995800	        0.0059248527	        0.0666666667	        0.1000000000	        0.0010000000
        1.7653791443	        0.8508964593	        0.3347853037	       -0.1775102083	       15.0669167554	        0.0000000000	        0.0062460818	        0.0069400909	        0.0027602382	        0.0190347960	        0.0066536141	        0.0666666667	        0.1000000000	        0.0010000000
        1.7898014704	        0.8238274489	        0.3247229941	       -0.1938957873	       14.9967139795	        0.0000000000	        0.0058967496	        0.0065519440	        0.0028014050	        0.0194965652	        0.0074452807	        0.0666666667	        0.1000000000	        0.0010000000
        1.8120056873	        0.7970132405	        0.3148700307	       -0.2123228245	       14.9315443508	        0.0000000000	        0.0055430046	        0.0061588940	        0.0028410379	        0.0198880922	        0.0083039295	        0.0666666667	        0.1000000000	        0.0010000000
        1.8321391985	        0.7705162508	        0.3052158810	       -0.2331789598	       14.8732992686	        0.0000000000	        0.0051901985	        0.0057668872	        0.0028790427	        0.0202130365	        0.0092336043	        0.0666666667	        0.1000000000	        0.0010000000
        1.8503507799	        0.7443890735	        0.2957514649	       -0.2568559708	       14.8203302371	        0.0000000000	        0.0048422494	        0.0053802771	        0.0029153140	        0.0204753347	        0.0102382730	        0.0666666667	        0.1000000000	        0.0010000000
        1.8667877045	        0.7186727913	        0.2864678497	       -0.2837321862	       14.7724729288	        0.0000000000	        0.0045016981	        0.0050018868	        0.0029496968	        0.0206789821	        0.0113217973	        0.0666666667	        0.1000000000	        0.0010000000
        1.8815934821	        0.6933946384	        0.2773548468	       -0.3140825056	       14.7296440460	        0.0000000000	        0.0041698715	        0.0046331906	        0.0029819413	        0.0208277595	        0.0124879084	        0.0666666667	        0.1000000000	        0.0010000000
        1.8949061510	        0.6685654310	        0.2683996354	       -0.3481544248	       14.6914675574	        0.0000000000	        0.0038471519	        0.0042746133	        0.0030116628	        0.0209249056	        0.0137401799	        0.0666666667	        0.1000000000	        0.0010000000
        1.9068570493	        0.6441772707	        0.2595854867	       -0.3862210895	       14.6567417479	        0.0000000000	        0.0035333217	        0.0039259130	        0.0030383188	        0.0209727505	        0.0150819767	        0.0666666667	        0.1000000000	        0.0010000000
        1.9175699947	        0.6202019512	        0.2508906966	       -0.4276788102	       14.6258303462	        0.0000000000	        0.0032279300	        0.0035865889	        0.0030611447	        0.0209723357	        0.0165163516	        0.0666666667	        0.1000000000	        0.0010000000
        1.9271607996	        0.5965902809	        0.2422880712	       -0.4722074971	       14.5975137812	        0.0000000000	        0.0029306219	        0.0032562465	        0.0030791163	        0.0209230459	        0.0180458570	        0.0666666667	        0.1000000000	        0.0010000000
        1.9357370589	        0.5732722671	        0.2337444806	       -0.5192677786	       14.5725777890	        0.0000000000	        0.0026413787	        0.0029348653	        0.0030909535	        0.0208222692	        0.0196722321	        0.0666666667	        0.1000000000	        0.0010000000
        1.9433981504	        0.5501578851	        0.2252206092	       -0.5671530899	       14.5509883439	        0.0000000000	        0.0023606458	        0.0026229397	        0.0030950422	        0.0206650879	        0.0213959210	        0.0666666667	        0.1000000000	        0.0010000000
        1.9502353978	        0.5271380507	        0.2166709544	       -0.6154717717	       14.5310822613	        0.0000000000	        0.0020893462	        0.0023214958	        0.0030894044	        0.0204439942	        0.0232153682	        0.0666666667	        0.1000000000	        0.0010000000
        1.9563323538	        0.5040854316	        0.2080433925	       -0.6624731939	       14.5133549546	        0.0000000000	        0.0018288060	        0.0020320066	        0.0030716325	        0.0201486219	        0.0251260285	        0.0666666667	        0.1000000000	        0.0010000000
        1.9617651675	        0.4808548710	        0.1992788295	       -0.7074693036	       14.4977630516	        0.0000000000	        0.0015806222	        0.0017562469	        0.0030387629	        0.0197655042	        0.0271190193	        0.0666666667	        0.1000000000	        0.0010000000
        1.9666030060	        0.4572834229	        0.1903104558	       -0.7495394426	       14.4840939296	        0.0000000000	        0.0013465133	        0.0014961259	        0.0029871427	        0.0192778995	        0.0291793617	        0.0666666667	        0.1000000000	        0.0010000000
        1.9709085097	        0.4331903702	        0.1810629792	       -0.7878003374	       14.4721130474	        0.0000000000	        0.0011281802	        0.0012535336	        0.0029122231	        0.0186658014	        0.0312838227	        0.0666666667	        0.1000000000	        0.0010000000
        1.9747382607	        0.4083781970	        0.1714521236	       -0.8225068712	       14.4609838540	        0.0000000000	        0.0009271996	        0.0010302217	        0.0028083778	        0.0179063719	        0.0333985825	        0.0666666667	        0.1000000000	        0.0010000000
        1.9781432525	        0.3826365400	        0.1613850404	       -0.8537066495	       14.4509289661	        0.0000000000	        0.0007449576	        0.0008277306	        0.0026688091	        0.0169752370	        0.0354774602	        0.0666666667	        0.1000000000	        0.0010000000
        1.9811693494	        0.3557529294	        0.1507633784	       -0.8813734313	       14.4421139345	        0.0000000000	        0.0005826204	        0.0006473560	        0.0024857858	        0.0158493774	        0.0374625293	        0.0666666667	        0.1000000000	        0.0010000000
        1.9838577298	        0.3275367987	        0.1394918595	       -0.9055092863	       14.4344131993	        0.0000000000	        0.0004411220	        0.0004901355	        0.0022517774	        0.0145126288	        0.0392910001	        0.0666666667	        0.1000000000	        0.0010000000
        1.9862453073	        0.2978659678	        0.1274968973	       -0.9264908932	       14.4276595448	        0.0000000000	        0.0003211357	        0.0003568175	        0.0019623368	        0.0129647029	        0.0409147805	        0.0666666667	        0.1000000000	        0.0010000000
        1.9883651267	        0.2667639336	        0.1147604270	       -0.9448511856	       14.4216907610	        0.0000000000	        0.0002229920	        0.0002477689	        0.0016215976	        0.0112332177	        0.0423352103	        0.0666666667	        0.1000000000	        0.0010000000
        1.9902467340	        0.2345020715	        0.1013692366	       -0.9609598363	       14.4164011800	        0.0000000000	        0.0001464817	        0.0001627575	        0.0012494855	        0.0093842219	        0.0436324596	        0.0666666667	        0.1000000000	        0.0010000000
        1.9919165179	        0.2016769243	        0.0875602137	       -0.9750438222	       14.4117317053	        0.0000000000	        0.0000903867	        0.0001004297	        0.0008834244	        0.0075208414	        0.0449859518	        0.0666666667	        0.1000000000	        0.0010000000
        1.9933980257	        0.1691643838	        0.0737141987	       -0.9873215140	       14.4076234552	        0.0000000000	        0.0000520574	        0.0000578416	        0.0005659662	        0.0057608662	        0.0467401470	        0.0666666667	        0.1000000000	        0.0010000000
        1.9947122508	        0.1379114412	        0.0602691896	       -0.9980048334	       14.4040171105	        0.0000000000	        0.0000277547	        0.0000308386	        0.0003255206	        0.0042019825	        0.0494537213	        0.0666666667	        0.1000000000	        0.0010000000
        1.9958778967	        0.1086846470	        0.0475996441	       -1.0072913469	       14.4008558683	        0.0000000000	        0.0000135093	        0.0000150103	        0.0001664315	        0.0028986814	        0.0538633875	        0.0666666667	        0.1000000000	        0.0010000000
        1.9969116151	        0.0819334210	        0.0359410081	       -1.0153604942	       14.3980870320	        0.0000000000	        0.0000058454	        0.0000064949	        0.0000741503	        0.0018630630	        0.0608721753	        0.0666666667	        0.1000000000	        0.0010000000
        1.9978282231	        0.0578036690	        0.0253865052	       -1.0223723852	       14.3956627328	        0.0000000000	        0.0000021284	        0.0000023649	        0.0000274359	        0.0010804019	        0.0716656608	        0.0666666667	        0.1000000000	        0.0010000000
        1.9986408981	        0.0362309117	        0.0159267837	       -1.0284681259	       14.3935401103	        0.0000000000	        0.0000005747	        0.0000006385	        0.0000074697	        0.0005253479	        0.0879434438	        0.0666666667	        0.1000000000	        0.0010000000
        1.9993613540	        0.0170373121	        0.0074950574	       -1.0337709976	       14.3916811744	        0.0000000000	        0.0000000781	        0.0000000868	        0.0000010196	        0.0001722987	        0.1120559826	        0.0666666667	        0.1000000000	        0.0010000000
        2.0000000000	        0.0000000000	        0.0000000000	       -1.0383880573	       14.3900524888	        0.0000000000	        0.0000000000	        0.0000000000	        0.0000000000	        0.0000000000	        0.1456678667	        0.0000000000	        0.0000000000	        0.0010000000
