        0.0000000000	        0.0000000000	        1.0000000000	        7.4793462837	       30.1105329785	        0.0000000000	        0.0000000000	        0.0000000000	        0.0000000000	        0.0000000000	        0.1456678667	        0.0000000000	        0.0000000000	        0.0010000000
        0.0006386460	        0.0170373121	        0.9955537485	        6.9413002515	       30.0947262451	        0.0000000000	        0.0000000781	        0.0000000868	        0.0000005982	        0.0001722987	        0.1120559826	        0.0666666667	        0.1000000000	        0.0010000000
        0.0013591019	        0.0362309117	        0.9906549221	        6.3732754848	       30.0773187189	        0.0000000000	        0.0000005747	        0.0000006385	        0.0000042901	        0.0005253479	        0.0879434438	        0.0666666667	        0.1000000000	        0.0010000000
        0.0021717769	        0.0578036690	        0.9852782054	        5.7799908901	       30.0581873946	        0.0000000000	        0.0000021284	        0.0000023649	        0.0000154080	        0.0010804019	        0.0716656608	        0.0666666667	        0.1000000000	        0.0010000000
        0.0030883849	        0.0819334210	        0.9794148874	        5.1681709464	       30.0372005519	        0.0000000000	        0.0000058454	        0.0000064949	        0.0000406910	        0.0018630630	        0.0608721753	        0.0666666667	        0.1000000000	        0.0010000000
        0.0041221033	        0.1086846470	        0.9730884344	        4.5467767429	       30.0142118464	        0.0000000000	        0.0000135093	        0.0000150103	        0.0000892130	        0.0028986814	        0.0538633875	        0.0666666667	        0.1000000000	        0.0010000000
        0.0052877492	        0.1379114412	        0.9663741418	        3.9270845715	       29.9890494602	        0.0000000000	        0.0000277547	        0.0000308386	        0.0001704637	        0.0042019825	        0.0494537213	        0.0666666667	        0.1000000000	        0.0010000000
        0.0066019743	        0.1691643838	        0.9594131574	        3.3224691620	       29.9614973243	        0.0000000000	        0.0000520574	        0.0000578416	        0.0002897303	        0.0057608662	        0.0467401470	        0.0666666667	        0.1000000000	        0.0010000000
        0.0080834821	        0.2016769243	        0.9524032774	        2.7476663092	       29.9312639073	        0.0000000000	        0.0000903867	        0.0001004297	        0.0004426578	        0.0075208414	        0.0449859518	        0.0666666667	        0.1000000000	        0.0010000000
        0.0097532660	        0.2345020715	        0.9455560382	        2.2171671738	       29.8979318326	        0.0000000000	        0.0001464817	        0.0001627575	        0.0006139500	        0.0093842219	        0.0436324596	        0.0666666667	        0.1000000000	        0.0010000000
        0.0116348733	        0.2667639336	        0.9390381194	        1.7422161453	       29.8608783536	        0.0000000000	        0.0002229920	        0.0002477689	        0.0007832666	        0.0112332177	        0.0423352103	        0.0666666667	        0.1000000000	        0.0010000000
        0.0137546927	        0.2978659678	        0.9329358144	        1.3272513510	       29.8192192948	        0.0000000000	        0.0003211357	        0.0003568175	        0.0009345429	        0.0129647029	        0.0409147805	        0.0666666667	        0.1000000000	        0.0010000000
        0.0161422702	        0.3275367987	        0.9272600272	        0.9766460072	       29.7722513320	        0.0000000000	        0.0004411220	        0.0004901355	        0.0010609412	        0.0145126288	        0.0392910001	        0.0666666667	        0.1000000000	        0.0010000000
        0.0188306506	        0.3557529294	        0.9219736430	        0.6886947443	       29.7194601873	        0.0000000000	        0.0005826204	        0.0006473560	        0.0011629739	        0.0158493774	        0.0374625293	        0.0666666667	        0.1000000000	        0.0010000000
        0.0218567475	        0.3826365400	        0.9170173110	        0.4588672329	       29.6605815341	        0.0000000000	        0.0007449576	        0.0008277306	        0.0012445626	        0.0169752370	        0.0354774602	        0.0666666667	        0.1000000000	        0.0010000000
        0.0252617393	        0.4083781970	        0.9123257294	        0.2820532920	       29.5957603886	        0.0000000000	        0.0009271996	        0.0010302217	        0.0013103385	        0.0179063719	        0.0333985825	        0.0666666667	        0.1000000000	        0.0010000000
        0.0290914903	        0.4331903702	        0.9078359392	        0.1503367429	       29.5244879916	        0.0000000000	        0.0011281802	        0.0012535336	        0.0013643951	        0.0186658014	        0.0312838227	        0.0666666667	        0.1000000000	        0.0010000000
        0.0333969940	        0.4572834229	        0.9034904807	        0.0533369272	       29.4455750675	        0.0000000000	        0.0013465133	        0.0014961259	        0.0014099858	        0.0192778995	        0.0291793617	        0.0666666667	        0.1000000000	        0.0010000000
        0.0382348325	        0.4808548710	        0.8992377259	       -0.0177607079	       29.3583965507	        0.0000000000	        0.0015806222	        0.0017562469	        0.0014496109	        0.0197655042	        0.0271190193	        0.0666666667	        0.1000000000	        0.0010000000
        0.0436676462	        0.5040854316	        0.8950311637	       -0.0710993961	       29.2622452000	        0.0000000000	        0.0018288060	        0.0020320066	        0.0014852109	        0.0201486219	        0.0251260285	        0.0666666667	        0.1000000000	        0.0010000000
        0.0497646022	        0.5271380507	        0.8908282002	       -0.1131881867	       29.1562560654	        0.0000000000	        0.0020893462	        0.0023214958	        0.0015183834	        0.0204439942	        0.0232153682	        0.0666666667	        0.1000000000	        0.0010000000
        0.0566018496	        0.5501578851	        0.8865888887	       -0.1484256017	       29.0395475108	        0.0000000000	        0.0023606458	        0.0026229397	        0.0015505352	        0.0206650879	        0.0213959210	        0.0666666667	        0.1000000000	        0.0010000000
        0.0642629411	        0.5732722671	        0.8822748098	       -0.1793355345	       28.9111279629	        0.0000000000	        0.0026413787	        0.0029348653	        0.0015829615	        0.0208222692	        0.0196722321	        0.0666666667	        0.1000000000	        0.0010000000
        0.0728392004	        0.5965902809	        0.8778481762	       -0.2069069184	       28.7699096381	        0.0000000000	        0.0029306219	        0.0032562465	        0.0016168674	        0.0209230459	        0.0180458570	        0.0666666667	        0.1000000000	        0.0010000000
        0.0824300053	        0.6202019512	        0.8732712014	       -0.2310807800	       28.6148939903	        0.0000000000	        0.0032279300	        0.0035865889	        0.0016533445	        0.0209723357	        0.0165163516	        0.0666666667	        0.1000000000	        0.0010000000
        0.0931429507	        0.6441772707	        0.8685057276	       -0.2512302950	       28.4434321243	        0.0000000000	        0.0035333217	        0.0039259130	        0.0016933225	        0.0209727505	        0.0150819767	        0.0666666667	        0.1000000000	        0.0010000000
        0.1050938490	        0.6685654310	        0.8635130812	       -0.2664971365	       28.2552690291	        0.0000000000	        0.0038471519	        0.0042746133	        0.0017375063	        0.0209249056	        0.0137401799	        0.0666666667	        0.1000000000	        0.0010000000
        0.1184065179	        0.6933946384	        0.8582541233	       -0.2760478959	       28.0488938886	        0.0000000000	        0.0041698715	        0.0046331906	        0.0017863086	        0.0208277595	        0.0124879084	        0.0666666667	        0.1000000000	        0.0010000000
        0.1332122955	        0.7186727913	        0.8526894589	       -0.2793460163	       27.8232273128	        0.0000000000	        0.0045016981	        0.0050018868	        0.0018397962	        0.0206789821	        0.0113217973	        0.0666666667	        0.1000000000	        0.0010000000
        0.1496492201	        0.7443890735	        0.8467797144	       -0.2762104857	       27.5749049469	        0.0000000000	        0.0048422494	        0.0053802771	        0.0018976582	        0.0204753347	        0.0102382730	        0.0666666667	        0.1000000000	        0.0010000000
        0.1678608015	        0.7705162508	        0.8404858488	       -0.2667894819	       27.3048440954	        0.0000000000	        0.0051901985	        0.0057668872	        0.0019591939	        0.0202130365	        0.0092336043	        0.0666666667	        0.1000000000	        0.0010000000
        0.1879943127	        0.7970132405	        0.8337694947	       -0.2519084945	       27.0098219285	        0.0000000000	        0.0055430046	        0.0061588940	        0.0020233659	        0.0198880922	        0.0083039295	        0.0666666667	        0.1000000000	        0.0010000000
        0.2101985296	        0.8238274489	        0.8265930291	       -0.2329632929	       26.6895497014	        0.0000000000	        0.0058967496	        0.0065519440	        0.0020889364	        0.0194965652	        0.0074452807	        0.0666666667	        0.1000000000	        0.0010000000
        0.2346208557	        0.8508964593	        0.8189191828	       -0.2112908156	       26.3417442630	        0.0000000000	        0.0062460818	        0.0069400909	        0.0021545864	        0.0190347960	        0.0066536141	        0.0666666667	        0.1000000000	        0.0010000000
        0.2614037844	        0.8781488440	        0.8107104664	       -0.1878238633	       25.9649586596	        0.0000000000	        0.0065842496	        0.0073158329	        0.0022189444	        0.0184995800	        0.0059248527	        0.0666666667	        0.1000000000	        0.0010000000
        0.2906806794	        0.9055040711	        0.8019287180	       -0.1635226444	       25.5583190279	        0.0000000000	        0.0069032028	        0.0076702253	        0.0022806263	        0.0178883272	        0.0052549368	        0.0666666667	        0.1000000000	        0.0010000000
        0.3225708876	        0.9328716018	        0.7925343237	       -0.1401075067	       25.1214258123	        0.0000000000	        0.0071937539	        0.0079930599	        0.0023384776	        0.0171992301	        0.0046398805	        0.0666666667	        0.1000000000	        0.0010000000
        0.3571742551	        0.9601492808	        0.7824837402	       -0.1189374837	       24.6512863613	        0.0000000000	        0.0074458089	        0.0082731210	        0.0023918001	        0.0164314644	        0.0040758297	        0.0666666667	        0.1000000000	        0.0010000000
        0.3945651751	        0.9872210436	        0.7717261845	       -0.0998027602	       24.1480950187	        0.0000000000	        0.0076486963	        0.0084985515	        0.0024401394	        0.0155854479	        0.0035591226	        0.0666666667	        0.1000000000	        0.0010000000
        0.4347863703	        1.0139538049	        0.7602018205	       -0.0825152677	       23.6119922143	        0.0000000000	        0.0077916377	        0.0086573752	        0.0024830505	        0.0146631895	        0.0030863536	        0.0666666667	        0.1000000000	        0.0010000000
        0.4778426900	        1.0401931710	        0.7478395642	       -0.0672305150	       23.0430983749	        0.0000000000	        0.0078644142	        0.0087382380	        0.0025201816	        0.0136687751	        0.0026544489	        0.0666666667	        0.1000000000	        0.0010000000
        0.5236952751	        1.0657573132	        0.7345537492	       -0.0547618063	       22.4404697392	        0.0000000000	        0.0078583058	        0.0087314509	        0.0025515431	        0.0126090709	        0.0022607637	        0.0666666667	        0.1000000000	        0.0010000000
        0.5722565058	        1.0904278944	        0.7202385060	       -0.0456972185	       21.8063263703	        0.0000000000	        0.0077674136	        0.0086304596	        0.0025776668	        0.0114947764	        0.0019032184	        0.0666666667	        0.1000000000	        0.0010000000
        0.6233861842	        1.1139363483	        0.7047623212	       -0.0401929652	       21.1423405009	        0.0000000000	        0.0075905386	        0.0084339318	        0.0025994676	        0.0103420439	        0.0015805008	        0.0666666667	        0.1000000000	        0.0010000000
        0.6768894010	        1.1359432574	        0.6879661770	       -0.0377004092	       20.4506861069	        0.0000000000	        0.0073338465	        0.0081487183	        0.0026178893	        0.0091749726	        0.0012923625	        0.0666666667	        0.1000000000	        0.0010000000
        0.7325164896	        1.1560090483	        0.6696730699	       -0.0389747523	       19.7349956144	        0.0000000000	        0.0070144852	        0.0077938725	        0.0026341058	        0.0080292820	        0.0010400263	        0.0666666667	        0.1000000000	        0.0010000000
        0.7899653716	        1.1735590621	        0.6497128886	       -0.0420413989	       18.9992933500	        0.0000000000	        0.0066646367	        0.0074051519	        0.0026493260	        0.0069569717	        0.0008266387	        0.0666666667	        0.1000000000	        0.0010000000
        0.8488864424	        1.1878627385	        0.6279953402	       -0.0482556418	       18.2492732419	        0.0000000000	        0.0063330725	        0.0070367472	        0.0026661039	        0.0060298782	        0.0006574733	        0.0666666667	        0.1000000000	        0.0010000000
        0.9088899606	        1.1980787509	        0.6046029663	       -0.0578107238	       17.4911858545	        0.0000000000	        0.0060770549	        0.0067522832	        0.0026899906	        0.0053361481	        0.0005392728	        0.0666666667	        0.1000000000	        0.0010000000
        0.9695556872	        1.2034244652	        0.5798654465	       -0.0709300749	       16.7300166889	        0.0000000000	        0.0059407507	        0.0066008341	        0.0027268404	        0.0049620302	        0.0004783387	        0.0666666667	        0.1000000000	        0.0010000000
        1.0304443128	        1.2034244652	        0.5543269065	       -0.0870553526	       15.9756481435	        0.0000000000	        0.0059407507	        0.0066008341	        0.0027789683	        0.0049620302	        0.0004783387	        0.0666666667	        0.1000000000	        0.0010000000
        1.0911100394	        1.1980787509	        0.5286282802	       -0.1034807818	       15.2337542245	        0.0000000000	        0.0060770549	        0.0067522832	        0.0028474153	        0.0053361481	        0.0005392728	        0.0666666667	        0.1000000000	        0.0010000000
        1.1511135576	        1.1878627385	        0.5033803354	       -0.1182856791	       14.5120812543	        0.0000000000	        0.0063330725	        0.0070367472	        0.0029314718	        0.0060298782	        0.0006574733	        0.0666666667	        0.1000000000	        0.0010000000
        1.2100346284	        1.1735590621	        0.4790283878	       -0.1290033203	       13.8159689814	        0.0000000000	        0.0066646367	        0.0074051519	        0.0030250228	        0.0069569717	        0.0008266387	        0.0666666667	        0.1000000000	        0.0010000000
        1.2674835104	        1.1560090483	        0.4557923510	       -0.1336144372	       13.1529878960	        0.0000000000	        0.0070144852	        0.0077938725	        0.0031200705	        0.0080292820	        0.0010400263	        0.0666666667	        0.1000000000	        0.0010000000
        1.3231105990	        1.1359432574	        0.4337177712	       -0.1323881164	       12.5233358881	        0.0000000000	        0.0073338465	        0.0081487183	        0.0032106341	        0.0091749726	        0.0012923625	        0.0666666667	        0.1000000000	        0.0010000000
        1.3766138158	        1.1139363483	        0.4127581610	       -0.1248361423	       11.9314654029	        0.0000000000	        0.0075905386	        0.0084339318	        0.0032926353	        0.0103420439	        0.0015805008	        0.0666666667	        0.1000000000	        0.0010000000
        1.4277434942	        1.0904278944	        0.3928397810	       -0.1089256673	       11.3750315857	        0.0000000000	        0.0077674136	        0.0086304596	        0.0033622535	        0.0114947764	        0.0019032184	        0.0666666667	        0.1000000000	        0.0010000000
        1.4763047249	        1.0657573132	        0.3738988597	       -0.0871213446	       10.8576405194	        0.0000000000	        0.0078583058	        0.0087314509	        0.0034164082	        0.0126090709	        0.0022607637	        0.0666666667	        0.1000000000	        0.0010000000
        1.5221573100	        1.0401931710	        0.3558831326	       -0.0617435454	       10.3739688741	        0.0000000000	        0.0078644142	        0.0087382380	        0.0034539133	        0.0136687751	        0.0026544489	        0.0666666667	        0.1000000000	        0.0010000000
        1.5652136297	        1.0139538049	        0.3387481338	       -0.0318844093	        9.9243300406	        0.0000000000	        0.0077916377	        0.0086573752	        0.0034744536	        0.0146631895	        0.0030863536	        0.0666666667	        0.1000000000	        0.0010000000
        1.6054348249	        0.9872210436	        0.3224593446	        0.0044851291	        9.5066528840	        0.0000000000	        0.0076486963	        0.0084985515	        0.0034774840	        0.0155854479	        0.0035591226	        0.0666666667	        0.1000000000	        0.0010000000
        1.6428257449	        0.9601492808	        0.3069937930	        0.0485208432	        9.1187398965	        0.0000000000	        0.0074458089	        0.0082731210	        0.0034623042	        0.0164314644	        0.0040758297	        0.0666666667	        0.1000000000	        0.0010000000
        1.6774291124	        0.9328716018	        0.2923380525	        0.0993484704	        8.7584779356	        0.0000000000	        0.0071937539	        0.0079930599	        0.0034287518	        0.0171992301	        0.0046398805	        0.0666666667	        0.1000000000	        0.0010000000
        1.7093193206	        0.9055040711	        0.2784829353	        0.1572535431	        8.4238563827	        0.0000000000	        0.0069032028	        0.0076702253	        0.0033773392	        0.0178883272	        0.0052549368	        0.0666666667	        0.1000000000	        0.0010000000
        1.7385962156	        0.8781488440	        0.2654213236	        0.2231295050	        8.1125057762	        0.0000000000	        0.0065842496	        0.0073158329	        0.0033088354	        0.0184995800	        0.0059248527	        0.0666666667	        0.1000000000	        0.0010000000
        1.7653791443	        0.8508964593	        0.2531471709	        0.2960077239	        7.8230639792	        0.0000000000	        0.0062460818	        0.0069400909	        0.0032243997	        0.0190347960	        0.0066536141	        0.0666666667	        0.1000000000	        0.0010000000
        1.7898014704	        0.8238274489	        0.2416526178	        0.3734530046	        7.5532144810	        0.0000000000	        0.0058967496	        0.0065519440	        0.0031259340	        0.0194965652	        0.0074452807	        0.0666666667	        0.1000000000	        0.0010000000
        1.8120056873	        0.7970132405	        0.2309248116	        0.4504632442	        7.3020478411	        0.0000000000	        0.0055430046	        0.0061588940	        0.0030163006	        0.0198880922	        0.0083039295	        0.0666666667	        0.1000000000	        0.0010000000
        1.8321391985	        0.7705162508	        0.2209421173	        0.5224028370	        7.0670332668	        0.0000000000	        0.0051901985	        0.0057668872	        0.0028991675	        0.0202130365	        0.0092336043	        0.0666666667	        0.1000000000	        0.0010000000
        1.8503507799	        0.7443890735	        0.2116726053	        0.5847909647	        6.8475397545	        0.0000000000	        0.0048422494	        0.0053802771	        0.0027785039	        0.0204753347	        0.0102382730	        0.0666666667	        0.1000000000	        0.0010000000
        1.8667877045	        0.7186727913	        0.2030738951	        0.6332867854	        6.6426958643	        0.0000000000	        0.0045016981	        0.0050018868	        0.0026582148	        0.0206789821	        0.0113217973	        0.0666666667	        0.1000000000	        0.0010000000
        1.8815934821	        0.6933946384	        0.1950938973	        0.6643157188	        6.4521536194	        0.0000000000	        0.0041698715	        0.0046331906	        0.0025418268	        0.0208277595	        0.0124879084	        0.0666666667	        0.1000000000	        0.0010000000
        1.8949061510	        0.6685654310	        0.1876724277	        0.6754297353	        6.2748023788	        0.0000000000	        0.0038471519	        0.0042746133	        0.0024322128	        0.0209249056	        0.0137401799	        0.0666666667	        0.1000000000	        0.0010000000
        1.9068570493	        0.6441772707	        0.1807433974	        0.6646146710	        6.1089898892	        0.0000000000	        0.0035333217	        0.0039259130	        0.0023314596	        0.0209727505	        0.0150819767	        0.0666666667	        0.1000000000	        0.0010000000
        1.9175699947	        0.6202019512	        0.1742369108	        0.6301175461	        5.9560851038	        0.0000000000	        0.0032279300	        0.0035865889	        0.0022408708	        0.0209723357	        0.0165163516	        0.0666666667	        0.1000000000	        0.0010000000
        1.9271607996	        0.5965902809	        0.1680810514	        0.5699519223	        5.8147684580	        0.0000000000	        0.0029306219	        0.0032562465	        0.0021610288	        0.0209230459	        0.0180458570	        0.0666666667	        0.1000000000	        0.0010000000
        1.9357370589	        0.5732722671	        0.1622031117	        0.4813013381	        5.6838749766	        0.0000000000	        0.0026413787	        0.0029348653	        0.0020918964	        0.0208222692	        0.0196722321	        0.0666666667	        0.1000000000	        0.0010000000
        1.9433981504	        0.5501578851	        0.1565301293	        0.3630432329	        5.5645840154	        0.0000000000	        0.0023606458	        0.0026229397	        0.0020328061	        0.0206650879	        0.0213959210	        0.0666666667	        0.1000000000	        0.0010000000
        1.9502353978	        0.5271380507	        0.1509893170	        0.2103768383	        5.4546270498	        0.0000000000	        0.0020893462	        0.0023214958	        0.0019825261	        0.0204439942	        0.0232153682	        0.0666666667	        0.1000000000	        0.0010000000
        1.9563323538	        0.5040854316	        0.1455072020	        0.0232850216	        5.3547072292	        0.0000000000	        0.0018288060	        0.0020320066	        0.0019391942	        0.0201486219	        0.0251260285	        0.0666666667	        0.1000000000	        0.0010000000
        1.9617651675	        0.4808548710	        0.1400092575	       -0.2015579258	        5.2635818558	        0.0000000000	        0.0015806222	        0.0017562469	        0.0019001955	        0.0197655042	        0.0271190193	        0.0666666667	        0.1000000000	        0.0010000000
        1.9666030060	        0.4572834229	        0.1344184634	       -0.4627542568	        5.1810732419	        0.0000000000	        0.0013465133	        0.0014961259	        0.0018620579	        0.0192778995	        0.0291793617	        0.0666666667	        0.1000000000	        0.0010000000
        1.9709085097	        0.4331903702	        0.1286542702	       -0.7562373415	        5.1074400288	        0.0000000000	        0.0011281802	        0.0012535336	        0.0018201861	        0.0186658014	        0.0312838227	        0.0666666667	        0.1000000000	        0.0010000000
        1.9747382607	        0.4083781970	        0.1226317034	       -1.0813658317	        5.0410544576	        0.0000000000	        0.0009271996	        0.0010302217	        0.0017688104	        0.0179063719	        0.0333985825	        0.0666666667	        0.1000000000	        0.0010000000
        1.9781432525	        0.3826365400	        0.1162604454	       -1.4365084329	        4.9813621675	        0.0000000000	        0.0007449576	        0.0008277306	        0.0017009720	        0.0169752370	        0.0354774602	        0.0666666667	        0.1000000000	        0.0010000000
        1.9811693494	        0.3557529294	        0.1094456812	       -1.8139986535	        4.9282265337	        0.0000000000	        0.0005826204	        0.0006473560	        0.0016085590	        0.0158493774	        0.0374625293	        0.0666666667	        0.1000000000	        0.0010000000
        1.9838577298	        0.3275367987	        0.1020933063	       -2.2022062523	        4.8815687812	        0.0000000000	        0.0004411220	        0.0004901355	        0.0014829854	        0.0145126288	        0.0392910001	        0.0666666667	        0.1000000000	        0.0010000000
        1.9862453073	        0.2978659678	        0.0941227397	       -2.5963518710	        4.8407701715	        0.0000000000	        0.0003211357	        0.0003568175	        0.0013173347	        0.0129647029	        0.0409147805	        0.0666666667	        0.1000000000	        0.0010000000
        1.9883651267	        0.2667639336	        0.0854908687	       -2.9950588057	        4.8049773612	        0.0000000000	        0.0002229920	        0.0002477689	        0.0011105544	        0.0112332177	        0.0423352103	        0.0666666667	        0.1000000000	        0.0010000000
        1.9902467340	        0.2345020715	        0.0762291584	       -3.3927229594	        4.7735138346	        0.0000000000	        0.0001464817	        0.0001627575	        0.0008732002	        0.0093842219	        0.0436324596	        0.0666666667	        0.1000000000	        0.0010000000
        1.9919165179	        0.2016769243	        0.0664820587	       -3.7808623234	        4.7458593545	        0.0000000000	        0.0000903867	        0.0001004297	        0.0006298612	        0.0075208414	        0.0449859518	        0.0666666667	        0.1000000000	        0.0010000000
        1.9933980257	        0.1691643838	        0.0565117531	       -4.1532222158	        4.7215556965	        0.0000000000	        0.0000520574	        0.0000578416	        0.0004114416	        0.0057608662	        0.0467401470	        0.0666666667	        0.1000000000	        0.0010000000
        1.9947122508	        0.1379114412	        0.0466422474	       -4.5057287068	        4.7001950061	        0.0000000000	        0.0000277547	        0.0000308386	        0.0002410879	        0.0042019825	        0.0494537213	        0.0666666667	        0.1000000000	        0.0010000000
        1.9958778967	        0.1086846470	        0.0371707225	       -4.8359578314	        4.6814165354	        0.0000000000	        0.0000135093	        0.0000150103	        0.0001254506	        0.0028986814	        0.0538633875	        0.0666666667	        0.1000000000	        0.0010000000
        1.9969116151	        0.0819334210	        0.0283044595	       -5.1427160253	        4.6649026076	        0.0000000000	        0.0000058454	        0.0000064949	        0.0000568203	        0.0018630630	        0.0608721753	        0.0666666667	        0.1000000000	        0.0010000000
        1.9978282231	        0.0578036690	        0.0201491305	       -5.4257111386	        4.6503743227	        0.0000000000	        0.0000021284	        0.0000023649	        0.0000213476	        0.0010804019	        0.0716656608	        0.0666666667	        0.1000000000	        0.0010000000
        1.9986408981	        0.0362309117	        0.0127315882	       -5.6852965901	        4.6375873128	        0.0000000000	        0.0000005747	        0.0000006385	        0.0000058946	        0.0005253479	        0.0879434438	        0.0666666667	        0.1000000000	        0.0010000000
        1.9993613540	        0.0170373121	        0.0060304382	       -5.9222741347	        4.6263277290	        0.0000000000	        0.0000000781	        0.0000000868	        0.0000008150	        0.0001722987	        0.1120559826	        0.0666666667	        0.1000000000	        0.0010000000
        2.0000000000	        0.0000000000	        0.0000000000	       -6.1377432660	        4.6164085488	        0.0000000000	        0.0000000000	        0.0000000000	        0.0000000000	        0.0000000000	        0.1456678667	        0.0000000000	        0.0000000000	        0.0010000000
