        0.0000000000	        0.0000000000	        1.0000000000	        8.9658905180	       30.4043084579	        0.0000000000	        0.0000000000	        0.0000000000	        0.0000000000	        0.0000000000	        0.1456678667	        0.0000000000	        0.0000000000	        0.0010000000
        0.0006386460	        0.0170373121	        0.9959003629	        8.1351373265	       30.3838870232	        0.0000000000	        0.0000000781	        0.0000000868	        0.0000005498	        0.0001722987	        0.1120559826	        0.0666666667	        0.1000000000	        0.0010000000
        0.0013591019	        0.0362309117	        0.9914116936	        7.2718392166	       30.3615111251	        0.0000000000	        0.0000005747	        0.0000006385	        0.0000039185	        0.0005253479	        0.0879434438	        0.0666666667	        0.1000000000	        0.0010000000
        0.0021717769	        0.0578036690	        0.9865147460	        6.3873772480	       30.3370594152	        0.0000000000	        0.0000021284	        0.0000023649	        0.0000139930	        0.0010804019	        0.0716656608	        0.0666666667	        0.1000000000	        0.0010000000
        0.0030883849	        0.0819334210	        0.9812039221	        5.4967696681	       30.3104068438	        0.0000000000	        0.0000058454	        0.0000064949	        0.0000367679	        0.0018630630	        0.0608721753	        0.0666666667	        0.1000000000	        0.0010000000
        0.0041221033	        0.1086846470	        0.9755002183	        4.6188337075	       30.2814172120	        0.0000000000	        0.0000135093	        0.0000150103	        0.0000802884	        0.0028986814	        0.0538633875	        0.0666666667	        0.1000000000	        0.0010000000
        0.0052877492	        0.1379114412	        0.9694677297	        3.7759003107	       30.2499284976	        0.0000000000	        0.0000277547	        0.0000308386	        0.0001530048	        0.0042019825	        0.0494537213	        0.0666666667	        0.1000000000	        0.0010000000
        0.0066019743	        0.1691643838	        0.9632255685	        2.9927348983	       30.2157264748	        0.0000000000	        0.0000520574	        0.0000578416	        0.0002597958	        0.0057608662	        0.0467401470	        0.0666666667	        0.1000000000	        0.0010000000
        0.0080834821	        0.2016769243	        0.9569403151	        2.2941270942	       30.1784998533	        0.0000000000	        0.0000903867	        0.0001004297	        0.0003972450	        0.0075208414	        0.0449859518	        0.0666666667	        0.1000000000	        0.0010000000
        0.0097532660	        0.2345020715	        0.9507900674	        1.7003314742	       30.1377667914	        0.0000000000	        0.0001464817	        0.0001627575	        0.0005523935	        0.0093842219	        0.0436324596	        0.0666666667	        0.1000000000	        0.0010000000
        0.0116348733	        0.2667639336	        0.9449151893	        1.2191300392	       30.0927577451	        0.0000000000	        0.0002229920	        0.0002477689	        0.0007076394	        0.0112332177	        0.0423352103	        0.0666666667	        0.1000000000	        0.0010000000
        0.0137546927	        0.2978659678	        0.9393883716	        0.8376201536	       30.0423504658	        0.0000000000	        0.0003211357	        0.0003568175	        0.0008487418	        0.0129647029	        0.0409147805	        0.0666666667	        0.1000000000	        0.0010000000
        0.0161422702	        0.3275367987	        0.9342184527	        0.5474203080	       29.9858949757	        0.0000000000	        0.0004411220	        0.0004901355	        0.0009692267	        0.0145126288	        0.0392910001	        0.0666666667	        0.1000000000	        0.0010000000
        0.0188306506	        0.3557529294	        0.9293738402	        0.3340043775	       29.9232635824	        0.0000000000	        0.0005826204	        0.0006473560	        0.0010688828	        0.0158493774	        0.0374625293	        0.0666666667	        0.1000000000	        0.0010000000
        0.0218567475	        0.3826365400	        0.9248044298	        0.1797468592	       29.8541578622	        0.0000000000	        0.0007449576	        0.0008277306	        0.0011505012	        0.0169752370	        0.0354774602	        0.0666666667	        0.1000000000	        0.0010000000
        0.0252617393	        0.4083781970	        0.9204550959	        0.0711301477	       29.7778331537	        0.0000000000	        0.0009271996	        0.0010302217	        0.0012176543	        0.0179063719	        0.0333985825	        0.0666666667	        0.1000000000	        0.0010000000
        0.0290914903	        0.4331903702	        0.9162724840	       -0.0058615880	       29.6932546459	        0.0000000000	        0.0011281802	        0.0012535336	        0.0012736787	        0.0186658014	        0.0312838227	        0.0666666667	        0.1000000000	        0.0010000000
        0.0333969940	        0.4572834229	        0.9122072882	       -0.0639515348	       29.5993633705	        0.0000000000	        0.0013465133	        0.0014961259	        0.0013214497	        0.0192778995	        0.0291793617	        0.0666666667	        0.1000000000	        0.0010000000
        0.0382348325	        0.4808548710	        0.9082141712	       -0.1110068430	       29.4960543423	        0.0000000000	        0.0015806222	        0.0017562469	        0.0013634186	        0.0197655042	        0.0271190193	        0.0666666667	        0.1000000000	        0.0010000000
        0.0436676462	        0.5040854316	        0.9042509532	       -0.1524915950	       29.3814065498	        0.0000000000	        0.0018288060	        0.0020320066	        0.0014017058	        0.0201486219	        0.0251260285	        0.0666666667	        0.1000000000	        0.0010000000
        0.0497646022	        0.5271380507	        0.9002774656	       -0.1915964167	       29.2542096724	        0.0000000000	        0.0020893462	        0.0023214958	        0.0014382187	        0.0204439942	        0.0232153682	        0.0666666667	        0.1000000000	        0.0010000000
        0.0566018496	        0.5501578851	        0.8962543973	       -0.2295924409	       29.1143401148	        0.0000000000	        0.0023606458	        0.0026229397	        0.0014747219	        0.0206650879	        0.0213959210	        0.0666666667	        0.1000000000	        0.0010000000
        0.0642629411	        0.5732722671	        0.8921422926	       -0.2665570271	       28.9581696183	        0.0000000000	        0.0026413787	        0.0029348653	        0.0015128686	        0.0208222692	        0.0196722321	        0.0666666667	        0.1000000000	        0.0010000000
        0.0728392004	        0.5965902809	        0.8879007203	       -0.3016580355	       28.7856228782	        0.0000000000	        0.0029306219	        0.0032562465	        0.0015541964	        0.0209230459	        0.0180458570	        0.0666666667	        0.1000000000	        0.0010000000
        0.0824300053	        0.6202019512	        0.8834876706	       -0.3334394045	       28.5961137482	        0.0000000000	        0.0032279300	        0.0035865889	        0.0016000836	        0.0209723357	        0.0165163516	        0.0666666667	        0.1000000000	        0.0010000000
        0.0931429507	        0.6441772707	        0.8788592299	       -0.3600976793	       28.3869926039	        0.0000000000	        0.0035333217	        0.0039259130	        0.0016516697	        0.0209727505	        0.0150819767	        0.0666666667	        0.1000000000	        0.0010000000
        0.1050938490	        0.6685654310	        0.8739695834	       -0.3798063394	       28.1569958295	        0.0000000000	        0.0038471519	        0.0042746133	        0.0017097557	        0.0209249056	        0.0137401799	        0.0666666667	        0.1000000000	        0.0010000000
        0.1184065179	        0.6933946384	        0.8687713593	       -0.3910372150	       27.9058754455	        0.0000000000	        0.0041698715	        0.0046331906	        0.0017747024	        0.0208277595	        0.0124879084	        0.0666666667	        0.1000000000	        0.0010000000
        0.1332122955	        0.7186727913	        0.8632162853	       -0.3930809837	       27.6321848165	        0.0000000000	        0.0045016981	        0.0050018868	        0.0018463727	        0.0206789821	        0.0113217973	        0.0666666667	        0.1000000000	        0.0010000000
        0.1496492201	        0.7443890735	        0.8572559337	       -0.3858191256	       27.3354367795	        0.0000000000	        0.0048422494	        0.0053802771	        0.0019241113	        0.0204753347	        0.0102382730	        0.0666666667	        0.1000000000	        0.0010000000
        0.1678608015	        0.7705162508	        0.8508425584	       -0.3698145220	       27.0157390551	        0.0000000000	        0.0051901985	        0.0057668872	        0.0020067573	        0.0202130365	        0.0092336043	        0.0666666667	        0.1000000000	        0.0010000000
        0.1879943127	        0.7970132405	        0.8439298648	       -0.3463955764	       26.6696885053	        0.0000000000	        0.0055430046	        0.0061588940	        0.0020927327	        0.0198880922	        0.0083039295	        0.0666666667	        0.1000000000	        0.0010000000
        0.2101985296	        0.8238274489	        0.8364734526	       -0.3170270267	       26.2995842890	        0.0000000000	        0.0058967496	        0.0065519440	        0.0021801448	        0.0194965652	        0.0074452807	        0.0666666667	        0.1000000000	        0.0010000000
        0.2346208557	        0.8508964593	        0.8284311495	       -0.2837070330	       25.9039273722	        0.0000000000	        0.0062460818	        0.0069400909	        0.0022669365	        0.0190347960	        0.0066536141	        0.0666666667	        0.1000000000	        0.0010000000
        0.2614037844	        0.8781488440	        0.8197626990	       -0.2495858380	       25.4816950711	        0.0000000000	        0.0065842496	        0.0073158329	        0.0023512615	        0.0184995800	        0.0059248527	        0.0666666667	        0.1000000000	        0.0010000000
        0.2906806794	        0.9055040711	        0.8104275317	       -0.2169907939	       25.0332585687	        0.0000000000	        0.0069032028	        0.0076702253	        0.0024317660	        0.0178883272	        0.0052549368	        0.0666666667	        0.1000000000	        0.0010000000
        0.3225708876	        0.9328716018	        0.8003820021	       -0.1852726465	       24.5581659699	        0.0000000000	        0.0071937539	        0.0079930599	        0.0025072025	        0.0171992301	        0.0046398805	        0.0666666667	        0.1000000000	        0.0010000000
        0.3571742551	        0.9601492808	        0.7895795674	       -0.1545348762	       24.0550707576	        0.0000000000	        0.0074458089	        0.0082731210	        0.0025761549	        0.0164314644	        0.0040758297	        0.0666666667	        0.1000000000	        0.0010000000
        0.3945651751	        0.9872210436	        0.7779700157	       -0.1265293159	       23.5257367057	        0.0000000000	        0.0076486963	        0.0084985515	        0.0026375378	        0.0155854479	        0.0035591226	        0.0666666667	        0.1000000000	        0.0010000000
        0.4347863703	        1.0139538049	        0.7654951219	       -0.1019035860	       22.9674135556	        0.0000000000	        0.0077916377	        0.0086573752	        0.0026908301	        0.0146631895	        0.0030863536	        0.0666666667	        0.1000000000	        0.0010000000
        0.4778426900	        1.0401931710	        0.7520845828	       -0.0807022229	       22.3818320284	        0.0000000000	        0.0078644142	        0.0087382380	        0.0027358539	        0.0136687751	        0.0026544489	        0.0666666667	        0.1000000000	        0.0010000000
        0.5236952751	        1.0657573132	        0.7376521379	       -0.0626298061	       21.7683337871	        0.0000000000	        0.0078583058	        0.0087314509	        0.0027726008	        0.0126090709	        0.0022607637	        0.0666666667	        0.1000000000	        0.0010000000
        0.5722565058	        1.0904278944	        0.7220922559	       -0.0484024780	       21.1283544896	        0.0000000000	        0.0077674136	        0.0086304596	        0.0028014203	        0.0114947764	        0.0019032184	        0.0666666667	        0.1000000000	        0.0010000000
        0.6233861842	        1.1139363483	        0.7052746755	       -0.0371395038	       20.4614429182	        0.0000000000	        0.0075905386	        0.0084339318	        0.0028228149	        0.0103420439	        0.0015805008	        0.0666666667	        0.1000000000	        0.0010000000
        0.6768894010	        1.1359432574	        0.6870470757	       -0.0297313342	       19.7705614019	        0.0000000000	        0.0073338465	        0.0081487183	        0.0028374983	        0.0091749726	        0.0012923625	        0.0666666667	        0.1000000000	        0.0010000000
        0.7325164896	        1.1560090483	        0.6672418638	       -0.0251477482	       19.0583595047	        0.0000000000	        0.0070144852	        0.0077938725	        0.0028463151	        0.0080292820	        0.0010400263	        0.0666666667	        0.1000000000	        0.0010000000
        0.7899653716	        1.1735590621	        0.6457120189	       -0.0237638667	       18.3276313983	        0.0000000000	        0.0066646367	        0.0074051519	        0.0028504987	        0.0069569717	        0.0008266387	        0.0666666667	        0.1000000000	        0.0010000000
        0.8488864424	        1.1878627385	        0.6223993965	       -0.0290116554	       17.5841622842	        0.0000000000	        0.0063330725	        0.0070367472	        0.0028542476	        0.0060298782	        0.0006574733	        0.0666666667	        0.1000000000	        0.0010000000
        0.9088899606	        1.1980787509	        0.5974187441	       -0.0394900550	       16.8335278592	        0.0000000000	        0.0060770549	        0.0067522832	        0.0028651294	        0.0053361481	        0.0005392728	        0.0666666667	        0.1000000000	        0.0010000000
        0.9695556872	        1.2034244652	        0.5711358807	       -0.0515869976	       16.0838749914	        0.0000000000	        0.0059407507	        0.0066008341	        0.0028892256	        0.0049620302	        0.0004783387	        0.0666666667	        0.1000000000	        0.0010000000
        1.0304443128	        1.2034244652	        0.5441487110	       -0.0671075017	       15.3438014143	        0.0000000000	        0.0059407507	        0.0066008341	        0.0029283893	        0.0049620302	        0.0004783387	        0.0666666667	        0.1000000000	        0.0010000000
        1.0911100394	        1.1980787509	        0.5171437680	       -0.0828072833	       14.6223308691	        0.0000000000	        0.0060770549	        0.0067522832	        0.0029837647	        0.0053361481	        0.0005392728	        0.0666666667	        0.1000000000	        0.0010000000
        1.1511135576	        1.1878627385	        0.4907625468	       -0.0935529029	       13.9278881394	        0.0000000000	        0.0063330725	        0.0070367472	        0.0030535521	        0.0060298782	        0.0006574733	        0.0666666667	        0.1000000000	        0.0010000000
        1.2100346284	        1.1735590621	        0.4654783024	       -0.0992565397	       13.2667899947	        0.0000000000	        0.0066646367	        0.0074051519	        0.0031301360	        0.0069569717	        0.0008266387	        0.0666666667	        0.1000000000	        0.0010000000
        1.2674835104	        1.1560090483	        0.4415209804	       -0.1024238926	       12.6430281464	        0.0000000000	        0.0070144852	        0.0077938725	        0.0032063290	        0.0080292820	        0.0010400263	        0.0666666667	        0.1000000000	        0.0010000000
        1.3231105990	        1.1359432574	        0.4189150142	       -0.1006882015	       12.0587777626	        0.0000000000	        0.0073338465	        0.0081487183	        0.0032778043	        0.0091749726	        0.0012923625	        0.0666666667	        0.1000000000	        0.0010000000
        1.3766138158	        1.1139363483	        0.3975864649	       -0.0905933420	       11.5167999594	        0.0000000000	        0.0075905386	        0.0084339318	        0.0033404303	        0.0103420439	        0.0015805008	        0.0666666667	        0.1000000000	        0.0010000000
        1.4277434942	        1.0904278944	        0.3774436510	       -0.0734472100	       11.0114483279	        0.0000000000	        0.0077674136	        0.0086304596	        0.0033903550	        0.0114947764	        0.0019032184	        0.0666666667	        0.1000000000	        0.0010000000
        1.4763047249	        1.0657573132	        0.3584023797	       -0.0557175295	       10.5444849210	        0.0000000000	        0.0078583058	        0.0087314509	        0.0034264440	        0.0126090709	        0.0022607637	        0.0666666667	        0.1000000000	        0.0010000000
        1.5221573100	        1.0401931710	        0.3403784413	       -0.0348283758	       10.1108404855	        0.0000000000	        0.0078644142	        0.0087382380	        0.0034490532	        0.0136687751	        0.0026544489	        0.0666666667	        0.1000000000	        0.0010000000
        1.5652136297	        1.0139538049	        0.3233011154	       -0.0078306217	        9.7068885488	        0.0000000000	        0.0077916377	        0.0086573752	        0.0034573951	        0.0146631895	        0.0030863536	        0.0666666667	        0.1000000000	        0.0010000000
        1.6054348249	        0.9872210436	        0.3071187536	        0.0206204018	        9.3308018717	        0.0000000000	        0.0076486963	        0.0084985515	        0.0034513853	        0.0155854479	        0.0035591226	        0.0666666667	        0.1000000000	        0.0010000000
        1.6428257449	        0.9601492808	        0.2917850920	        0.0532234047	        8.9793826806	        0.0000000000	        0.0074458089	        0.0082731210	        0.0034317858	        0.0164314644	        0.0040758297	        0.0666666667	        0.1000000000	        0.0010000000
        1.6774291124	        0.9328716018	        0.2772629649	        0.0926105991	        8.6502718196	        0.0000000000	        0.0071937539	        0.0079930599	        0.0033985366	        0.0171992301	        0.0046398805	        0.0666666667	        0.1000000000	        0.0010000000
        1.7093193206	        0.9055040711	        0.2635254807	        0.1426406584	        8.3412283734	        0.0000000000	        0.0069032028	        0.0076702253	        0.0033508495	        0.0178883272	        0.0052549368	        0.0666666667	        0.1000000000	        0.0010000000
        1.7385962156	        0.8781488440	        0.2505573531	        0.2015444517	        8.0496630525	        0.0000000000	        0.0065842496	        0.0073158329	        0.0032881638	        0.0184995800	        0.0059248527	        0.0666666667	        0.1000000000	        0.0010000000
        1.7653791443	        0.8508964593	        0.2383479986	        0.2669330821	        7.7741934385	        0.0000000000	        0.0062460818	        0.0069400909	        0.0032111550	        0.0190347960	        0.0066536141	        0.0666666667	        0.1000000000	        0.0010000000
        1.7898014704	        0.8238274489	        0.2268862806	        0.3406434390	        7.5128841834	        0.0000000000	        0.0058967496	        0.0065519440	        0.0031209642	        0.0194965652	        0.0074452807	        0.0666666667	        0.1000000000	        0.0010000000
        1.8120056873	        0.7970132405	        0.2161609696	        0.4208222886	        7.2650270641	        0.0000000000	        0.0055430046	        0.0061588940	        0.0030189352	        0.0198880922	        0.0083039295	        0.0666666667	        0.1000000000	        0.0010000000
        1.8321391985	        0.7705162508	        0.2061576904	        0.5029602123	        7.0288994404	        0.0000000000	        0.0051901985	        0.0057668872	        0.0029072381	        0.0202130365	        0.0092336043	        0.0666666667	        0.1000000000	        0.0010000000
        1.8503507799	        0.7443890735	        0.1968551697	        0.5821484279	        6.8042225927	        0.0000000000	        0.0048422494	        0.0053802771	        0.0027888319	        0.0204753347	        0.0102382730	        0.0666666667	        0.1000000000	        0.0010000000
        1.8667877045	        0.7186727913	        0.1882230502	        0.6523173516	        6.5909648131	        0.0000000000	        0.0045016981	        0.0050018868	        0.0026671771	        0.0206789821	        0.0113217973	        0.0666666667	        0.1000000000	        0.0010000000
        1.8815934821	        0.6933946384	        0.1802205659	        0.7077634943	        6.3892380296	        0.0000000000	        0.0041698715	        0.0046331906	        0.0025459188	        0.0208277595	        0.0124879084	        0.0666666667	        0.1000000000	        0.0010000000
        1.8949061510	        0.6685654310	        0.1727967887	        0.7444860334	        6.1989973584	        0.0000000000	        0.0038471519	        0.0042746133	        0.0024284233	        0.0209249056	        0.0137401799	        0.0666666667	        0.1000000000	        0.0010000000
        1.9068570493	        0.6441772707	        0.1658924248	        0.7596851275	        6.0190028919	        0.0000000000	        0.0035333217	        0.0039259130	        0.0023174197	        0.0209727505	        0.0150819767	        0.0666666667	        0.1000000000	        0.0010000000
        1.9175699947	        0.6202019512	        0.1594421799	        0.7510324164	        5.8515740750	        0.0000000000	        0.0032279300	        0.0035865889	        0.0022148719	        0.0209723357	        0.0165163516	        0.0666666667	        0.1000000000	        0.0010000000
        1.9271607996	        0.5965902809	        0.1533769891	        0.7173175190	        5.6958708973	        0.0000000000	        0.0029306219	        0.0032562465	        0.0021219381	        0.0209230459	        0.0180458570	        0.0666666667	        0.1000000000	        0.0010000000
        1.9357370589	        0.5732722671	        0.1476260595	        0.6574527964	        5.5509802347	        0.0000000000	        0.0026413787	        0.0029348653	        0.0020389839	        0.0208222692	        0.0196722321	        0.0666666667	        0.1000000000	        0.0010000000
        1.9433981504	        0.5501578851	        0.1421182366	        0.5720005878	        5.4185975656	        0.0000000000	        0.0023606458	        0.0026229397	        0.0019655992	        0.0206650879	        0.0213959210	        0.0666666667	        0.1000000000	        0.0010000000
        1.9502353978	        0.5271380507	        0.1367830056	        0.4587800799	        5.2962725904	        0.0000000000	        0.0020893462	        0.0023214958	        0.0019007099	        0.0204439942	        0.0232153682	        0.0666666667	        0.1000000000	        0.0010000000
        1.9563323538	        0.5040854316	        0.1315502107	        0.3182884630	        5.1849345498	        0.0000000000	        0.0018288060	        0.0020320066	        0.0018426187	        0.0201486219	        0.0251260285	        0.0666666667	        0.1000000000	        0.0010000000
        1.9617651675	        0.4808548710	        0.1263497737	        0.1471167813	        5.0832218080	        0.0000000000	        0.0015806222	        0.0017562469	        0.0017890082	        0.0197655042	        0.0271190193	        0.0666666667	        0.1000000000	        0.0010000000
        1.9666030060	        0.4572834229	        0.1211103145	       -0.0562195078	        4.9907133751	        0.0000000000	        0.0013465133	        0.0014961259	        0.0017369199	        0.0192778995	        0.0291793617	        0.0666666667	        0.1000000000	        0.0010000000
        1.9709085097	        0.4331903702	        0.1157578886	       -0.2924432131	        4.9077115129	        0.0000000000	        0.0011281802	        0.0012535336	        0.0016825554	        0.0186658014	        0.0312838227	        0.0666666667	        0.1000000000	        0.0010000000
        1.9747382607	        0.4083781970	        0.1102147934	       -0.5656533158	        4.8326426282	        0.0000000000	        0.0009271996	        0.0010302217	        0.0016211873	        0.0179063719	        0.0333985825	        0.0666666667	        0.1000000000	        0.0010000000
        1.9781432525	        0.3826365400	        0.1043984397	       -0.8810008285	        4.7648210757	        0.0000000000	        0.0007449576	        0.0008277306	        0.0015470941	        0.0169752370	        0.0354774602	        0.0666666667	        0.1000000000	        0.0010000000
        1.9811693494	        0.3557529294	        0.0982216404	       -1.2363955613	        4.7040975114	        0.0000000000	        0.0005826204	        0.0006473560	        0.0014534987	        0.0158493774	        0.0374625293	        0.0666666667	        0.1000000000	        0.0010000000
        1.9838577298	        0.3275367987	        0.0915969710	       -1.6240665246	        4.6505114522	        0.0000000000	        0.0004411220	        0.0004901355	        0.0013330417	        0.0145126288	        0.0392910001	        0.0666666667	        0.1000000000	        0.0010000000
        1.9862453073	        0.2978659678	        0.0844479917	       -2.0428744366	        4.6034584062	        0.0000000000	        0.0003211357	        0.0003568175	        0.0011796165	        0.0129647029	        0.0409147805	        0.0666666667	        0.1000000000	        0.0010000000
        1.9883651267	        0.2667639336	        0.0767302024	       -2.4937128802	        4.5620362295	        0.0000000000	        0.0002229920	        0.0002477689	        0.0009920475	        0.0112332177	        0.0423352103	        0.0666666667	        0.1000000000	        0.0010000000
        1.9902467340	        0.2345020715	        0.0684638291	       -2.9689389496	        4.5255391840	        0.0000000000	        0.0001464817	        0.0001627575	        0.0007791635	        0.0093842219	        0.0436324596	        0.0666666667	        0.1000000000	        0.0010000000
        1.9919165179	        0.2016769243	        0.0597684904	       -3.4558473168	        4.4934431674	        0.0000000000	        0.0000903867	        0.0001004297	        0.0005620649	        0.0075208414	        0.0449859518	        0.0666666667	        0.1000000000	        0.0010000000
        1.9933980257	        0.1691643838	        0.0508687438	       -3.9431174353	        4.4652605190	        0.0000000000	        0.0000520574	        0.0000578416	        0.0003675302	        0.0057608662	        0.0467401470	        0.0666666667	        0.1000000000	        0.0010000000
        1.9947122508	        0.1379114412	        0.0420460959	       -4.4216157143	        4.4405366070	        0.0000000000	        0.0000277547	        0.0000308386	        0.0002157386	        0.0042019825	        0.0494537213	        0.0666666667	        0.1000000000	        0.0010000000
        1.9958778967	        0.1086846470	        0.0335613401	       -4.8843256690	        4.4188567034	        0.0000000000	        0.0000135093	        0.0000150103	        0.0001125200	        0.0028986814	        0.0538633875	        0.0666666667	        0.1000000000	        0.0010000000
        1.9969116151	        0.0819334210	        0.0255984376	       -5.3261377019	        4.3998480849	        0.0000000000	        0.0000058454	        0.0000064949	        0.0000511006	        0.0018630630	        0.0608721753	        0.0666666667	        0.1000000000	        0.0010000000
        1.9978282231	        0.0578036690	        0.0182531953	       -5.7435784283	        4.3831792570	        0.0000000000	        0.0000021284	        0.0000023649	        0.0000192545	        0.0010804019	        0.0716656608	        0.0666666667	        0.1000000000	        0.0010000000
        1.9986408981	        0.0362309117	        0.0115524670	       -6.1345273899	        4.3685575515	        0.0000000000	        0.0000005747	        0.0000006385	        0.0000053326	        0.0005253479	        0.0879434438	        0.0666666667	        0.1000000000	        0.0010000000
        1.9993613540	        0.0170373121	        0.0054805446	       -6.4979481369	        4.3557259000	        0.0000000000	        0.0000000781	        0.0000000868	        0.0000007395	        0.0001722987	        0.1120559826	        0.0666666667	        0.1000000000	        0.0010000000
        2.0000000000	        0.0000000000	        0.0000000000	       -6.8336473605	        4.3444592947	        0.0000000000	        0.0000000000	        0.0000000000	        0.0000000000	        0.0000000000	        0.1456678667	        0.0000000000	        0.0000000000	        0.0010000000
