0.000000 0.124970
0.256287 0.394269
0.539248 0.691574
0.851612 1.019744
1.196373 1.381919
1.576821 1.781540
1.996560 2.222384
2.459541 2.708583
2.970089 3.244661
3.532931 3.835559
4.153233 4.486672
4.836626 5.203878
5.589243 5.993572
6.417752 6.862704
7.329389 7.818805
8.331990 8.870023
9.434022 10.025150
10.644611 11.293650
11.973560 12.685675
13.431374 14.212082
15.029264 15.884433
16.779145 17.714996
18.693626 19.716715
20.785980 21.903177
23.070096 24.288556
25.560409 26.887528
28.271808 29.715162
31.219511 32.786784
34.418908 36.117801
37.885370 39.723493
41.634020 43.618757
45.679461 47.817825
50.035468 52.333926
54.714635 57.178923
59.727992 62.362909
65.084589 67.893782
70.791059 73.776799
76.851172 80.014131
83.265395 86.604438
90.030476 93.542461
97.139070 100.818693
104.579434 108.419103
112.335212 116.324978
120.385322 124.512875
128.703982 132.954714
137.260874 141.618015
146.021453 150.466289
154.947421 159.459576
163.997326 168.555116
173.127295 177.708134
182.291866 186.872705
191.444884 196.002674
200.540424 205.052579
209.533711 213.978547
218.381985 222.739126
227.045286 231.296018
235.487125 239.614678
243.675022 247.664788
251.580897 255.420566
259.181307 262.860930
266.457539 269.969524
273.395562 276.734605
279.985869 283.148828
286.223201 289.208941
292.106218 294.915411
297.637091 300.272008
302.821077 305.285365
307.666074 309.964532
312.182175 314.320539
316.381243 318.365980
320.276507 322.114630
323.882199 325.581092
327.213216 328.780489
330.284838 331.728192
333.112472 334.439591
335.711444 336.929904
338.096823 339.214020
340.283285 341.306374
342.285004 343.220855
344.115567 344.970736
345.787918 346.568626
347.314325 348.026440
348.706350 349.355389
349.974850 350.565978
351.129977 351.668010
352.181195 352.670611
353.137296 353.582248
354.006428 354.410757
354.796122 355.163374
355.513328 355.846767
356.164441 356.467069
356.755339 357.029911
357.291417 357.540459
357.777616 358.003440
358.218460 358.423179
358.618081 358.803627
358.980256 359.148388
359.308426 359.460752
359.605731 359.743713
359.875030 360.000000
0.087637 0.071974
0.062713 0.056187
0.051261 0.047419
0.044384 0.041991
0.040134 0.038748
0.037789 0.037231
0.037060 0.037270
0.037864 0.038847
0.040233 0.042035
0.044268 0.046949
0.050093 0.053712
0.057817 0.062410
0.067477 0.072974
0.078805 0.084820
0.090828 0.096614
0.101964 0.106687
0.110630 0.113689
0.115819 0.117022
0.117343 0.116857
0.115656 0.113842
0.111517 0.108777
0.105712 0.102402
0.098914 0.095308
0.091635 0.087934
0.084240 0.080580
0.076977 0.073446
0.070001 0.066652
0.063406 0.060269
0.057242 0.054328
0.051527 0.048837
0.046258 0.043788
0.041424 0.039162
0.036999 0.034933
0.032959 0.031074
0.029273 0.027554
0.025913 0.024345
0.022847 0.021416
0.020049 0.018742
0.017492 0.016297
0.015153 0.014059
0.013011 0.012008
0.011048 0.010130
0.009252 0.008413
0.007613 0.006852
0.006131 0.005450
0.004812 0.004219
0.003674 0.003181
0.002745 0.002370
0.002062 0.001826
0.001666 0.001586
0.001586 0.001666
0.001826 0.002062
0.002370 0.002745
0.003181 0.003674
0.004219 0.004812
0.005450 0.006131
0.006852 0.007613
0.008413 0.009252
0.010130 0.011048
0.012008 0.013011
0.014059 0.015153
0.016297 0.017492
0.018742 0.020049
0.021416 0.022847
0.024345 0.025913
0.027554 0.029273
0.031074 0.032959
0.034933 0.036999
0.039162 0.041424
0.043788 0.046258
0.048837 0.051527
0.054328 0.057242
0.060269 0.063406
0.066652 0.070001
0.073446 0.076977
0.080580 0.084240
0.087934 0.091635
0.095308 0.098914
0.102402 0.105712
0.108777 0.111517
0.113842 0.115656
0.116857 0.117343
0.117022 0.115819
0.113689 0.110630
0.106687 0.101964
0.096614 0.090828
0.084820 0.078805
0.072974 0.067477
0.062410 0.057817
0.053712 0.050093
0.046949 0.044268
0.042035 0.040233
0.038847 0.037864
0.037270 0.037060
0.037231 0.037789
0.038748 0.040134
0.041991 0.044384
0.047419 0.051261
0.056187 0.062713
0.071974 0.087637
