        0.0000000000	        0.0000000000	        1.0000000000	        0.0000000000	        0.0000000000	        0.0000000000	        0.0000000000	        0.0000000000	        0.0000000000	        0.0000000000	        0.0010000000	        0.0000000000	        0.1000000000	        0.0010000000
        0.0006942759	        0.0046710247	        0.9984771151	        0.0000000000	        0.0000000000	        0.0000000000	        0.0000000000	        0.0000000000	        0.0000000000	        0.1000000000	        0.0010000000	        0.0666666667	        0.1000000000	        0.0010000000
        0.0014238152	        0.0095793924	        0.9968757119	        0.0000000000	        0.0000000000	        0.0000000000	        0.0000000000	        0.0000000000	        0.0000000000	        0.1000000000	        0.0010000000	        0.0666666667	        0.1000000000	        0.0010000000
        0.0021903814	        0.0147369808	        0.9951917397	        0.0000000000	        0.0000000000	        0.0000000000	        0.0000000001	        0.0000000001	        0.0000000001	        0.1000000000	        0.0010000000	        0.0666666667	        0.1000000000	        0.0010000000
        0.0029958230	        0.0201562430	        0.9934209389	        0.0000000000	        0.0000000000	        0.0000000000	        0.0000000002	        0.0000000002	        0.0000000005	        0.1000000000	        0.0010000000	        0.0666666667	        0.1000000000	        0.0010000000
        0.0038420777	        0.0258502326	        0.9915588298	        0.0000000000	        0.0000000000	        0.0000000000	        0.0000000005	        0.0000000006	        0.0000000013	        0.1000000000	        0.0010000000	        0.0666666667	        0.1000000000	        0.0010000000
        0.0047311763	        0.0318326296	        0.9896007019	        0.0000000000	        0.0000000000	        0.0000000000	        0.0000000013	        0.0000000014	        0.0000000031	        0.1000000000	        0.0010000000	        0.0666666667	        0.1000000000	        0.0010000000
        0.0056652468	        0.0381177677	        0.9875416020	        0.0000000000	        0.0000000000	        0.0000000000	        0.0000000026	        0.0000000029	        0.0000000063	        0.1000000000	        0.0010000000	        0.0666666667	        0.1000000000	        0.0010000000
        0.0066465183	        0.0447206603	        0.9853763225	        0.0000000000	        0.0000000000	        0.0000000000	        0.0000000049	        0.0000000055	        0.0000000121	        0.1000000000	        0.0010000000	        0.0666666667	        0.1000000000	        0.0010000000
        0.0076773260	        0.0516570278	        0.9830993891	        0.0000000000	        0.0000000000	        0.0000000000	        0.0000000088	        0.0000000098	        0.0000000217	        0.1000000000	        0.0010000000	        0.0666666667	        0.1000000000	        0.0010000000
        0.0087601150	        0.0589433240	        0.9807050482	        0.0000000000	        0.0000000000	        0.0000000000	        0.0000000150	        0.0000000167	        0.0000000370	        0.1000000000	        0.0010000000	        0.0666666667	        0.1000000000	        0.0010000000
        0.0098974457	        0.0665967615	        0.9781872545	        0.0000000000	        0.0000000000	        0.0000000000	        0.0000000246	        0.0000000273	        0.0000000606	        0.1000000000	        0.0010000000	        0.0666666667	        0.1000000000	        0.0010000000
        0.0110919979	        0.0746353356	        0.9755396592	        0.0000000000	        0.0000000000	        0.0000000000	        0.0000000390	        0.0000000434	        0.0000000962	        0.1000000000	        0.0010000000	        0.0666666667	        0.1000000000	        0.0010000000
        0.0123465764	        0.0830778451	        0.9727555975	        0.0000000000	        0.0000000000	        0.0000000000	        0.0000000602	        0.0000000669	        0.0000001486	        0.1000000000	        0.0010000000	        0.0666666667	        0.1000000000	        0.0010000000
        0.0136641154	        0.0919439089	        0.9698280787	        0.0000000000	        0.0000000000	        0.0000000000	        0.0000000908	        0.0000001009	        0.0000002243	        0.1000000000	        0.0010000000	        0.0666666667	        0.1000000000	        0.0010000000
        0.0150476841	        0.1012539772	        0.9667497772	        0.0000000000	        0.0000000000	        0.0000000000	        0.0000001342	        0.0000001491	        0.0000003321	        0.1000000000	        0.0010000000	        0.0666666667	        0.1000000000	        0.0010000000
        0.0165004920	        0.1110293328	        0.9635130257	        0.0000000000	        0.0000000000	        0.0000000000	        0.0000001950	        0.0000002166	        0.0000004832	        0.1000000000	        0.0010000000	        0.0666666667	        0.1000000000	        0.0010000000
        0.0180258942	        0.1212920814	        0.9601098134	        0.0000000000	        0.0000000000	        0.0000000000	        0.0000002791	        0.0000003101	        0.0000006926	        0.1000000000	        0.0010000000	        0.0666666667	        0.1000000000	        0.0010000000
        0.0196273970	        0.1320651252	        0.9565317888	        0.0000000000	        0.0000000000	        0.0000000000	        0.0000003943	        0.0000004381	        0.0000009798	        0.1000000000	        0.0010000000	        0.0666666667	        0.1000000000	        0.0010000000
        0.0213086633	        0.1433721136	        0.9527702701	        0.0000000000	        0.0000000000	        0.0000000000	        0.0000005505	        0.0000006117	        0.0000013700	        0.1000000000	        0.0010000000	        0.0666666667	        0.1000000000	        0.0010000000
        0.0230735186	        0.1552373646	        0.9488162663	        0.0000000000	        0.0000000000	        0.0000000000	        0.0000007606	        0.0000008451	        0.0000018954	        0.1000000000	        0.0010000000	        0.0666666667	        0.1000000000	        0.0010000000
        0.0249259567	        0.1676857456	        0.9446605127	        0.0000000000	        0.0000000000	        0.0000000000	        0.0000010411	        0.0000011568	        0.0000025977	        0.1000000000	        0.0010000000	        0.0666666667	        0.1000000000	        0.0010000000
        0.0268701452	        0.1807425024	        0.9402935252	        0.0000000000	        0.0000000000	        0.0000000000	        0.0000014129	        0.0000015699	        0.0000035294	        0.1000000000	        0.0010000000	        0.0666666667	        0.1000000000	        0.0010000000
        0.0289104319	        0.1944330184	        0.9357056793	        0.0000000000	        0.0000000000	        0.0000000000	        0.0000019026	        0.0000021140	        0.0000047575	        0.1000000000	        0.0010000000	        0.0666666667	        0.1000000000	        0.0010000000
        0.0310513501	        0.2087824857	        0.9308873229	        0.0000000000	        0.0000000000	        0.0000000000	        0.0000025439	        0.0000028266	        0.0000063658	        0.1000000000	        0.0010000000	        0.0666666667	        0.1000000000	        0.0010000000
        0.0332976245	        0.2238154622	        0.9258289309	        0.0000000000	        0.0000000000	        0.0000000000	        0.0000033793	        0.0000037547	        0.0000084591	        0.1000000000	        0.0010000000	        0.0666666667	        0.1000000000	        0.0010000000
        0.0356541773	        0.2395552851	        0.9205213140	        0.0000000000	        0.0000000000	        0.0000000000	        0.0000044616	        0.0000049573	        0.0000111672	        0.1000000000	        0.0010000000	        0.0666666667	        0.1000000000	        0.0010000000
        0.0381261335	        0.2560233070	        0.9149558950	        0.0000000000	        0.0000000000	        0.0000000000	        0.0000058572	        0.0000065080	        0.0000146492	        0.1000000000	        0.0010000000	        0.0666666667	        0.1000000000	        0.0010000000
        0.0407188268	        0.2732379177	        0.9091250667	        0.0000000000	        0.0000000000	        0.0000000000	        0.0000076481	        0.0000084979	        0.0000190981	        0.1000000000	        0.0010000000	        0.0666666667	        0.1000000000	        0.0010000000
        0.0434378046	        0.2912133113	        0.9030226474	        0.0000000000	        0.0000000000	        0.0000000000	        0.0000099355	        0.0000110395	        0.0000247447	        0.1000000000	        0.0010000000	        0.0666666667	        0.1000000000	        0.0010000000
        0.0462888334	        0.3099579689	        0.8966444455	        0.0000000000	        0.0000000000	        0.0000000000	        0.0000128437	        0.0000142707	        0.0000318599	        0.1000000000	        0.0010000000	        0.0666666667	        0.1000000000	        0.0010000000
        0.0492779039	        0.3294728361	        0.8899889414	        0.0000000000	        0.0000000000	        0.0000000000	        0.0000165234	        0.0000183593	        0.0000407556	        0.1000000000	        0.0010000000	        0.0666666667	        0.1000000000	        0.0010000000
        0.0524112352	        0.3497492048	        0.8830580825	        0.0000000000	        0.0000000000	        0.0000000000	        0.0000211568	        0.0000235075	        0.0000517802	        0.1000000000	        0.0010000000	        0.0666666667	        0.1000000000	        0.0010000000
        0.0556952793	        0.3707663565	        0.8758581685	        0.0000000000	        0.0000000000	        0.0000000000	        0.0000269614	        0.0000299571	        0.0000653096	        0.1000000000	        0.0010000000	        0.0666666667	        0.1000000000	        0.0010000000
        0.0591367250	        0.3924890874	        0.8684007785	        0.0000000000	        0.0000000000	        0.0000000000	        0.0000341942	        0.0000379936	        0.0000817296	        0.1000000000	        0.0010000000	        0.0666666667	        0.1000000000	        0.0010000000
        0.0627425009	        0.4148653329	        0.8607036537	        0.0000000000	        0.0000000000	        0.0000000000	        0.0000431549	        0.0000479499	        0.0001014097	        0.1000000000	        0.0010000000	        0.0666666667	        0.1000000000	        0.0010000000
        0.0665197783	        0.4378242030	        0.8527914134	        0.0000000000	        0.0000000000	        0.0000000000	        0.0000541873	        0.0000602081	        0.0001246667	        0.1000000000	        0.0010000000	        0.0666666667	        0.1000000000	        0.0010000000
        0.0704759731	        0.4612748386	        0.8446959451	        0.0000000000	        0.0000000000	        0.0000000000	        0.0000676795	        0.0000751995	        0.0001517212	        0.1000000000	        0.0010000000	        0.0666666667	        0.1000000000	        0.0010000000
        0.0746187471	        0.4851065431	        0.8364562977	        0.0000000000	        0.0000000000	        0.0000000000	        0.0000840605	        0.0000934006	        0.0001826508	        0.1000000000	        0.0010000000	        0.0666666667	        0.1000000000	        0.0010000000
        0.0789560085	        0.5091906039	        0.8281179265	        0.0000000000	        0.0000000000	        0.0000000000	        0.0001037935	        0.0001153261	        0.0002173485	        0.1000000000	        0.0010000000	        0.0666666667	        0.1000000000	        0.0010000000
        0.0834959110	        0.5333840461	        0.8197312149	        0.0000000000	        0.0000000000	        0.0000000000	        0.0001273654	        0.0001415171	        0.0002554957	        0.1000000000	        0.0010000000	        0.0666666667	        0.1000000000	        0.0010000000
        0.0882468523	        0.5575352665	        0.8113493160	        0.0000000000	        0.0000000000	        0.0000000000	        0.0001552728	        0.0001725254	        0.0002965599	        0.1000000000	        0.0010000000	        0.0666666667	        0.1000000000	        0.0010000000
        0.0932174715	        0.5814911098	        0.8030255042	        0.0000000000	        0.0000000000	        0.0000000000	        0.0001880048	        0.0002088942	        0.0003398213	        0.1000000000	        0.0010000000	        0.0666666667	        0.1000000000	        0.0010000000
        0.0984166444	        0.6051045935	        0.7948103542	        0.0000000000	        0.0000000000	        0.0000000000	        0.0002260231	        0.0002511367	        0.0003844279	        0.1000000000	        0.0010000000	        0.0666666667	        0.1000000000	        0.0010000000
        0.1038534780	        0.6282422789	        0.7867491275	        0.0000000000	        0.0000000000	        0.0000000000	        0.0002697427	        0.0002997141	        0.0004294700	        0.1000000000	        0.0010000000	        0.0666666667	        0.1000000000	        0.0010000000
        0.1095373034	        0.6507903149	        0.7788797130	        0.0000000000	        0.0000000000	        0.0000000000	        0.0003195128	        0.0003550142	        0.0004740595	        0.1000000000	        0.0010000000	        0.0666666667	        0.1000000000	        0.0010000000
        0.1154776665	        0.6726584486	        0.7712313502	        0.0000000000	        0.0000000000	        0.0000000000	        0.0003756005	        0.0004173339	        0.0005174006	        0.1000000000	        0.0010000000	        0.0666666667	        0.1000000000	        0.0010000000
        0.1216843175	        0.6937817147	        0.7638242030	        0.0000000000	        0.0000000000	        0.0000000000	        0.0004381778	        0.0004868642	        0.0005588399	        0.1000000000	        0.0010000000	        0.0666666667	        0.1000000000	        0.0010000000
        0.1281671974	        0.7141199431	        0.7566696977	        0.0000000000	        0.0000000000	        0.0000000000	        0.0005073136	        0.0005636818	        0.0005978917	        0.1000000000	        0.0010000000	        0.0666666667	        0.1000000000	        0.0010000000
        0.1349364233	        0.7336555413	        0.7497714339	        0.0000000000	        0.0000000000	        0.0000000000	        0.0005829700	        0.0006477445	        0.0006342400	        0.1000000000	        0.0010000000	        0.0666666667	        0.1000000000	        0.0010000000
        0.1420022705	        0.7523901603	        0.7431264411	        0.0000000000	        0.0000000000	        0.0000000000	        0.0006650026	        0.0007388918	        0.0006677234	        0.1000000000	        0.0010000000	        0.0666666667	        0.1000000000	        0.0010000000
        0.1493751529	        0.7703408459	        0.7367265662	        0.0000000000	        0.0000000000	        0.0000000000	        0.0007531661	        0.0008368512	        0.0006983084	        0.1000000000	        0.0010000000	        0.0666666667	        0.1000000000	        0.0010000000
        0.1570655998	        0.7875361686	        0.7305598272	        0.0000000000	        0.0000000000	        0.0000000000	        0.0008471221	        0.0009412468	        0.0007260596	        0.1000000000	        0.0010000000	        0.0666666667	        0.1000000000	        0.0010000000
        0.1650842307	        0.8040126698	        0.7246116266	        0.0000000000	        0.0000000000	        0.0000000000	        0.0009464509	        0.0010516121	        0.0007511111	        0.1000000000	        0.0010000000	        0.0666666667	        0.1000000000	        0.0010000000
        0.1734417267	        0.8198118140	        0.7188657710	        0.0000000000	        0.0000000000	        0.0000000000	        0.0010506638	        0.0011674043	        0.0007736404	        0.1000000000	        0.0010000000	        0.0666666667	        0.1000000000	        0.0010000000
        0.1821487988	        0.8349775143	        0.7133052817	        0.0000000000	        0.0000000000	        0.0000000000	        0.0011592180	        0.0012880200	        0.0007938486	        0.1000000000	        0.0010000000	        0.0666666667	        0.1000000000	        0.0010000000
        0.1912161531	        0.8495542189	        0.7079130103	        0.0000000000	        0.0000000000	        0.0000000000	        0.0012715302	        0.0014128113	        0.0008119454	        0.1000000000	        0.0010000000	        0.0666666667	        0.1000000000	        0.0010000000
        0.2006544527	        0.8635854993	        0.7026720832	        0.0000000000	        0.0000000000	        0.0000000000	        0.0013869908	        0.0015411009	        0.0008281376	        0.1000000000	        0.0010000000	        0.0666666667	        0.1000000000	        0.0010000000
        0.2104742760	        0.8771130578	        0.6975662056	        0.0000000000	        0.0000000000	        0.0000000000	        0.0015049770	        0.0016721966	        0.0008426229	        0.1000000000	        0.0010000000	        0.0666666667	        0.1000000000	        0.0010000000
        0.2206860715	        0.8901760717	        0.6925798560	        0.0000000000	        0.0000000000	        0.0000000000	        0.0016248635	        0.0018054039	        0.0008555854	        0.1000000000	        0.0010000000	        0.0666666667	        0.1000000000	        0.0010000000
        0.2313001094	        0.9028107961	        0.6876983965	        0.0000000000	        0.0000000000	        0.0000000000	        0.0017460328	        0.0019400365	        0.0008671936	        0.1000000000	        0.0010000000	        0.0666666667	        0.1000000000	        0.0010000000
        0.2423264290	        0.9150503586	        0.6829081224	        0.0000000000	        0.0000000000	        0.0000000000	        0.0018678829	        0.0020754254	        0.0008775995	        0.1000000000	        0.0010000000	        0.0666666667	        0.1000000000	        0.0010000000
        0.2537747838	        0.9269246923	        0.6781962690	        0.0000000000	        0.0000000000	        0.0000000000	        0.0019898327	        0.0022109252	        0.0008869390	        0.1000000000	        0.0010000000	        0.0666666667	        0.1000000000	        0.0010000000
        0.2656545813	        0.9384605634	        0.6735509886	        0.0000000000	        0.0000000000	        0.0000000000	        0.0021113271	        0.0023459190	        0.0008953328	        0.1000000000	        0.0010000000	        0.0666666667	        0.1000000000	        0.0010000000
        0.2779748214	        0.9496816635	        0.6689613088	        0.0000000000	        0.0000000000	        0.0000000000	        0.0022318391	        0.0024798212	        0.0009028875	        0.1000000000	        0.0010000000	        0.0666666667	        0.1000000000	        0.0010000000
        0.2907440307	        0.9606087390	        0.6644170796	        0.0000000000	        0.0000000000	        0.0000000000	        0.0023508711	        0.0026120790	        0.0009096966	        0.1000000000	        0.0010000000	        0.0666666667	        0.1000000000	        0.0010000000
        0.3039701934	        0.9712597445	        0.6599089141	        0.0000000000	        0.0000000000	        0.0000000000	        0.0024679557	        0.0027421730	        0.0009158424	        0.1000000000	        0.0010000000	        0.0666666667	        0.1000000000	        0.0010000000
        0.3176606809	        0.9816500044	        0.6554281282	        0.0000000000	        0.0000000000	        0.0000000000	        0.0025826548	        0.0028696164	        0.0009213966	        0.1000000000	        0.0010000000	        0.0666666667	        0.1000000000	        0.0010000000
        0.3318221777	        0.9917923767	        0.6509666795	        0.0000000000	        0.0000000000	        0.0000000000	        0.0026945588	        0.0029939542	        0.0009264221	        0.1000000000	        0.0010000000	        0.0666666667	        0.1000000000	        0.0010000000
        0.3464606064	        1.0016974121	        0.6465171090	        0.0000000000	        0.0000000000	        0.0000000000	        0.0028032851	        0.0031147612	        0.0009309737	        0.1000000000	        0.0010000000	        0.0666666667	        0.1000000000	        0.0010000000
        0.3615810508	        1.0113735056	        0.6420724861	        0.0000000000	        0.0000000000	        0.0000000000	        0.0029084765	        0.0032316405	        0.0009350993	        0.1000000000	        0.0010000000	        0.0666666667	        0.1000000000	        0.0010000000
        0.3771876783	        1.0208270392	        0.6376263573	        0.0000000000	        0.0000000000	        0.0000000000	        0.0030098001	        0.0033442223	        0.0009388406	        0.1000000000	        0.0010000000	        0.0666666667	        0.1000000000	        0.0010000000
        0.3932836622	        1.0300625129	        0.6331726988	        0.0000000000	        0.0000000000	        0.0000000000	        0.0031069455	        0.0034521617	        0.0009422340	        0.1000000000	        0.0010000000	        0.0666666667	        0.1000000000	        0.0010000000
        0.4098711039	        1.0390826659	        0.6287058737	        0.0000000000	        0.0000000000	        0.0000000000	        0.0031996242	        0.0035551380	        0.0009453115	        0.1000000000	        0.0010000000	        0.0666666667	        0.1000000000	        0.0010000000
        0.4269509569	        1.0478885870	        0.6242205934	        0.0000000000	        0.0000000000	        0.0000000000	        0.0032875684	        0.0036528538	        0.0009481009	        0.1000000000	        0.0010000000	        0.0666666667	        0.1000000000	        0.0010000000
        0.4445229527	        1.0564798148	        0.6197118825	        0.0000000000	        0.0000000000	        0.0000000000	        0.0033705310	        0.0037450345	        0.0009506265	        0.1000000000	        0.0010000000	        0.0666666667	        0.1000000000	        0.0010000000
        0.4625855294	        1.0648544290	        0.6151750493	        0.0000000000	        0.0000000000	        0.0000000000	        0.0034482855	        0.0038314283	        0.0009529095	        0.1000000000	        0.0010000000	        0.0666666667	        0.1000000000	        0.0010000000
        0.4811357642	        1.0730091328	        0.6106056584	        0.0000000000	        0.0000000000	        0.0000000000	        0.0035206264	        0.0039118071	        0.0009549685	        0.1000000000	        0.0010000000	        0.0666666667	        0.1000000000	        0.0010000000
        0.5001693105	        1.0809393286	        0.6059995088	        0.0000000000	        0.0000000000	        0.0000000000	        0.0035873701	        0.0039859667	        0.0009568200	        0.1000000000	        0.0010000000	        0.0666666667	        0.1000000000	        0.0010000000
        0.5196803412	        1.0886391859	        0.6013526152	        0.0000000000	        0.0000000000	        0.0000000000	        0.0036483564	        0.0040537293	        0.0009584782	        0.1000000000	        0.0010000000	        0.0666666667	        0.1000000000	        0.0010000000
        0.5396614981	        1.0961017048	        0.5966611935	        0.0000000000	        0.0000000000	        0.0000000000	        0.0037034501	        0.0041149446	        0.0009599558	        0.1000000000	        0.0010000000	        0.0666666667	        0.1000000000	        0.0010000000
        0.5601038497	        1.1033187738	        0.5919216510	        0.0000000000	        0.0000000000	        0.0000000000	        0.0037525435	        0.0041694928	        0.0009612638	        0.1000000000	        0.0010000000	        0.0666666667	        0.1000000000	        0.0010000000
        0.5809968569	        1.1102812243	        0.5871305805	        0.0000000000	        0.0000000000	        0.0000000000	        0.0037955587	        0.0042172874	        0.0009624122	        0.1000000000	        0.0010000000	        0.0666666667	        0.1000000000	        0.0010000000
        0.6023283492	        1.1169788827	        0.5822847597	        0.0000000000	        0.0000000000	        0.0000000000	        0.0038324508	        0.0042582787	        0.0009634097	        0.1000000000	        0.0010000000	        0.0666666667	        0.1000000000	        0.0010000000
        0.6240845103	        1.1234006204	        0.5773811567	        0.0000000000	        0.0000000000	        0.0000000000	        0.0038632118	        0.0042924575	        0.0009642641	        0.1000000000	        0.0010000000	        0.0666666667	        0.1000000000	        0.0010000000
        0.6462498761	        1.1295344042	        0.5724169419	        0.0000000000	        0.0000000000	        0.0000000000	        0.0038878742	        0.0043198602	        0.0009649829	        0.1000000000	        0.0010000000	        0.0666666667	        0.1000000000	        0.0010000000
        0.6688073438	        1.1353673484	        0.5673895067	        0.0000000000	        0.0000000000	        0.0000000000	        0.0039065161	        0.0043405735	        0.0009655726	        0.1000000000	        0.0010000000	        0.0666666667	        0.1000000000	        0.0010000000
        0.6917381935	        1.1408857695	        0.5622964926	        0.0000000000	        0.0000000000	        0.0000000000	        0.0039192661	        0.0043547401	        0.0009660396	        0.1000000000	        0.0010000000	        0.0666666667	        0.1000000000	        0.0010000000
        0.7150221237	        1.1460752482	        0.5571358302	        0.0000000000	        0.0000000000	        0.0000000000	        0.0039263091	        0.0043625656	        0.0009663903	        0.1000000000	        0.0010000000	        0.0666666667	        0.1000000000	        0.0010000000
        0.7386372983	        1.1509206995	        0.5519057916	        0.0000000000	        0.0000000000	        0.0000000000	        0.0039278935	        0.0043643261	        0.0009666310	        0.1000000000	        0.0010000000	        0.0666666667	        0.1000000000	        0.0010000000
        0.7625604087	        1.1554064569	        0.5466050585	        0.0000000000	        0.0000000000	        0.0000000000	        0.0039243388	        0.0043603765	        0.0009667685	        0.1000000000	        0.0010000000	        0.0666666667	        0.1000000000	        0.0010000000
        0.7867667475	        1.1595163744	        0.5412328101	        0.0000000000	        0.0000000000	        0.0000000000	        0.0039160451	        0.0043511613	        0.0009668103	        0.1000000000	        0.0010000000	        0.0666666667	        0.1000000000	        0.0010000000
        0.8112302966	        1.1632339535	        0.5357888344	        0.0000000000	        0.0000000000	        0.0000000000	        0.0039035047	        0.0043372275	        0.0009667646	        0.1000000000	        0.0010000000	        0.0666666667	        0.1000000000	        0.0010000000
        0.8359238264	        1.1665425035	        0.5302736698	        0.0000000000	        0.0000000000	        0.0000000000	        0.0038873175	        0.0043192417	        0.0009666412	        0.1000000000	        0.0010000000	        0.0666666667	        0.1000000000	        0.0010000000
        0.8608190076	        1.1694253440	        0.5246887874	        0.0000000000	        0.0000000000	        0.0000000000	        0.0038682131	        0.0042980146	        0.0009664512	        0.1000000000	        0.0010000000	        0.0666666667	        0.1000000000	        0.0010000000
        0.8858865338	        1.1718660640	        0.5190368288	        0.0000000000	        0.0000000000	        0.0000000000	        0.0038470876	        0.0042745418	        0.0009662071	        0.1000000000	        0.0010000000	        0.0666666667	        0.1000000000	        0.0010000000
        0.9110962541	        1.1738488492	        0.5133219400	        0.0000000000	        0.0000000000	        0.0000000000	        0.0038250776	        0.0042500862	        0.0009659185	        0.1000000000	        0.0010000000	        0.0666666667	        0.1000000000	        0.0010000000
        0.9364173138	        1.1753588930	        0.5075503205	        0.0000000000	        0.0000000000	        0.0000000000	        0.0038037661	        0.0042264068	        0.0009655556	        0.1000000000	        0.0010000000	        0.0666666667	        0.1000000000	        0.0010000000
        0.9618183033	        1.1763828566	        0.5017316832	        0.0000000000	        0.0000000000	        0.0000000000	        0.0037862347	        0.0042069275	        0.0009648394	        0.1000000000	        0.0010000000	        0.0666666667	        0.1000000000	        0.0010000000
        0.9872674122	        1.1769093619	        0.4958856421	        0.0000000000	        0.0000000000	        0.0000000000	        0.0037828851	        0.0042032057	        0.0009650067	        0.1000000000	        0.0010000000	        0.0666666667	        0.1000000000	        0.0010000000
        1.0127325878	        1.1769329356	        0.4900399024	        0.0000000000	        0.0000000000	        0.0000000000	        0.0037941012	        0.0042156680	        0.0009655015	        0.1000000000	        0.0010000000	        0.0666666667	        0.1000000000	        0.0010000000
        1.0381816967	        1.1764558708	        0.4842224472	        0.0000000000	        0.0000000000	        0.0000000000	        0.0038199410	        0.0042443789	        0.0009663243	        0.1000000000	        0.0010000000	        0.0666666667	        0.1000000000	        0.0010000000
        1.0635826862	        1.1754881256	        0.4784603568	        0.0000000000	        0.0000000000	        0.0000000000	        0.0038599956	        0.0042888840	        0.0009679754	        0.1000000000	        0.0010000000	        0.0666666667	        0.1000000000	        0.0010000000
        1.0889037459	        1.1740453838	        0.4727724045	        0.0000000000	        0.0000000000	        0.0000000000	        0.0039042393	        0.0043380436	        0.0009692968	        0.1000000000	        0.0010000000	        0.0666666667	        0.1000000000	        0.0010000000
        1.1141134662	        1.1721451322	        0.4671673883	        0.0000000000	        0.0000000000	        0.0000000000	        0.0039491967	        0.0043879963	        0.0009704983	        0.1000000000	        0.0010000000	        0.0666666667	        0.1000000000	        0.0010000000
        1.1391809924	        1.1698059466	        0.4616502760	        0.0000000000	        0.0000000000	        0.0000000000	        0.0039931888	        0.0044368765	        0.0009716253	        0.1000000000	        0.0010000000	        0.0666666667	        0.1000000000	        0.0010000000
        1.1640761736	        1.1670470582	        0.4562239532	        0.0000000000	        0.0000000000	        0.0000000000	        0.0040350312	        0.0044833680	        0.0009726727	        0.1000000000	        0.0010000000	        0.0666666667	        0.1000000000	        0.0010000000
        1.1887697034	        1.1638879693	        0.4508898527	        0.0000000000	        0.0000000000	        0.0000000000	        0.0040737976	        0.0045264418	        0.0009736324	        0.1000000000	        0.0010000000	        0.0666666667	        0.1000000000	        0.0010000000
        1.2132332525	        1.1603481629	        0.4456483288	        0.0000000000	        0.0000000000	        0.0000000000	        0.0041087382	        0.0045652646	        0.0009744979	        0.1000000000	        0.0010000000	        0.0666666667	        0.1000000000	        0.0010000000
        1.2374395913	        1.1564468863	        0.4404989193	        0.0000000000	        0.0000000000	        0.0000000000	        0.0041392396	        0.0045991552	        0.0009752646	        0.1000000000	        0.0010000000	        0.0666666667	        0.1000000000	        0.0010000000
        1.2613627017	        1.1522029929	        0.4354405408	        0.0000000000	        0.0000000000	        0.0000000000	        0.0041648014	        0.0046275572	        0.0009759293	        0.1000000000	        0.0010000000	        0.0666666667	        0.1000000000	        0.0010000000
        1.2849778763	        1.1476348271	        0.4304716371	        0.0000000000	        0.0000000000	        0.0000000000	        0.0041850190	        0.0046500211	        0.0009764900	        0.1000000000	        0.0010000000	        0.0666666667	        0.1000000000	        0.0010000000
        1.3082618065	        1.1427601408	        0.4255902939	        0.0000000000	        0.0000000000	        0.0000000000	        0.0041995715	        0.0046661905	        0.0009769452	        0.1000000000	        0.0010000000	        0.0666666667	        0.1000000000	        0.0010000000
        1.3311926562	        1.1375960338	        0.4207943267	        0.0000000000	        0.0000000000	        0.0000000000	        0.0042082116	        0.0046757907	        0.0009772944	        0.1000000000	        0.0010000000	        0.0666666667	        0.1000000000	        0.0010000000
        1.3537501239	        1.1321589104	        0.4160813489	        0.0000000000	        0.0000000000	        0.0000000000	        0.0042107574	        0.0046786194	        0.0009775369	        0.1000000000	        0.0010000000	        0.0666666667	        0.1000000000	        0.0010000000
        1.3759154897	        1.1264644486	        0.4114488227	        0.0000000000	        0.0000000000	        0.0000000000	        0.0042070852	        0.0046745391	        0.0009776722	        0.1000000000	        0.0010000000	        0.0666666667	        0.1000000000	        0.0010000000
        1.3976716508	        1.1205275767	        0.4068940979	        0.0000000000	        0.0000000000	        0.0000000000	        0.0041971227	        0.0046634697	        0.0009776999	        0.1000000000	        0.0010000000	        0.0666666667	        0.1000000000	        0.0010000000
        1.4190031431	        1.1143624561	        0.4024144405	        0.0000000000	        0.0000000000	        0.0000000000	        0.0041808443	        0.0046453826	        0.0009776194	        0.1000000000	        0.0010000000	        0.0666666667	        0.1000000000	        0.0010000000
        1.4398961503	        1.1079824676	        0.3980070532	        0.0000000000	        0.0000000000	        0.0000000000	        0.0041582652	        0.0046202947	        0.0009774296	        0.1000000000	        0.0010000000	        0.0666666667	        0.1000000000	        0.0010000000
        1.4603385019	        1.1014001993	        0.3936690891	        0.0000000000	        0.0000000000	        0.0000000000	        0.0041294374	        0.0045882638	        0.0009771293	        0.1000000000	        0.0010000000	        0.0666666667	        0.1000000000	        0.0010000000
        1.4803196588	        1.0946274369	        0.3893976611	        0.0000000000	        0.0000000000	        0.0000000000	        0.0040944453	        0.0045493837	        0.0009767167	        0.1000000000	        0.0010000000	        0.0666666667	        0.1000000000	        0.0010000000
        1.4998306895	        1.0876751527	        0.3851898464	        0.0000000000	        0.0000000000	        0.0000000000	        0.0040534018	        0.0045037797	        0.0009761896	        0.1000000000	        0.0010000000	        0.0666666667	        0.1000000000	        0.0010000000
        1.5188642358	        1.0805534953	        0.3810426880	        0.0000000000	        0.0000000000	        0.0000000000	        0.0040064449	        0.0044516055	        0.0009755453	        0.1000000000	        0.0010000000	        0.0666666667	        0.1000000000	        0.0010000000
        1.5374144706	        1.0732717786	        0.3769531931	        0.0000000000	        0.0000000000	        0.0000000000	        0.0039537348	        0.0043930387	        0.0009747803	        0.1000000000	        0.0010000000	        0.0666666667	        0.1000000000	        0.0010000000
        1.5554770473	        1.0658384684	        0.3729183292	        0.0000000000	        0.0000000000	        0.0000000000	        0.0038954504	        0.0043282782	        0.0009738904	        0.1000000000	        0.0010000000	        0.0666666667	        0.1000000000	        0.0010000000
        1.5730490431	        1.0582611689	        0.3689350182	        0.0000000000	        0.0000000000	        0.0000000000	        0.0038317868	        0.0042575409	        0.0009728707	        0.1000000000	        0.0010000000	        0.0666666667	        0.1000000000	        0.0010000000
        1.5901288961	        1.0505466053	        0.3650001288	        0.0000000000	        0.0000000000	        0.0000000000	        0.0037629534	        0.0041810593	        0.0009717155	        0.1000000000	        0.0010000000	        0.0666666667	        0.1000000000	        0.0010000000
        1.6067163378	        1.0427006054	        0.3611104659	        0.0000000000	        0.0000000000	        0.0000000000	        0.0036891710	        0.0040990789	        0.0009704179	        0.1000000000	        0.0010000000	        0.0666666667	        0.1000000000	        0.0010000000
        1.6228123217	        1.0347280773	        0.3572627605	        0.0000000000	        0.0000000000	        0.0000000000	        0.0036106706	        0.0040118562	        0.0009689700	        0.1000000000	        0.0010000000	        0.0666666667	        0.1000000000	        0.0010000000
        1.6384189492	        1.0266329835	        0.3534536552	        0.0000000000	        0.0000000000	        0.0000000000	        0.0035276915	        0.0039196572	        0.0009673627	        0.1000000000	        0.0010000000	        0.0666666667	        0.1000000000	        0.0010000000
        1.6535393936	        1.0184183117	        0.3496796905	        0.0000000000	        0.0000000000	        0.0000000000	        0.0034404803	        0.0038227559	        0.0009655854	        0.1000000000	        0.0010000000	        0.0666666667	        0.1000000000	        0.0010000000
        1.6681778223	        1.0100860401	        0.3459372871	        0.0000000000	        0.0000000000	        0.0000000000	        0.0033492897	        0.0037214330	        0.0009636261	        0.1000000000	        0.0010000000	        0.0666666667	        0.1000000000	        0.0010000000
        1.6823393191	        1.0016370982	        0.3422227280	        0.0000000000	        0.0000000000	        0.0000000000	        0.0032543780	        0.0036159756	        0.0009614707	        0.1000000000	        0.0010000000	        0.0666666667	        0.1000000000	        0.0010000000
        1.6960298066	        0.9930713208	        0.3385321371	        0.0000000000	        0.0000000000	        0.0000000000	        0.0031560091	        0.0035066768	        0.0009591034	        0.1000000000	        0.0010000000	        0.0666666667	        0.1000000000	        0.0010000000
        1.7092559693	        0.9843873966	        0.3348614565	        0.0000000000	        0.0000000000	        0.0000000000	        0.0030544522	        0.0033938357	        0.0009565060	        0.1000000000	        0.0010000000	        0.0666666667	        0.1000000000	        0.0010000000
        1.7220251786	        0.9755828084	        0.3312064208	        0.0000000000	        0.0000000000	        0.0000000000	        0.0029499821	        0.0032777579	        0.0009536577	        0.1000000000	        0.0010000000	        0.0666666667	        0.1000000000	        0.0010000000
        1.7343454187	        0.9666537662	        0.3275625291	        0.0000000000	        0.0000000000	        0.0000000000	        0.0028428806	        0.0031587562	        0.0009505345	        0.1000000000	        0.0010000000	        0.0666666667	        0.1000000000	        0.0010000000
        1.7462252162	        0.9575951310	        0.3239250139	        0.0000000000	        0.0000000000	        0.0000000000	        0.0027334368	        0.0030371520	        0.0009471092	        0.1000000000	        0.0010000000	        0.0666666667	        0.1000000000	        0.0010000000
        1.7576735710	        0.9484003301	        0.3202888074	        0.0000000000	        0.0000000000	        0.0000000000	        0.0026219489	        0.0029132765	        0.0009433508	        0.1000000000	        0.0010000000	        0.0666666667	        0.1000000000	        0.0010000000
        1.7686998906	        0.9390612624	        0.3166485040	        0.0000000000	        0.0000000000	        0.0000000000	        0.0025087254	        0.0027874727	        0.0009392236	        0.1000000000	        0.0010000000	        0.0666666667	        0.1000000000	        0.0010000000
        1.7793139285	        0.9295681943	        0.3129983205	        0.0000000000	        0.0000000000	        0.0000000000	        0.0023940871	        0.0026600968	        0.0009346870	        0.1000000000	        0.0010000000	        0.0666666667	        0.1000000000	        0.0010000000
        1.7895257240	        0.9199096455	        0.3093320525	        0.0000000000	        0.0000000000	        0.0000000000	        0.0022783687	        0.0025315208	        0.0009296947	        0.1000000000	        0.0010000000	        0.0666666667	        0.1000000000	        0.0010000000
        1.7993455473	        0.9100722671	        0.3056430277	        0.0000000000	        0.0000000000	        0.0000000000	        0.0021619204	        0.0024021337	        0.0009241938	        0.1000000000	        0.0010000000	        0.0666666667	        0.1000000000	        0.0010000000
        1.8087838469	        0.9000407110	        0.3019240569	        0.0000000000	        0.0000000000	        0.0000000000	        0.0020451092	        0.0022723436	        0.0009181241	        0.1000000000	        0.0010000000	        0.0666666667	        0.1000000000	        0.0010000000
        1.8178512012	        0.8897974955	        0.2981673831	        0.0000000000	        0.0000000000	        0.0000000000	        0.0019283205	        0.0021425784	        0.0009114170	        0.1000000000	        0.0010000000	        0.0666666667	        0.1000000000	        0.0010000000
        1.8265582733	        0.8793228693	        0.2943646291	        0.0000000000	        0.0000000000	        0.0000000000	        0.0018119579	        0.0020132866	        0.0009039951	        0.1000000000	        0.0010000000	        0.0666666667	        0.1000000000	        0.0010000000
        1.8349157693	        0.8685946800	        0.2905067465	        0.0000000000	        0.0000000000	        0.0000000000	        0.0016964430	        0.0018849366	        0.0008957704	        0.1000000000	        0.0010000000	        0.0666666667	        0.1000000000	        0.0010000000
        1.8429344002	        0.8575882562	        0.2865839672	        0.0000000000	        0.0000000000	        0.0000000000	        0.0015822139	        0.0017580155	        0.0008866442	        0.1000000000	        0.0010000000	        0.0666666667	        0.1000000000	        0.0010000000
        1.8506248471	        0.8462763124	        0.2825857620	        0.0000000000	        0.0000000000	        0.0000000000	        0.0014697229	        0.0016330254	        0.0008765057	        0.1000000000	        0.0010000000	        0.0666666667	        0.1000000000	        0.0010000000
        1.8579977295	        0.8346288946	        0.2785008092	        0.0000000000	        0.0000000000	        0.0000000000	        0.0013594317	        0.0015104796	        0.0008652317	        0.1000000000	        0.0010000000	        0.0666666667	        0.1000000000	        0.0010000000
        1.8650635767	        0.8226133837	        0.2743169810	        0.0000000000	        0.0000000000	        0.0000000000	        0.0012518064	        0.0013908960	        0.0008526865	        0.1000000000	        0.0010000000	        0.0666666667	        0.1000000000	        0.0010000000
        1.8718328026	        0.8101945842	        0.2700213548	        0.0000000000	        0.0000000000	        0.0000000000	        0.0011473102	        0.0012747892	        0.0008387222	        0.1000000000	        0.0010000000	        0.0666666667	        0.1000000000	        0.0010000000
        1.8783156825	        0.7973349296	        0.2656002586	        0.0000000000	        0.0000000000	        0.0000000000	        0.0010463951	        0.0011626612	        0.0008231797	        0.1000000000	        0.0010000000	        0.0666666667	        0.1000000000	        0.0010000000
        1.8845223335	        0.7839948420	        0.2610393645	        0.0000000000	        0.0000000000	        0.0000000000	        0.0009494917	        0.0010549908	        0.0008058917	        0.1000000000	        0.0010000000	        0.0666666667	        0.1000000000	        0.0010000000
        1.8904626966	        0.7701332901	        0.2563238436	        0.0000000000	        0.0000000000	        0.0000000000	        0.0008569997	        0.0009522219	        0.0007866864	        0.1000000000	        0.0010000000	        0.0666666667	        0.1000000000	        0.0010000000
        1.8961465220	        0.7557085938	        0.2514385983	        0.0000000000	        0.0000000000	        0.0000000000	        0.0007692768	        0.0008547520	        0.0007653936	        0.1000000000	        0.0010000000	        0.0666666667	        0.1000000000	        0.0010000000
        1.9015833556	        0.7406795213	        0.2463685901	        0.0000000000	        0.0000000000	        0.0000000000	        0.0006866284	        0.0007629205	        0.0007418536	        0.1000000000	        0.0010000000	        0.0666666667	        0.1000000000	        0.0010000000
        1.9067825285	        0.7250067180	        0.2410992766	        0.0000000000	        0.0000000000	        0.0000000000	        0.0006092986	        0.0006769985	        0.0007159282	        0.1000000000	        0.0010000000	        0.0666666667	        0.1000000000	        0.0010000000
        1.9117531477	        0.7086544905	        0.2356171713	        0.0000000000	        0.0000000000	        0.0000000000	        0.0005374628	        0.0005971809	        0.0006875147	        0.1000000000	        0.0010000000	        0.0666666667	        0.1000000000	        0.0010000000
        1.9165040890	        0.6915929347	        0.2299105256	        0.0000000000	        0.0000000000	        0.0000000000	        0.0004712220	        0.0005235800	        0.0006565630	        0.1000000000	        0.0010000000	        0.0666666667	        0.1000000000	        0.0010000000
        1.9210439915	        0.6738003553	        0.2239701251	        0.0000000000	        0.0000000000	        0.0000000000	        0.0004106007	        0.0004562230	        0.0006230938	        0.1000000000	        0.0010000000	        0.0666666667	        0.1000000000	        0.0010000000
        1.9253812529	        0.6552658611	        0.2177901674	        0.0000000000	        0.0000000000	        0.0000000000	        0.0003555475	        0.0003950528	        0.0005872163	        0.1000000000	        0.0010000000	        0.0666666667	        0.1000000000	        0.0010000000
        1.9295240269	        0.6359919535	        0.2113691685	        0.0000000000	        0.0000000000	        0.0000000000	        0.0003059382	        0.0003399313	        0.0005491446	        0.1000000000	        0.0010000000	        0.0666666667	        0.1000000000	        0.0010000000
        1.9334802217	        0.6159968625	        0.2047108194	        0.0000000000	        0.0000000000	        0.0000000000	        0.0002615822	        0.0002906469	        0.0005092071	        0.1000000000	        0.0010000000	        0.0666666667	        0.1000000000	        0.0010000000
        1.9372574991	        0.5953163346	        0.1978246950	        0.0000000000	        0.0000000000	        0.0000000000	        0.0002222318	        0.0002469242	        0.0004678488	        0.1000000000	        0.0010000000	        0.0666666667	        0.1000000000	        0.0010000000
        1.9408632750	        0.5740045744	        0.1907267061	        0.0000000000	        0.0000000000	        0.0000000000	        0.0001875916	        0.0002084352	        0.0004256208	        0.1000000000	        0.0010000000	        0.0666666667	        0.1000000000	        0.0010000000
        1.9443047207	        0.5521340888	        0.1834391958	        0.0000000000	        0.0000000000	        0.0000000000	        0.0001573314	        0.0001748127	        0.0003831580	        0.1000000000	        0.0010000000	        0.0666666667	        0.1000000000	        0.0010000000
        1.9475887648	        0.5297942877	        0.1759906114	        0.0000000000	        0.0000000000	        0.0000000000	        0.0001310968	        0.0001456631	        0.0003411454	        0.1000000000	        0.0010000000	        0.0666666667	        0.1000000000	        0.0010000000
        1.9507220961	        0.5070888515	        0.1684147288	        0.0000000000	        0.0000000000	        0.0000000000	        0.0001085217	        0.0001205797	        0.0003002752	        0.1000000000	        0.0010000000	        0.0666666667	        0.1000000000	        0.0010000000
        1.9537111666	        0.4841320480	        0.1607494741	        0.0000000000	        0.0000000000	        0.0000000000	        0.0000892381	        0.0000991535	        0.0002612013	        0.1000000000	        0.0010000000	        0.0666666667	        0.1000000000	        0.0010000000
        1.9565621954	        0.4610443305	        0.1530354397	        0.0000000000	        0.0000000000	        0.0000000000	        0.0000728856	        0.0000809840	        0.0002244966	        0.1000000000	        0.0010000000	        0.0666666667	        0.1000000000	        0.0010000000
        1.9592811732	        0.4379476471	        0.1453142415	        0.0000000000	        0.0000000000	        0.0000000000	        0.0000591184	        0.0000656872	        0.0001906187	        0.1000000000	        0.0010000000	        0.0666666667	        0.1000000000	        0.0010000000
        1.9618738665	        0.4149609087	        0.1376268795	        0.0000000000	        0.0000000000	        0.0000000000	        0.0000476110	        0.0000529011	        0.0001598890	        0.1000000000	        0.0010000000	        0.0666666667	        0.1000000000	        0.0010000000
        1.9643458227	        0.3921960064	        0.1300122531	        0.0000000000	        0.0000000000	        0.0000000000	        0.0000380616	        0.0000422907	        0.0001324852	        0.1000000000	        0.0010000000	        0.0666666667	        0.1000000000	        0.0010000000
        1.9667023755	        0.3697546562	        0.1225059474	        0.0000000000	        0.0000000000	        0.0000000000	        0.0000301949	        0.0000335499	        0.0001084477	        0.1000000000	        0.0010000000	        0.0666666667	        0.1000000000	        0.0010000000
        1.9689486499	        0.3477262123	        0.1151393601	        0.0000000000	        0.0000000000	        0.0000000000	        0.0000237625	        0.0000264028	        0.0000876970	        0.1000000000	        0.0010000000	        0.0666666667	        0.1000000000	        0.0010000000
        1.9710895681	        0.3261864576	        0.1079391844	        0.0000000000	        0.0000000000	        0.0000000000	        0.0000185429	        0.0000206032	        0.0000700571	        0.1000000000	        0.0010000000	        0.0666666667	        0.1000000000	        0.0010000000
        1.9731298548	        0.3051972779	        0.1009272255	        0.0000000000	        0.0000000000	        0.0000000000	        0.0000143408	        0.0000159342	        0.0000552824	        0.1000000000	        0.0010000000	        0.0666666667	        0.1000000000	        0.0010000000
        1.9750740433	        0.2848070577	        0.0941204941	        0.0000000000	        0.0000000000	        0.0000000000	        0.0000109856	        0.0000122062	        0.0000430835	        0.1000000000	        0.0010000000	        0.0666666667	        0.1000000000	        0.0010000000
        1.9769264814	        0.2650516075	        0.0875315102	        0.0000000000	        0.0000000000	        0.0000000000	        0.0000083297	        0.0000092552	        0.0000331507	        0.1000000000	        0.0010000000	        0.0666666667	        0.1000000000	        0.0010000000
        1.9786913367	        0.2459554363	        0.0811687460	        0.0000000000	        0.0000000000	        0.0000000000	        0.0000062464	        0.0000069405	        0.0000251731	        0.1000000000	        0.0010000000	        0.0666666667	        0.1000000000	        0.0010000000
        1.9803726030	        0.2275332026	        0.0750371444	        0.0000000000	        0.0000000000	        0.0000000000	        0.0000046282	        0.0000051424	        0.0000188522	        0.1000000000	        0.0010000000	        0.0666666667	        0.1000000000	        0.0010000000
        1.9819741058	        0.2097912131	        0.0691386607	        0.0000000000	        0.0000000000	        0.0000000000	        0.0000033842	        0.0000037603	        0.0000139120	        0.1000000000	        0.0010000000	        0.0666666667	        0.1000000000	        0.0010000000
        1.9834995080	        0.1927288716	        0.0634727915	        0.0000000000	        0.0000000000	        0.0000000000	        0.0000024388	        0.0000027098	        0.0000101049	        0.1000000000	        0.0010000000	        0.0666666667	        0.1000000000	        0.0010000000
        1.9849523159	        0.1763400165	        0.0580370624	        0.0000000000	        0.0000000000	        0.0000000000	        0.0000017291	        0.0000019213	        0.0000072135	        0.1000000000	        0.0010000000	        0.0666666667	        0.1000000000	        0.0010000000
        1.9863358846	        0.1606141101	        0.0528274633	        0.0000000000	        0.0000000000	        0.0000000000	        0.0000012037	        0.0000013374	        0.0000050515	        0.1000000000	        0.0010000000	        0.0666666667	        0.1000000000	        0.0010000000
        1.9876534236	        0.1455372663	        0.0478388229	        0.0000000000	        0.0000000000	        0.0000000000	        0.0000008206	        0.0000009118	        0.0000034619	        0.1000000000	        0.0010000000	        0.0666666667	        0.1000000000	        0.0010000000
        1.9889080021	        0.1310931170	        0.0430651239	        0.0000000000	        0.0000000000	        0.0000000000	        0.0000005461	        0.0000006068	        0.0000023148	        0.1000000000	        0.0010000000	        0.0666666667	        0.1000000000	        0.0010000000
        1.9901025543	        0.1172635273	        0.0384997613	        0.0000000000	        0.0000000000	        0.0000000000	        0.0000003534	        0.0000003926	        0.0000015041	        0.1000000000	        0.0010000000	        0.0666666667	        0.1000000000	        0.0010000000
        1.9912398850	        0.1040291744	        0.0341357504	        0.0000000000	        0.0000000000	        0.0000000000	        0.0000002212	        0.0000002457	        0.0000009450	        0.1000000000	        0.0010000000	        0.0666666667	        0.1000000000	        0.0010000000
        1.9923226740	        0.0913700094	        0.0299658916	        0.0000000000	        0.0000000000	        0.0000000000	        0.0000001330	        0.0000001477	        0.0000005701	        0.1000000000	        0.0010000000	        0.0666666667	        0.1000000000	        0.0010000000
        1.9933534817	        0.0792656183	        0.0259828970	        0.0000000000	        0.0000000000	        0.0000000000	        0.0000000761	        0.0000000845	        0.0000003271	        0.1000000000	        0.0010000000	        0.0666666667	        0.1000000000	        0.0010000000
        1.9943347532	        0.0676955009	        0.0221794877	        0.0000000000	        0.0000000000	        0.0000000000	        0.0000000409	        0.0000000454	        0.0000001763	        0.1000000000	        0.0010000000	        0.0666666667	        0.1000000000	        0.0010000000
        1.9952688237	        0.0566392812	        0.0185484661	        0.0000000000	        0.0000000000	        0.0000000000	        0.0000000202	        0.0000000225	        0.0000000874	        0.1000000000	        0.0010000000	        0.0666666667	        0.1000000000	        0.0010000000
        1.9961579223	        0.0460768645	        0.0150827679	        0.0000000000	        0.0000000000	        0.0000000000	        0.0000000089	        0.0000000099	        0.0000000388	        0.1000000000	        0.0010000000	        0.0666666667	        0.1000000000	        0.0010000000
        1.9970041770	        0.0359885512	        0.0117754997	        0.0000000000	        0.0000000000	        0.0000000000	        0.0000000034	        0.0000000037	        0.0000000146	        0.1000000000	        0.0010000000	        0.0666666667	        0.1000000000	        0.0010000000
        1.9978096186	        0.0263551173	        0.0086199638	        0.0000000000	        0.0000000000	        0.0000000000	        0.0000000010	        0.0000000011	        0.0000000042	        0.1000000000	        0.0010000000	        0.0666666667	        0.1000000000	        0.0010000000
        1.9985761848	        0.0171578690	        0.0056096742	        0.0000000000	        0.0000000000	        0.0000000000	        0.0000000002	        0.0000000002	        0.0000000008	        0.1000000000	        0.0010000000	        0.0666666667	        0.1000000000	        0.0010000000
        1.9993057241	        0.0083786776	        0.0027383662	        0.0000000000	        0.0000000000	        0.0000000000	        0.0000000000	        0.0000000000	        0.0000000000	        0.1000000000	        0.0010000000	        0.0666666667	        0.1000000000	        0.0010000000
        2.0000000000	        0.0000000000	        0.0000000000	        0.0000000000	        0.0000000000	        0.0000000000	        0.0000000000	        0.0000000000	        0.0000000000	        0.0000000000	        0.0010000000	        0.0000000000	        0.1000000000	        0.0010000000
