        0.0000000000	        0.0000000000	        1.0000000000	        4.7927244709	       30.0083752347	        0.0008632481	        0.0000000000	        0.0000000000	        0.0000000000	        0.0000000000	        0.0010000000	        0.0000000000	        0.1000000000	        0.0010000000
        0.0006386460	        0.0064385070	        0.9976502660	        4.5529990699	       29.9526821401	        0.0008372792	        0.0000000000	        0.0000000000	        0.0000000000	        0.1000000000	        0.0010000000	        0.0666666667	        0.1000000000	        0.0010000000
        0.0013591019	        0.0136975629	        0.9950733622	        4.2990939628	       29.8903372061	        0.0008093551	        0.0000000000	        0.0000000000	        0.0000000001	        0.1000000000	        0.0010000000	        0.0666666667	        0.1000000000	        0.0010000000
        0.0021717769	        0.0218802568	        0.9922553594	        4.0326278425	       29.8206672250	        0.0007795313	        0.0000000002	        0.0000000003	        0.0000000009	        0.1000000000	        0.0010000000	        0.0666666667	        0.1000000000	        0.0010000000
        0.0030883849	        0.0311022159	        0.9891829157	        3.7558813187	       29.7429799572	        0.0007479230	        0.0000000010	        0.0000000011	        0.0000000035	        0.1000000000	        0.0010000000	        0.0666666667	        0.1000000000	        0.0010000000
        0.0041221033	        0.0414930021	        0.9858434954	        3.4717953800	       29.6565876539	        0.0007147135	        0.0000000030	        0.0000000034	        0.0000000107	        0.1000000000	        0.0010000000	        0.0666666667	        0.1000000000	        0.0010000000
        0.0052877492	        0.0531976134	        0.9822255665	        3.1838560290	       29.5608438798	        0.0006801575	        0.0000000082	        0.0000000092	        0.0000000279	        0.1000000000	        0.0010000000	        0.0666666667	        0.1000000000	        0.0010000000
        0.0066019743	        0.0663780610	        0.9783187702	        2.8957815894	       29.4551994806	        0.0006445760	        0.0000000201	        0.0000000223	        0.0000000649	        0.1000000000	        0.0010000000	        0.0666666667	        0.1000000000	        0.0010000000
        0.0080834821	        0.0812149646	        0.9741140489	        2.6108840703	       29.3392859661	        0.0006083344	        0.0000000452	        0.0000000502	        0.0000001391	        0.1000000000	        0.0010000000	        0.0666666667	        0.1000000000	        0.0010000000
        0.0097532660	        0.0979090440	        0.9696036986	        2.3309094705	       29.2130379908	        0.0005717924	        0.0000000957	        0.0000001064	        0.0000002802	        0.1000000000	        0.0010000000	        0.0666666667	        0.1000000000	        0.0010000000
        0.0116348733	        0.1166822754	        0.9647811969	        2.0546323870	       29.0768131554	        0.0005352350	        0.0000001938	        0.0000002154	        0.0000005375	        0.1000000000	        0.0010000000	        0.0666666667	        0.1000000000	        0.0010000000
        0.0137546927	        0.1377782700	        0.9596404183	        1.7838015280	       28.9307084958	        0.0004991104	        0.0000003781	        0.0000004201	        0.0000009908	        0.1000000000	        0.0010000000	        0.0666666667	        0.1000000000	        0.0010000000
        0.0161422702	        0.1614610697	        0.9541746925	        1.5246446304	       28.7742623963	        0.0004640496	        0.0000007154	        0.0000007949	        0.0000017679	        0.1000000000	        0.0010000000	        0.0666666667	        0.1000000000	        0.0010000000
        0.0188306506	        0.1880109154	        0.9483765495	        1.2828038583	       28.6070412929	        0.0004306179	        0.0000013192	        0.0000014658	        0.0000030687	        0.1000000000	        0.0010000000	        0.0666666667	        0.1000000000	        0.0010000000
        0.0218567475	        0.2177145010	        0.9422382951	        1.0613422921	       28.4288585477	        0.0003991927	        0.0000023791	        0.0000026434	        0.0000052002	        0.1000000000	        0.0010000000	        0.0666666667	        0.1000000000	        0.0010000000
        0.0252617393	        0.2508456475	        0.9357536001	        0.8590836697	       28.2406764839	        0.0003702263	        0.0000042060	        0.0000046733	        0.0000086224	        0.1000000000	        0.0010000000	        0.0666666667	        0.1000000000	        0.0010000000
        0.0290914903	        0.2876303373	        0.9289197153	        0.6724830654	       28.0441281995	        0.0003442525	        0.0000072999	        0.0000081110	        0.0000140022	        0.1000000000	        0.0010000000	        0.0666666667	        0.1000000000	        0.0010000000
        0.0333969940	        0.3281885117	        0.9217404243	        0.5043018915	       27.8393468031	        0.0003218486	        0.0000124464	        0.0000138293	        0.0000222594	        0.1000000000	        0.0010000000	        0.0666666667	        0.1000000000	        0.0010000000
        0.0382348325	        0.3724467268	        0.9142346420	        0.3568604947	       27.6258373976	        0.0003034441	        0.0000208442	        0.0000231602	        0.0000345558	        0.1000000000	        0.0010000000	        0.0666666667	        0.1000000000	        0.0010000000
        0.0436676462	        0.4200263669	        0.9064489896	        0.2293368947	       27.4037394475	        0.0002893963	        0.0000342564	        0.0000380627	        0.0000521573	        0.1000000000	        0.0010000000	        0.0666666667	        0.1000000000	        0.0010000000
        0.0497646022	        0.4701382854	        0.8984685316	        0.1222458945	       27.1739145358	        0.0002799853	        0.0000551532	        0.0000612814	        0.0000760977	        0.1000000000	        0.0010000000	        0.0666666667	        0.1000000000	        0.0010000000
        0.0566018496	        0.5215524181	        0.8904206177	        0.0347750779	       26.9355210169	        0.0002753058	        0.0000867776	        0.0000964195	        0.0001066756	        0.1000000000	        0.0010000000	        0.0666666667	        0.1000000000	        0.0010000000
        0.0642629411	        0.5727249047	        0.8824602459	       -0.0368954853	       26.6905374160	        0.0002754471	        0.0001330282	        0.0001478091	        0.0001430872	        0.1000000000	        0.0010000000	        0.0666666667	        0.1000000000	        0.0010000000
        0.0728392004	        0.6220982933	        0.8747327383	       -0.0929175438	       26.4369936090	        0.0002804675	        0.0001980683	        0.0002200758	        0.0001835444	        0.1000000000	        0.0010000000	        0.0666666667	        0.1000000000	        0.0010000000
        0.0824300053	        0.6684530380	        0.8673375869	       -0.1350244724	       26.1779401782	        0.0002901843	        0.0002856759	        0.0003174177	        0.0002259193	        0.1000000000	        0.0010000000	        0.0666666667	        0.1000000000	        0.0010000000
        0.0931429507	        0.7111212810	        0.8603082231	       -0.1682566440	       25.9122907330	        0.0003045803	        0.0003985020	        0.0004427800	        0.0002686344	        0.1000000000	        0.0010000000	        0.0666666667	        0.1000000000	        0.0010000000
        0.1050938490	        0.7499775640	        0.8536116904	       -0.1946549672	       25.6409672439	        0.0003238668	        0.0005374778	        0.0005971975	        0.0003111420	        0.1000000000	        0.0010000000	        0.0666666667	        0.1000000000	        0.0010000000
        0.1184065179	        0.7852783891	        0.8471679936	       -0.2047879698	       25.3620377023	        0.0003475207	        0.0007015619	        0.0007795132	        0.0003532766	        0.1000000000	        0.0010000000	        0.0666666667	        0.1000000000	        0.0010000000
        0.1332122955	        0.8174737991	        0.8408887435	       -0.2090918371	       25.0770358011	        0.0003746601	        0.0008878768	        0.0009865298	        0.0003950059	        0.1000000000	        0.0010000000	        0.0666666667	        0.1000000000	        0.0010000000
        0.1496492201	        0.8470646220	        0.8346772626	       -0.2069902630	       24.7863903618	        0.0004050352	        0.0010921935	        0.0012135483	        0.0004366078	        0.1000000000	        0.0010000000	        0.0666666667	        0.1000000000	        0.0010000000
        0.1678608015	        0.8745196750	        0.8284404617	       -0.1951098433	       24.4869399755	        0.0004373265	        0.0013095562	        0.0014550624	        0.0004778276	        0.1000000000	        0.0010000000	        0.0666666667	        0.1000000000	        0.0010000000
        0.1879943127	        0.9002386291	        0.8221013850	       -0.1816566577	       24.1811734175	        0.0004708755	        0.0015348563	        0.0017053958	        0.0005183046	        0.1000000000	        0.0010000000	        0.0666666667	        0.1000000000	        0.0010000000
        0.2101985296	        0.9245415579	        0.8155882305	       -0.1620424087	       23.8656461061	        0.0005047163	        0.0017632588	        0.0019591765	        0.0005575394	        0.1000000000	        0.0010000000	        0.0666666667	        0.1000000000	        0.0010000000
        0.2346208557	        0.9476715774	        0.8088462992	       -0.1432763790	       23.5399567043	        0.0005377498	        0.0019903926	        0.0022115474	        0.0005949382	        0.1000000000	        0.0010000000	        0.0666666667	        0.1000000000	        0.0010000000
        0.2614037844	        0.9698024986	        0.8018257266	       -0.1220695832	       23.2038317820	        0.0005692757	        0.0022124009	        0.0024582232	        0.0006299740	        0.1000000000	        0.0010000000	        0.0666666667	        0.1000000000	        0.0010000000
        0.2906806794	        0.9910474794	        0.7944906139	       -0.1027753964	       22.8558958778	        0.0005985736	        0.0024258603	        0.0026954004	        0.0006620922	        0.1000000000	        0.0010000000	        0.0666666667	        0.1000000000	        0.0010000000
        0.3225708876	        1.0114668985	        0.7868098420	       -0.0839536667	       22.4940856358	        0.0006247701	        0.0026276933	        0.0029196592	        0.0006909523	        0.1000000000	        0.0010000000	        0.0666666667	        0.1000000000	        0.0010000000
        0.3571742551	        1.0310748477	        0.7787615390	       -0.0676385843	       22.1175786838	        0.0006477708	        0.0028150747	        0.0031278608	        0.0007162958	        0.1000000000	        0.0010000000	        0.0666666667	        0.1000000000	        0.0010000000
        0.3945651751	        1.0498442140	        0.7703273556	       -0.0551717385	       21.7237439008	        0.0006678628	        0.0029854010	        0.0033171122	        0.0007384058	        0.1000000000	        0.0010000000	        0.0666666667	        0.1000000000	        0.0010000000
        0.4347863703	        1.0677104974	        0.7614865481	       -0.0436993952	       21.3126168136	        0.0006852951	        0.0031363207	        0.0034848008	        0.0007574560	        0.1000000000	        0.0010000000	        0.0666666667	        0.1000000000	        0.0010000000
        0.4778426900	        1.0845747429	        0.7522250098	       -0.0361101133	       20.8837729586	        0.0007005152	        0.0032658044	        0.0036286715	        0.0007738042	        0.1000000000	        0.0010000000	        0.0666666667	        0.1000000000	        0.0010000000
        0.5236952751	        1.1003058614	        0.7425225384	       -0.0300254247	       20.4377488030	        0.0007138974	        0.0033723198	        0.0037470220	        0.0007880189	        0.1000000000	        0.0010000000	        0.0666666667	        0.1000000000	        0.0010000000
        0.5722565058	        1.1147427429	        0.7323613343	       -0.0275884267	       19.9731238649	        0.0007264864	        0.0034550351	        0.0038389279	        0.0008008362	        0.1000000000	        0.0010000000	        0.0666666667	        0.1000000000	        0.0010000000
        0.6233861842	        1.1276966443	        0.7217144491	       -0.0289492529	       19.4921208985	        0.0007390728	        0.0035141316	        0.0039045907	        0.0008136328	        0.1000000000	        0.0010000000	        0.0666666667	        0.1000000000	        0.0010000000
        0.6768894010	        1.1389545251	        0.7105426313	       -0.0332498332	       18.9941572919	        0.0007536476	        0.0035511859	        0.0039457621	        0.0008278435	        0.1000000000	        0.0010000000	        0.0666666667	        0.1000000000	        0.0010000000
        0.7325164896	        1.1482844997	        0.6987989430	       -0.0400110046	       18.4823216284	        0.0007718567	        0.0035696564	        0.0039662849	        0.0008447605	        0.1000000000	        0.0010000000	        0.0666666667	        0.1000000000	        0.0010000000
        0.7899653716	        1.1554451768	        0.6864358880	       -0.0498949631	       17.9577228222	        0.0007950143	        0.0035755802	        0.0039728669	        0.0008657942	        0.1000000000	        0.0010000000	        0.0666666667	        0.1000000000	        0.0010000000
        0.8488864424	        1.1602015140	        0.6734118332	       -0.0617074833	       17.4239386145	        0.0008243096	        0.0035789656	        0.0039766284	        0.0008919163	        0.1000000000	        0.0010000000	        0.0666666667	        0.1000000000	        0.0010000000
        0.9088899606	        1.1623498333	        0.6597319062	       -0.0761176051	       16.8866418752	        0.0008607877	        0.0036016536	        0.0040018374	        0.0009229145	        0.1000000000	        0.0010000000	        0.0666666667	        0.1000000000	        0.0010000000
        0.9695556872	        1.1617718978	        0.6455495416	       -0.0896955911	       16.3512311058	        0.0009051916	        0.0037052911	        0.0041169902	        0.0009680982	        0.1000000000	        0.0010000000	        0.0666666667	        0.1000000000	        0.0010000000
        1.0304443128	        1.1585589835	        0.6311138650	       -0.1017835451	       15.8209335618	        0.0009576980	        0.0038623238	        0.0042914709	        0.0010231318	        0.1000000000	        0.0010000000	        0.0666666667	        0.1000000000	        0.0010000000
        1.0911100394	        1.1529371012	        0.6165343298	       -0.1120755100	       15.3031176816	        0.0010160702	        0.0040094700	        0.0044549666	        0.0010802883	        0.1000000000	        0.0010000000	        0.0666666667	        0.1000000000	        0.0010000000
        1.1511135576	        1.1451412634	        0.6018177502	       -0.1196335870	       14.8001692424	        0.0010786485	        0.0041361187	        0.0045956875	        0.0011408892	        0.1000000000	        0.0010000000	        0.0666666667	        0.1000000000	        0.0010000000
        1.2100346284	        1.1354075633	        0.5869773587	       -0.1223011052	       14.3164731441	        0.0011422282	        0.0042356296	        0.0047062551	        0.0012025527	        0.1000000000	        0.0010000000	        0.0666666667	        0.1000000000	        0.0010000000
        1.2674835104	        1.1239646617	        0.5720510093	       -0.1204108258	       13.8535102271	        0.0012042957	        0.0043037215	        0.0047819128	        0.0012624560	        0.1000000000	        0.0010000000	        0.0666666667	        0.1000000000	        0.0010000000
        1.3231105990	        1.1110291836	        0.5570957858	       -0.1159164323	       13.4113278371	        0.0012626838	        0.0043378700	        0.0048198555	        0.0013184853	        0.1000000000	        0.0010000000	        0.0666666667	        0.1000000000	        0.0010000000
        1.3766138158	        1.0968029257	        0.5421728805	       -0.1072590942	       12.9885931066	        0.0013156067	        0.0043369771	        0.0048188634	        0.0013688822	        0.1000000000	        0.0010000000	        0.0666666667	        0.1000000000	        0.0010000000
        1.4277434942	        1.0814708929	        0.5273519186	       -0.0990798124	       12.5856845496	        0.0013626599	        0.0043010901	        0.0047789890	        0.0014127643	        0.1000000000	        0.0010000000	        0.0666666667	        0.1000000000	        0.0010000000
        1.4763047249	        1.0651997875	        0.5126857751	       -0.0907483527	       12.2009845115	        0.0014039098	        0.0042312337	        0.0047013707	        0.0014503325	        0.1000000000	        0.0010000000	        0.0666666667	        0.1000000000	        0.0010000000
        1.5221573100	        1.0481368346	        0.4982144170	       -0.0768771740	       11.8364294413	        0.0014379968	        0.0041291984	        0.0045879982	        0.0014807424	        0.1000000000	        0.0010000000	        0.0666666667	        0.1000000000	        0.0010000000
        1.5652136297	        1.0304086856	        0.4839843795	       -0.0607149090	       11.4929487891	        0.0014643210	        0.0039973085	        0.0044414538	        0.0015029367	        0.1000000000	        0.0010000000	        0.0666666667	        0.1000000000	        0.0010000000
        1.6054348249	        1.0121203680	        0.4700324734	       -0.0399627998	       11.1662880618	        0.0014825772	        0.0038382848	        0.0042647609	        0.0015164030	        0.1000000000	        0.0010000000	        0.0666666667	        0.1000000000	        0.0010000000
        1.6428257449	        0.9933542472	        0.4563911313	       -0.0164574702	       10.8568884446	        0.0014930344	        0.0036550722	        0.0040611913	        0.0015207842	        0.1000000000	        0.0010000000	        0.0666666667	        0.1000000000	        0.0010000000
        1.6774291124	        0.9741688044	        0.4430804177	        0.0111437030	       10.5617803153	        0.0014951642	        0.0034507254	        0.0038341393	        0.0015160709	        0.1000000000	        0.0010000000	        0.0666666667	        0.1000000000	        0.0010000000
        1.7093193206	        0.9545970729	        0.4301103104	        0.0414484468	       10.2810566643	        0.0014876776	        0.0032283054	        0.0035870060	        0.0015024188	        0.1000000000	        0.0010000000	        0.0666666667	        0.1000000000	        0.0010000000
        1.7385962156	        0.9346444792	        0.4174760153	        0.0766259869	       10.0125997849	        0.0014709562	        0.0029908367	        0.0033231519	        0.0014800440	        0.1000000000	        0.0010000000	        0.0666666667	        0.1000000000	        0.0010000000
        1.7653791443	        0.9142858222	        0.4051616593	        0.1150812960	        9.7545975392	        0.0014470764	        0.0027412992	        0.0030458880	        0.0014491672	        0.1000000000	        0.0010000000	        0.0666666667	        0.1000000000	        0.0010000000
        1.7898014704	        0.8934610742	        0.3931356880	        0.1540433244	        9.5040134817	        0.0014172654	        0.0024826980	        0.0027585533	        0.0014104897	        0.1000000000	        0.0010000000	        0.0666666667	        0.1000000000	        0.0010000000
        1.8120056873	        0.8720697707	        0.3813456443	        0.1972948581	        9.2600793741	        0.0013823763	        0.0022181974	        0.0024646637	        0.0013645048	        0.1000000000	        0.0010000000	        0.0666666667	        0.1000000000	        0.0010000000
        1.8321391985	        0.8499637138	        0.3697238181	        0.2389050904	        9.0216940238	        0.0013438099	        0.0019512840	        0.0021680933	        0.0013116493	        0.1000000000	        0.0010000000	        0.0666666667	        0.1000000000	        0.0010000000
        1.8503507799	        0.8269380269	        0.3581776500	        0.2796618837	        8.7846107253	        0.0013022862	        0.0016859749	        0.0018733054	        0.0012524554	        0.1000000000	        0.0010000000	        0.0666666667	        0.1000000000	        0.0010000000
        1.8667877045	        0.8027212500	        0.3465909934	        0.3125243239	        8.5512420419	        0.0012598349	        0.0014269493	        0.0015854992	        0.0011873367	        0.1000000000	        0.0010000000	        0.0666666667	        0.1000000000	        0.0010000000
        1.8815934821	        0.7769664166	        0.3348160630	        0.3383209382	        8.3159462248	        0.0012174297	        0.0011795435	        0.0013106039	        0.0011164063	        0.1000000000	        0.0010000000	        0.0666666667	        0.1000000000	        0.0010000000
        1.8949061510	        0.7492476989	        0.3226772750	        0.3552064418	        8.0794739396	        0.0011765233	        0.0009494695	        0.0010549661	        0.0010390386	        0.1000000000	        0.0010000000	        0.0666666667	        0.1000000000	        0.0010000000
        1.9068570493	        0.7190715147	        0.3099758420	        0.3498803921	        7.8428669078	        0.0011390713	        0.0007422313	        0.0008247015	        0.0009545661	        0.1000000000	        0.0010000000	        0.0666666667	        0.1000000000	        0.0010000000
        1.9175699947	        0.6859173885	        0.2964908394	        0.3243332632	        7.6053324906	        0.0011069589	        0.0005623253	        0.0006248059	        0.0008621270	        0.1000000000	        0.0010000000	        0.0666666667	        0.1000000000	        0.0010000000
        1.9271607996	        0.6493282439	        0.2820114691	        0.2794249487	        7.3651481950	        0.0010809177	        0.0004124166	        0.0004582406	        0.0007607453	        0.1000000000	        0.0010000000	        0.0666666667	        0.1000000000	        0.0010000000
        1.9357370589	        0.6090618242	        0.2663881598	        0.2037939162	        7.1240127291	        0.0010620863	        0.0002928230	        0.0003253589	        0.0006509810	        0.1000000000	        0.0010000000	        0.0666666667	        0.1000000000	        0.0010000000
        1.9433981504	        0.5652797549	        0.2495871987	        0.0982987168	        6.8878748515	        0.0010516085	        0.0002015321	        0.0002239246	        0.0005360611	        0.1000000000	        0.0010000000	        0.0666666667	        0.1000000000	        0.0010000000
        1.9502353978	        0.5186884356	        0.2317497851	       -0.0407469288	        6.6530860330	        0.0010496350	        0.0001347436	        0.0001497151	        0.0004220646	        0.1000000000	        0.0010000000	        0.0666666667	        0.1000000000	        0.0010000000
        1.9563323538	        0.4705123522	        0.2131991027	       -0.2116134909	        6.4220792587	        0.0010563471	        0.0000877431	        0.0000974924	        0.0003166372	        0.1000000000	        0.0010000000	        0.0666666667	        0.1000000000	        0.0010000000
        1.9617651675	        0.4222568969	        0.1943817808	       -0.4056843687	        6.2046648133	        0.0010708850	        0.0000557788	        0.0000619764	        0.0002263524	        0.1000000000	        0.0010000000	        0.0666666667	        0.1000000000	        0.0010000000
        1.9666030060	        0.3753700644	        0.1757683717	       -0.6201223843	        5.9977371027	        0.0010925756	        0.0000346744	        0.0000385271	        0.0001546565	        0.1000000000	        0.0010000000	        0.0666666667	        0.1000000000	        0.0010000000
        1.9709085097	        0.3309785654	        0.1577579783	       -0.8520766711	        5.7995605131	        0.0011207688	        0.0000210986	        0.0000234429	        0.0001014761	        0.1000000000	        0.0010000000	        0.0666666667	        0.1000000000	        0.0010000000
        1.9747382607	        0.2897893316	        0.1406311930	       -1.0923817192	        5.6151795467	        0.0011539069	        0.0000125698	        0.0000139664	        0.0000642442	        0.1000000000	        0.0010000000	        0.0666666667	        0.1000000000	        0.0010000000
        1.9781432525	        0.2521284656	        0.1245529851	       -1.3362063438	        5.4452359908	        0.0011906612	        0.0000073292	        0.0000081435	        0.0000393862	        0.1000000000	        0.0010000000	        0.0666666667	        0.1000000000	        0.0010000000
        1.9811693494	        0.2180420597	        0.1095972847	       -1.5817156073	        5.2891677237	        0.0012300887	        0.0000041777	        0.0000046419	        0.0000234291	        0.1000000000	        0.0010000000	        0.0666666667	        0.1000000000	        0.0010000000
        1.9838577298	        0.1874000059	        0.0957757201	       -1.8251525802	        5.1475890349	        0.0012709126	        0.0000023232	        0.0000025813	        0.0000135252	        0.1000000000	        0.0010000000	        0.0666666667	        0.1000000000	        0.0010000000
        1.9862453073	        0.1599767030	        0.0830622386	       -2.0608689404	        5.0220760620	        0.0013115809	        0.0000012565	        0.0000013961	        0.0000075641	        0.1000000000	        0.0010000000	        0.0666666667	        0.1000000000	        0.0010000000
        1.9883651267	        0.1355048679	        0.0714103873	       -2.2890521026	        4.9106853473	        0.0013516866	        0.0000006579	        0.0000007310	        0.0000040834	        0.1000000000	        0.0010000000	        0.0666666667	        0.1000000000	        0.0010000000
        1.9902467340	        0.1137078392	        0.0607630679	       -2.5120629238	        4.8102108680	        0.0013913094	        0.0000003314	        0.0000003683	        0.0000021154	        0.1000000000	        0.0010000000	        0.0666666667	        0.1000000000	        0.0010000000
        1.9919165179	        0.0943173037	        0.0510581578	       -2.7319640929	        4.7194683624	        0.0014301646	        0.0000001592	        0.0000001769	        0.0000010427	        0.1000000000	        0.0010000000	        0.0666666667	        0.1000000000	        0.0010000000
        1.9933980257	        0.0770820538	        0.0422318828	       -2.9507800307	        4.6385554974	        0.0014677869	        0.0000000720	        0.0000000800	        0.0000004829	        0.1000000000	        0.0010000000	        0.0666666667	        0.1000000000	        0.0010000000
        1.9947122508	        0.0617715805	        0.0342208056	       -3.1681619997	        4.5671195163	        0.0015037988	        0.0000000301	        0.0000000334	        0.0000002061	        0.1000000000	        0.0010000000	        0.0666666667	        0.1000000000	        0.0010000000
        1.9958778967	        0.0481768544	        0.0269631234	       -3.3824980946	        4.5044863552	        0.0015379262	        0.0000000113	        0.0000000125	        0.0000000787	        0.1000000000	        0.0010000000	        0.0666666667	        0.1000000000	        0.0010000000
        1.9969116151	        0.0361096650	        0.0203994457	       -3.5917557548	        4.4498334295	        0.0015699889	        0.0000000036	        0.0000000040	        0.0000000256	        0.1000000000	        0.0010000000	        0.0666666667	        0.1000000000	        0.0010000000
        1.9978282231	        0.0254012827	        0.0144732199	       -3.7939543490	        4.4022961889	        0.0015998873	        0.0000000009	        0.0000000010	        0.0000000064	        0.1000000000	        0.0010000000	        0.0666666667	        0.1000000000	        0.0010000000
        1.9986408981	        0.0159008563	        0.0091309461	       -3.9874051225	        4.3610310478	        0.0016275874	        0.0000000001	        0.0000000002	        0.0000000010	        0.1000000000	        0.0010000000	        0.0666666667	        0.1000000000	        0.0010000000
        1.9993613540	        0.0074737607	        0.0043222690	       -4.1708092110	        4.3252500234	        0.0016531074	        0.0000000000	        0.0000000000	        0.0000000001	        0.1000000000	        0.0010000000	        0.0666666667	        0.1000000000	        0.0010000000
        2.0000000000	        0.0000000000	        0.0000000000	       -4.3432727844	        4.2942373928	        0.0016765047	        0.0000000000	        0.0000000000	        0.0000000000	        0.0000000000	        0.0010000000	        0.0000000000	        0.1000000000	        0.0010000000
