        0.0000000000	        0.0000000000	        1.0000000000	        5.7355352873	       28.6231206304	        0.0009301893	        0.0000000000	        0.0000000000	        0.0000000000	        0.0000000000	        0.0010000000	        0.0000000000	        0.1000000000	        0.0010000000
        0.0006386460	        0.0064362055	        0.9972133504	        5.5047823444	       28.6075040008	        0.0008986325	        0.0000000000	        0.0000000000	        0.0000000000	        0.1000000000	        0.0010000000	        0.0666666667	        0.1000000000	        0.0010000000
        0.0013591019	        0.0136926954	        0.9941590051	        5.2561773837	       28.5894671548	        0.0008644438	        0.0000000000	        0.0000000000	        0.0000000002	        0.1000000000	        0.0010000000	        0.0666666667	        0.1000000000	        0.0010000000
        0.0021717769	        0.0218725336	        0.9908222211	        4.9900268203	       28.5686686784	        0.0008276154	        0.0000000002	        0.0000000003	        0.0000000010	        0.1000000000	        0.0010000000	        0.0666666667	        0.1000000000	        0.0010000000
        0.0030883849	        0.0310913209	        0.9871898288	        4.7071094738	       28.5447506245	        0.0007882029	        0.0000000010	        0.0000000011	        0.0000000041	        0.1000000000	        0.0010000000	        0.0666666667	        0.1000000000	        0.0010000000
        0.0041221033	        0.0414785930	        0.9832507562	        4.4087350418	       28.5173591781	        0.0007463391	        0.0000000030	        0.0000000034	        0.0000000126	        0.1000000000	        0.0010000000	        0.0666666667	        0.1000000000	        0.0010000000
        0.0052877492	        0.0531793213	        0.9789965453	        4.0967579198	       28.4861807257	        0.0007022470	        0.0000000083	        0.0000000092	        0.0000000327	        0.1000000000	        0.0010000000	        0.0666666667	        0.1000000000	        0.0010000000
        0.0066019743	        0.0663554919	        0.9744218150	        3.7735046784	       28.4510015262	        0.0006562480	        0.0000000201	        0.0000000223	        0.0000000759	        0.1000000000	        0.0010000000	        0.0666666667	        0.1000000000	        0.0010000000
        0.0080834821	        0.0811877006	        0.9695246084	        3.4415494011	       28.4118030599	        0.0006087607	        0.0000000453	        0.0000000503	        0.0000001619	        0.1000000000	        0.0010000000	        0.0666666667	        0.1000000000	        0.0010000000
        0.0097532660	        0.0978766449	        0.9643065336	        3.1032351906	       28.3689107233	        0.0005602812	        0.0000000961	        0.0000001067	        0.0000003239	        0.1000000000	        0.0010000000	        0.0666666667	        0.1000000000	        0.0010000000
        0.0116348733	        0.1166442762	        0.9587725438	        2.7601122535	       28.3231095917	        0.0005113462	        0.0000001946	        0.0000002162	        0.0000006162	        0.1000000000	        0.0010000000	        0.0666666667	        0.1000000000	        0.0010000000
        0.0137546927	        0.1377341707	        0.9529300966	        2.4166576901	       28.2741805879	        0.0004626428	        0.0000003799	        0.0000004221	        0.0000011250	        0.1000000000	        0.0010000000	        0.0666666667	        0.1000000000	        0.0010000000
        0.0161422702	        0.1614103028	        0.9467880089	        2.0814596967	       28.2201827295	        0.0004149831	        0.0000007193	        0.0000007993	        0.0000019845	        0.1000000000	        0.0010000000	        0.0666666667	        0.1000000000	        0.0010000000
        0.0188306506	        0.1879527672	        0.9403557593	        1.7622337027	       28.1598020369	        0.0003691776	        0.0000013273	        0.0000014748	        0.0000034002	        0.1000000000	        0.0010000000	        0.0666666667	        0.1000000000	        0.0010000000
        0.0218567475	        0.2176479390	        0.9336432956	        1.4627936849	       28.0937269960	        0.0003259376	        0.0000023952	        0.0000026613	        0.0000056799	        0.1000000000	        0.0010000000	        0.0666666667	        0.1000000000	        0.0010000000
        0.0252617393	        0.2507689778	        0.9266610302	        1.1855197901	       28.0225029033	        0.0002860084	        0.0000042365	        0.0000047072	        0.0000092744	        0.1000000000	        0.0010000000	        0.0666666667	        0.1000000000	        0.0010000000
        0.0290914903	        0.2875405750	        0.9194208152	        0.9322474136	       27.9462542576	        0.0002501141	        0.0000073560	        0.0000081733	        0.0000148236	        0.1000000000	        0.0010000000	        0.0666666667	        0.1000000000	        0.0010000000
        0.0333969940	        0.3280803338	        0.9119389028	        0.7073816200	       27.8648679454	        0.0002189057	        0.0000125461	        0.0000139401	        0.0000231894	        0.1000000000	        0.0010000000	        0.0666666667	        0.1000000000	        0.0010000000
        0.0382348325	        0.3723109559	        0.9042438099	        0.5122956694	       27.7787727037	        0.0001928684	        0.0000210155	        0.0000233506	        0.0000354342	        0.1000000000	        0.0010000000	        0.0666666667	        0.1000000000	        0.0010000000
        0.0436676462	        0.4198482345	        0.8963866238	        0.3486999606	       27.6861752386	        0.0001722724	        0.0000345412	        0.0000383791	        0.0000526752	        0.1000000000	        0.0010000000	        0.0666666667	        0.1000000000	        0.0010000000
        0.0497646022	        0.4698963285	        0.8884524401	        0.2171113372	       27.5853620411	        0.0001571409	        0.0000556102	        0.0000617891	        0.0000757400	        0.1000000000	        0.0010000000	        0.0666666667	        0.1000000000	        0.0010000000
        0.0566018496	        0.5212195064	        0.8805647167	        0.1164654423	       27.4762202192	        0.0001471880	        0.0000874838	        0.0000972042	        0.0001046644	        0.1000000000	        0.0010000000	        0.0666666667	        0.1000000000	        0.0010000000
        0.0642629411	        0.5722726082	        0.8728727495	        0.0395357556	       27.3582262699	        0.0001420264	        0.0001340750	        0.0001489722	        0.0001383540	        0.1000000000	        0.0010000000	        0.0666666667	        0.1000000000	        0.0010000000
        0.0728392004	        0.6215037008	        0.8655142072	       -0.0152822420	       27.2310835918	        0.0001412313	        0.0001995509	        0.0002217233	        0.0001747431	        0.1000000000	        0.0010000000	        0.0666666667	        0.1000000000	        0.0010000000
        0.0824300053	        0.6677046470	        0.8585822187	       -0.0582337276	       27.0953541469	        0.0001444319	        0.0002876756	        0.0003196395	        0.0002115966	        0.1000000000	        0.0010000000	        0.0666666667	        0.1000000000	        0.0010000000
        0.0931429507	        0.7102206557	        0.8520980784	       -0.0922463510	       26.9507586098	        0.0001516507	        0.0004010678	        0.0004456309	        0.0002474663	        0.1000000000	        0.0010000000	        0.0666666667	        0.1000000000	        0.0010000000
        0.1050938490	        0.7489367418	        0.8460187955	       -0.1173141931	       26.7948497617	        0.0001628683	        0.0005406127	        0.0006006808	        0.0002818860	        0.1000000000	        0.0010000000	        0.0666666667	        0.1000000000	        0.0010000000
        0.1184065179	        0.7841156377	        0.8402624304	       -0.1314553589	       26.6240354029	        0.0001776433	        0.0007052130	        0.0007835700	        0.0003149339	        0.1000000000	        0.0010000000	        0.0666666667	        0.1000000000	        0.0010000000
        0.1332122955	        0.8162098205	        0.8347354481	       -0.1396102111	       26.4387473614	        0.0001954421	        0.0008919417	        0.0009910463	        0.0003469471	        0.1000000000	        0.0010000000	        0.0666666667	        0.1000000000	        0.0010000000
        0.1496492201	        0.8457201275	        0.8293413962	       -0.1420941164	       26.2384739292	        0.0002159863	        0.0010965289	        0.0012183655	        0.0003783775	        0.1000000000	        0.0010000000	        0.0666666667	        0.1000000000	        0.0010000000
        0.1678608015	        0.8731142768	        0.8239900445	       -0.1390727349	       26.0206708702	        0.0002386485	        0.0013139897	        0.0014599886	        0.0004094281	        0.1000000000	        0.0010000000	        0.0666666667	        0.1000000000	        0.0010000000
        0.1879943127	        0.8987905116	        0.8186020754	       -0.1336112508	       25.7855609548	        0.0002629015	        0.0015392049	        0.0017102277	        0.0004401809	        0.1000000000	        0.0010000000	        0.0666666667	        0.1000000000	        0.0010000000
        0.2101985296	        0.9230676079	        0.8131058574	       -0.1249928685	       25.5304790348	        0.0002882772	        0.0017673337	        0.0019637041	        0.0004705850	        0.1000000000	        0.0010000000	        0.0666666667	        0.1000000000	        0.0010000000
        0.2346208557	        0.9461876927	        0.8074400606	       -0.1122427724	       25.2541017834	        0.0003137942	        0.0019940110	        0.0022155678	        0.0005001416	        0.1000000000	        0.0010000000	        0.0666666667	        0.1000000000	        0.0010000000
        0.2614037844	        0.9683240106	        0.8015572460	       -0.0996940691	       24.9557689852	        0.0003390197	        0.0022153723	        0.0024615248	        0.0005283921	        0.1000000000	        0.0010000000	        0.0666666667	        0.1000000000	        0.0010000000
        0.2906806794	        0.9895895645	        0.7954153474	       -0.0856923296	       24.6332005583	        0.0003629160	        0.0024279944	        0.0026977716	        0.0005549381	        0.1000000000	        0.0010000000	        0.0666666667	        0.1000000000	        0.0010000000
        0.3225708876	        1.0100449497	        0.7889826198	       -0.0724836158	       24.2859531586	        0.0003851740	        0.0026287845	        0.0029208716	        0.0005793373	        0.1000000000	        0.0010000000	        0.0666666667	        0.1000000000	        0.0010000000
        0.3571742551	        1.0297048110	        0.7822325882	       -0.0619989214	       23.9125946270	        0.0004056808	        0.0028149005	        0.0031276672	        0.0006016345	        0.1000000000	        0.0010000000	        0.0666666667	        0.1000000000	        0.0010000000
        0.3945651751	        1.0485428315	        0.7751377162	       -0.0521756858	       23.5115578674	        0.0004240989	        0.0029837207	        0.0033152452	        0.0006218880	        0.1000000000	        0.0010000000	        0.0666666667	        0.1000000000	        0.0010000000
        0.4347863703	        1.0664955195	        0.7676753372	       -0.0421626774	       23.0829908078	        0.0004407405	        0.0031328542	        0.0034809491	        0.0006397494	        0.1000000000	        0.0010000000	        0.0666666667	        0.1000000000	        0.0010000000
        0.4778426900	        1.0834651090	        0.7598315093	       -0.0369668378	       22.6265878128	        0.0004553456	        0.0032602151	        0.0036224612	        0.0006556371	        0.1000000000	        0.0010000000	        0.0666666667	        0.1000000000	        0.0010000000
        0.5236952751	        1.0993217602	        0.7515797608	       -0.0312479017	       22.1406124022	        0.0004683650	        0.0033642079	        0.0037380088	        0.0006699715	        0.1000000000	        0.0010000000	        0.0666666667	        0.1000000000	        0.0010000000
        0.5722565058	        1.1139055437	        0.7429027456	       -0.0312835219	       21.6287653106	        0.0004811588	        0.0034438983	        0.0038265537	        0.0006835945	        0.1000000000	        0.0010000000	        0.0666666667	        0.1000000000	        0.0010000000
        0.6233861842	        1.1270285849	        0.7337605191	       -0.0343874460	       21.0907674416	        0.0004950048	        0.0034993540	        0.0038881711	        0.0006982047	        0.1000000000	        0.0010000000	        0.0666666667	        0.1000000000	        0.0010000000
        0.6768894010	        1.1384780248	        0.7241003413	       -0.0396582681	       20.5278945084	        0.0005117444	        0.0035319900	        0.0039244334	        0.0007149727	        0.1000000000	        0.0010000000	        0.0666666667	        0.1000000000	        0.0010000000
        0.7325164896	        1.1480209450	        0.7138618235	       -0.0472598885	       19.9442591170	        0.0005323415	        0.0035450381	        0.0039389312	        0.0007350138	        0.1000000000	        0.0010000000	        0.0666666667	        0.1000000000	        0.0010000000
        0.7899653716	        1.1554128885	        0.7029797554	       -0.0562566606	       19.3427584353	        0.0005578265	        0.0035442169	        0.0039380188	        0.0007592888	        0.1000000000	        0.0010000000	        0.0666666667	        0.1000000000	        0.0010000000
        0.8488864424	        1.1604126090	        0.6914006808	       -0.0673201729	       18.7253269308	        0.0005893724	        0.0035389635	        0.0039321816	        0.0007884937	        0.1000000000	        0.0010000000	        0.0666666667	        0.1000000000	        0.0010000000
        0.9088899606	        1.1628061469	        0.6791054024	       -0.0819952415	       18.0988706984	        0.0006283201	        0.0035482805	        0.0039425339	        0.0008222763	        0.1000000000	        0.0010000000	        0.0666666667	        0.1000000000	        0.0010000000
        0.9695556872	        1.1624536421	        0.6662032002	       -0.0967118080	       17.4653899163	        0.0006755934	        0.0036372056	        0.0040413395	        0.0008694538	        0.1000000000	        0.0010000000	        0.0666666667	        0.1000000000	        0.0010000000
        1.0304443128	        1.1594260368	        0.6529222753	       -0.1123136279	       16.8309391753	        0.0007313880	        0.0037901009	        0.0042112232	        0.0009288364	        0.1000000000	        0.0010000000	        0.0666666667	        0.1000000000	        0.0010000000
        1.0911100394	        1.1539511578	        0.6393601849	       -0.1265948418	       16.2024434871	        0.0007953624	        0.0039345397	        0.0043717108	        0.0009920867	        0.1000000000	        0.0010000000	        0.0666666667	        0.1000000000	        0.0010000000
        1.1511135576	        1.1462676532	        0.6255057139	       -0.1391141781	       15.5835304695	        0.0008655949	        0.0040594432	        0.0045104924	        0.0010610239	        0.1000000000	        0.0010000000	        0.0666666667	        0.1000000000	        0.0010000000
        1.2100346284	        1.1366158366	        0.6113530831	       -0.1472246366	       14.9783633966	        0.0009396755	        0.0041580131	        0.0046200146	        0.0011335060	        0.1000000000	        0.0010000000	        0.0666666667	        0.1000000000	        0.0010000000
        1.2674835104	        1.1252285713	        0.5969243393	       -0.1504740682	       14.3920476397	        0.0010145834	        0.0042258979	        0.0046954421	        0.0012065696	        0.1000000000	        0.0010000000	        0.0666666667	        0.1000000000	        0.0010000000
        1.3231105990	        1.1123264378	        0.5822683724	       -0.1509399349	       13.8275349551	        0.0010894044	        0.0042605282	        0.0047339202	        0.0012777468	        0.1000000000	        0.0010000000	        0.0666666667	        0.1000000000	        0.0010000000
        1.3766138158	        1.0981148631	        0.5674437624	       -0.1476213142	       13.2865669406	        0.0011617163	        0.0042607673	        0.0047341859	        0.0013450495	        0.1000000000	        0.0010000000	        0.0666666667	        0.1000000000	        0.0010000000
        1.4277434942	        1.0827821568	        0.5525196074	       -0.1391828295	       12.7717051749	        0.0012271036	        0.0042266304	        0.0046962560	        0.0014062371	        0.1000000000	        0.0010000000	        0.0666666667	        0.1000000000	        0.0010000000
        1.4763047249	        1.0664979509	        0.5375758238	       -0.1241980190	       12.2848887248	        0.0012836097	        0.0041590562	        0.0046211736	        0.0014588707	        0.1000000000	        0.0010000000	        0.0666666667	        0.1000000000	        0.0010000000
        1.5221573100	        1.0494118685	        0.5227019335	       -0.0998043882	       11.8272516411	        0.0013286598	        0.0040597076	        0.0045107863	        0.0015001934	        0.1000000000	        0.0010000000	        0.0666666667	        0.1000000000	        0.0010000000
        1.5652136297	        1.0316523075	        0.5079996670	       -0.0712115410	       11.3989622203	        0.0013617943	        0.0039307731	        0.0043675257	        0.0015284552	        0.1000000000	        0.0010000000	        0.0666666667	        0.1000000000	        0.0010000000
        1.6054348249	        1.0133253536	        0.4935563570	       -0.0353316731	       10.9976142734	        0.0013820001	        0.0037748511	        0.0041942790	        0.0015429210	        0.1000000000	        0.0010000000	        0.0666666667	        0.1000000000	        0.0010000000
        1.6428257449	        0.9945137280	        0.4794520902	        0.0059795199	       10.6244961321	        0.0013881950	        0.0035947754	        0.0039941949	        0.0015430704	        0.1000000000	        0.0010000000	        0.0666666667	        0.1000000000	        0.0010000000
        1.6774291124	        0.9752755335	        0.4657506322	        0.0525093394	       10.2767432254	        0.0013801175	        0.0033935068	        0.0037705631	        0.0015291417	        0.1000000000	        0.0010000000	        0.0666666667	        0.1000000000	        0.0010000000
        1.7093193206	        0.9556426608	        0.4524977422	        0.1032205833	        9.9532492047	        0.0013579923	        0.0031740397	        0.0035267108	        0.0015018320	        0.1000000000	        0.0010000000	        0.0666666667	        0.1000000000	        0.0010000000
        1.7385962156	        0.9356185788	        0.4397186494	        0.1553030550	        9.6526276897	        0.0013240650	        0.0029393559	        0.0032659510	        0.0014624743	        0.1000000000	        0.0010000000	        0.0666666667	        0.1000000000	        0.0010000000
        1.7653791443	        0.9151752499	        0.4274134873	        0.2070947340	        9.3734704048	        0.0012808034	        0.0026924344	        0.0029915938	        0.0014128849	        0.1000000000	        0.0010000000	        0.0666666667	        0.1000000000	        0.0010000000
        1.7898014704	        0.8942488641	        0.4155570328	        0.2559248111	        9.1121072416	        0.0012299953	        0.0024363141	        0.0027070157	        0.0013550843	        0.1000000000	        0.0010000000	        0.0666666667	        0.1000000000	        0.0010000000
        1.8120056873	        0.8727340828	        0.4040973786	        0.3014719928	        8.8680565636	        0.0011747037	        0.0021742223	        0.0024158025	        0.0012909778	        0.1000000000	        0.0010000000	        0.0666666667	        0.1000000000	        0.0010000000
        1.8321391985	        0.8504765728	        0.3929587190	        0.3361104741	        8.6415663995	        0.0011177053	        0.0019097421	        0.0021219357	        0.0012225674	        0.1000000000	        0.0010000000	        0.0666666667	        0.1000000000	        0.0010000000
        1.8503507799	        0.8272639455	        0.3820331255	        0.3628795968	        8.4269579375	        0.0010609117	        0.0016470120	        0.0018300133	        0.0011514836	        0.1000000000	        0.0010000000	        0.0666666667	        0.1000000000	        0.0010000000
        1.8667877045	        0.8028158463	        0.3711877134	        0.3725581007	        8.2279707578	        0.0010071857	        0.0013908321	        0.0015453690	        0.0010788512	        0.1000000000	        0.0010000000	        0.0666666667	        0.1000000000	        0.0010000000
        1.8815934821	        0.7767753674	        0.3602548328	        0.3650868947	        8.0384824935	        0.0009583135	        0.0011466365	        0.0012740405	        0.0010053446	        0.1000000000	        0.0010000000	        0.0666666667	        0.1000000000	        0.0010000000
        1.8949061510	        0.7487068626	        0.3490349457	        0.3372238070	        7.8585408947	        0.0009162655	        0.0009201779	        0.0010224199	        0.0009306328	        0.1000000000	        0.0010000000	        0.0666666667	        0.1000000000	        0.0010000000
        1.9068570493	        0.7181097810	        0.3372980319	        0.2781498519	        7.6900417452	        0.0008831359	        0.0007169156	        0.0007965728	        0.0008538660	        0.1000000000	        0.0010000000	        0.0666666667	        0.1000000000	        0.0010000000
        1.9175699947	        0.6844646479	        0.3247838483	        0.1891322076	        7.5298478277	        0.0008605940	        0.0005412012	        0.0006013346	        0.0007734894	        0.1000000000	        0.0010000000	        0.0666666667	        0.1000000000	        0.0010000000
        1.9271607996	        0.6473309723	        0.3112294679	        0.0680330705	        7.3749934471	        0.0008492682	        0.0003954771	        0.0004394190	        0.0006874950	        0.1000000000	        0.0010000000	        0.0666666667	        0.1000000000	        0.0010000000
        1.9357370589	        0.6065063381	        0.2964144443	       -0.0934010841	        7.2265847858	        0.0008498917	        0.0002798118	        0.0003109020	        0.0005949139	        0.1000000000	        0.0010000000	        0.0666666667	        0.1000000000	        0.0010000000
        1.9433981504	        0.5622161762	        0.2802199389	       -0.2923646678	        7.0864673801	        0.0008626222	        0.0001919746	        0.0002133051	        0.0004970401	        0.1000000000	        0.0010000000	        0.0666666667	        0.1000000000	        0.0010000000
        1.9502353978	        0.5152400125	        0.2626985164	       -0.5345720589	        6.9517829635	        0.0008875667	        0.0001280273	        0.0001422526	        0.0003981330	        0.1000000000	        0.0010000000	        0.0666666667	        0.1000000000	        0.0010000000
        1.9563323538	        0.4668567986	        0.2440944306	       -0.8172462912	        6.8225097951	        0.0009243883	        0.0000832197	        0.0000924664	        0.0003045533	        0.1000000000	        0.0010000000	        0.0666666667	        0.1000000000	        0.0010000000
        1.9617651675	        0.4185848137	        0.2248029834	       -1.1242856335	        6.7028096375	        0.0009704888	        0.0000528513	        0.0000587237	        0.0002223601	        0.1000000000	        0.0010000000	        0.0666666667	        0.1000000000	        0.0010000000
        1.9666030060	        0.3718432595	        0.2052871668	       -1.4544076001	        6.5901675013	        0.0010251827	        0.0000328490	        0.0000364989	        0.0001553186	        0.1000000000	        0.0010000000	        0.0666666667	        0.1000000000	        0.0010000000
        1.9709085097	        0.3277078894	        0.1859784799	       -1.8032525443	        6.4825257596	        0.0010876703	        0.0000199995	        0.0000222217	        0.0001042135	        0.1000000000	        0.0010000000	        0.0666666667	        0.1000000000	        0.0010000000
        1.9747382607	        0.2868342366	        0.1672190336	       -2.1564290506	        6.3820736686	        0.0011551690	        0.0000119297	        0.0000132553	        0.0000674401	        0.1000000000	        0.0010000000	        0.0666666667	        0.1000000000	        0.0010000000
        1.9781432525	        0.2495087741	        0.1492515127	       -2.5073378433	        6.2892401783	        0.0012257922	        0.0000069683	        0.0000077426	        0.0000422190	        0.1000000000	        0.0010000000	        0.0666666667	        0.1000000000	        0.0010000000
        1.9811693494	        0.2157521688	        0.1322303594	       -2.8508273159	        6.2033641315	        0.0012983070	        0.0000039807	        0.0000044230	        0.0000256074	        0.1000000000	        0.0010000000	        0.0666666667	        0.1000000000	        0.0010000000
        1.9838577298	        0.1854204246	        0.1162420969	       -3.1798380176	        6.1246742616	        0.0013707646	        0.0000022191	        0.0000024657	        0.0000150469	        0.1000000000	        0.0010000000	        0.0666666667	        0.1000000000	        0.0010000000
        1.9862453073	        0.1582817503	        0.1013255232	       -3.4863873227	        6.0542974401	        0.0014406401	        0.0000012034	        0.0000013371	        0.0000085497	        0.1000000000	        0.0010000000	        0.0666666667	        0.1000000000	        0.0010000000
        1.9883651267	        0.1340671842	        0.0874872802	       -3.7710753742	        5.9912331784	        0.0015075784	        0.0000006319	        0.0000007021	        0.0000046806	        0.1000000000	        0.0010000000	        0.0666666667	        0.1000000000	        0.0010000000
        1.9902467340	        0.1125007578	        0.0747113990	       -4.0379814083	        5.9337045575	        0.0015721413	        0.0000003192	        0.0000003547	        0.0000024548	        0.1000000000	        0.0010000000	        0.0666666667	        0.1000000000	        0.0010000000
        1.9919165179	        0.0933159520	        0.0629658355	       -4.2878279594	        5.8811310041	        0.0016340178	        0.0000001538	        0.0000001708	        0.0000012229	        0.1000000000	        0.0010000000	        0.0666666667	        0.1000000000	        0.0010000000
        1.9933980257	        0.0762637618	        0.0522076283	       -4.5193421352	        5.8336799669	        0.0016924091	        0.0000000697	        0.0000000775	        0.0000005715	        0.1000000000	        0.0010000000	        0.0666666667	        0.1000000000	        0.0010000000
        1.9947122508	        0.0611159391	        0.0423867182	       -4.7320812773	        5.7912663279	        0.0017468428	        0.0000000292	        0.0000000324	        0.0000002459	        0.1000000000	        0.0010000000	        0.0666666667	        0.1000000000	        0.0010000000
        1.9958778967	        0.0476656111	        0.0334486323	       -4.9263012083	        5.7536143295	        0.0017971173	        0.0000000110	        0.0000000122	        0.0000000946	        0.1000000000	        0.0010000000	        0.0666666667	        0.1000000000	        0.0010000000
        1.9969116151	        0.0357265535	        0.0253364635	       -5.1027066753	        5.7203500603	        0.0018432161	        0.0000000035	        0.0000000039	        0.0000000309	        0.1000000000	        0.0010000000	        0.0666666667	        0.1000000000	        0.0010000000
        1.9978282231	        0.0251318339	        0.0179923903	       -5.2622757815	        5.6910600109	        0.0018852447	        0.0000000009	        0.0000000010	        0.0000000078	        0.1000000000	        0.0010000000	        0.0666666667	        0.1000000000	        0.0010000000
        1.9986408981	        0.0157322134	        0.0113588658	       -5.4061375552	        5.6653269893	        0.0019233871	        0.0000000001	        0.0000000001	        0.0000000012	        0.1000000000	        0.0010000000	        0.0666666667	        0.1000000000	        0.0010000000
        1.9993613540	        0.0073945067	        0.0053795458	       -5.5354876072	        5.6427511082	        0.0019578739	        0.0000000000	        0.0000000000	        0.0000000001	        0.1000000000	        0.0010000000	        0.0666666667	        0.1000000000	        0.0010000000
        2.0000000000	        0.0000000000	        0.0000000000	       -5.6515310183	        5.6229610830	        0.0019889602	        0.0000000000	        0.0000000000	        0.0000000000	        0.0000000000	        0.0010000000	        0.0000000000	        0.1000000000	        0.0010000000
