        0.0000000000	        0.0000000000	        1.0000000000	       23.1280045059	      303.0342376001	        0.0001986447	        0.0000000000	        0.0000000000	        0.0000000000	        0.0000000000	        0.0010000000	        0.0000000000	        0.1000000000	        0.0010000000
        0.0006942759	        0.0053219137	        0.9968988086	       22.1358136166	      302.0803469754	        0.0001919353	        0.0000000000	        0.0000000000	        0.0000000000	        0.1000000000	        0.0010000000	        0.0666666667	        0.1000000000	        0.0010000000
        0.0014238152	        0.0109238386	        0.9937409228	       21.1451287132	      301.0981635960	        0.0001851597	        0.0000000000	        0.0000000000	        0.0000000000	        0.1000000000	        0.0010000000	        0.0666666667	        0.1000000000	        0.0010000000
        0.0021903814	        0.0168203663	        0.9905295083	       20.1575150626	      300.0893576266	        0.0001783345	        0.0000000001	        0.0000000001	        0.0000000002	        0.1000000000	        0.0010000000	        0.0666666667	        0.1000000000	        0.0010000000
        0.0029958230	        0.0230268035	        0.9872680172	       19.1741332326	      299.0561611691	        0.0001714779	        0.0000000002	        0.0000000002	        0.0000000008	        0.1000000000	        0.0010000000	        0.0666666667	        0.1000000000	        0.0010000000
        0.0038420777	        0.0295591987	        0.9839601669	       18.1955668934	      298.0014700764	        0.0001646094	        0.0000000005	        0.0000000006	        0.0000000021	        0.1000000000	        0.0010000000	        0.0666666667	        0.1000000000	        0.0010000000
        0.0047311763	        0.0364343680	        0.9806099051	       17.2220762959	      296.9285167617	        0.0001577496	        0.0000000012	        0.0000000013	        0.0000000048	        0.1000000000	        0.0010000000	        0.0666666667	        0.1000000000	        0.0010000000
        0.0056652468	        0.0436699197	        0.9772213606	       16.2593926061	      295.8352186123	        0.0001509151	        0.0000000025	        0.0000000027	        0.0000000097	        0.1000000000	        0.0010000000	        0.0666666667	        0.1000000000	        0.0010000000
        0.0066465183	        0.0512842781	        0.9737988279	       15.3173868764	      294.7155555987	        0.0001441191	        0.0000000047	        0.0000000053	        0.0000000180	        0.1000000000	        0.0010000000	        0.0666666667	        0.1000000000	        0.0010000000
        0.0076773260	        0.0592967025	        0.9703467991	       14.3953927752	      293.5755013724	        0.0001373772	        0.0000000086	        0.0000000095	        0.0000000312	        0.1000000000	        0.0010000000	        0.0666666667	        0.1000000000	        0.0010000000
        0.0087601150	        0.0677273030	        0.9668699099	       13.4871282205	      292.4261753146	        0.0001307077	        0.0000000147	        0.0000000164	        0.0000000514	        0.1000000000	        0.0010000000	        0.0666666667	        0.1000000000	        0.0010000000
        0.0098974457	        0.0765970497	        0.9633728004	       12.5950741760	      291.2634325847	        0.0001241328	        0.0000000244	        0.0000000271	        0.0000000814	        0.1000000000	        0.0010000000	        0.0666666667	        0.1000000000	        0.0010000000
        0.0110919979	        0.0859277743	        0.9598600446	       11.7224068666	      290.0874704002	        0.0001176771	        0.0000000390	        0.0000000433	        0.0000001245	        0.1000000000	        0.0010000000	        0.0666666667	        0.1000000000	        0.0010000000
        0.0123465764	        0.0957421597	        0.9563360837	       10.8695699997	      288.9136978817	        0.0001113664	        0.0000000607	        0.0000000674	        0.0000001851	        0.1000000000	        0.0010000000	        0.0666666667	        0.1000000000	        0.0010000000
        0.0136641154	        0.1060637138	        0.9528051149	       10.0469785514	      287.7319865320	        0.0001052184	        0.0000000923	        0.0000001025	        0.0000002683	        0.1000000000	        0.0010000000	        0.0666666667	        0.1000000000	        0.0010000000
        0.0150476841	        0.1169167216	        0.9492711446	        9.2633819819	      286.5312450848	        0.0000992466	        0.0000001375	        0.0000001528	        0.0000003808	        0.1000000000	        0.0010000000	        0.0666666667	        0.1000000000	        0.0010000000
        0.0165004920	        0.1283261663	        0.9457380772	        8.5102847266	      285.3332790419	        0.0000934659	        0.0000002013	        0.0000002237	        0.0000005305	        0.1000000000	        0.0010000000	        0.0666666667	        0.1000000000	        0.0010000000
        0.0180258942	        0.1403176112	        0.9422094941	        7.7852567661	      284.1381841662	        0.0000878947	        0.0000002901	        0.0000003223	        0.0000007270	        0.1000000000	        0.0010000000	        0.0666666667	        0.1000000000	        0.0010000000
        0.0196273970	        0.1529170301	        0.9386884994	        7.0888423012	      282.9434932018	        0.0000825551	        0.0000004124	        0.0000004582	        0.0000009819	        0.1000000000	        0.0010000000	        0.0666666667	        0.1000000000	        0.0010000000
        0.0213086633	        0.1661505699	        0.9351776146	        6.4235614809	      281.7548092974	        0.0000774686	        0.0000005790	        0.0000006433	        0.0000013091	        0.1000000000	        0.0010000000	        0.0666666667	        0.1000000000	        0.0010000000
        0.0230735186	        0.1800442253	        0.9316787328	        5.7983784402	      280.5675760251	        0.0000726471	        0.0000008039	        0.0000008932	        0.0000017253	        0.1000000000	        0.0010000000	        0.0666666667	        0.1000000000	        0.0010000000
        0.0249259567	        0.1946233969	        0.9281933196	        5.2107541975	      279.3864784091	        0.0000681050	        0.0000011050	        0.0000012277	        0.0000022504	        0.1000000000	        0.0010000000	        0.0666666667	        0.1000000000	        0.0010000000
        0.0268701452	        0.2099123045	        0.9247223368	        4.6644128312	      278.2085165147	        0.0000638481	        0.0000015047	        0.0000016719	        0.0000029076	        0.1000000000	        0.0010000000	        0.0666666667	        0.1000000000	        0.0010000000
        0.0289104319	        0.2259332189	        0.9212664121	        4.1602236143	      277.0339585752	        0.0000598797	        0.0000020316	        0.0000022573	        0.0000037245	        0.1000000000	        0.0010000000	        0.0666666667	        0.1000000000	        0.0010000000
        0.0310513501	        0.2427054719	        0.9178259876	        3.6930437938	      275.8609685936	        0.0000562054	        0.0000027213	        0.0000030236	        0.0000047331	        0.1000000000	        0.0010000000	        0.0666666667	        0.1000000000	        0.0010000000
        0.0332976245	        0.2602442076	        0.9144012496	        3.2617252608	      274.6949210988	        0.0000528293	        0.0000036179	        0.0000040199	        0.0000059705	        0.1000000000	        0.0010000000	        0.0666666667	        0.1000000000	        0.0010000000
        0.0356541773	        0.2785588396	        0.9109922337	        2.8658200746	      273.5449896323	        0.0000497534	        0.0000047763	        0.0000053070	        0.0000074790	        0.1000000000	        0.0010000000	        0.0666666667	        0.1000000000	        0.0010000000
        0.0381261335	        0.2976511938	        0.9075990121	        2.5054644108	      272.3938549193	        0.0000469786	        0.0000062631	        0.0000069590	        0.0000093059	        0.1000000000	        0.0010000000	        0.0666666667	        0.1000000000	        0.0010000000
        0.0407188268	        0.3175133410	        0.9042219784	        2.1750928260	      271.2588109391	        0.0000445040	        0.0000081596	        0.0000090663	        0.0000115035	        0.1000000000	        0.0010000000	        0.0666666667	        0.1000000000	        0.0010000000
        0.0434378046	        0.3381251772	        0.9008618100	        1.8777721882	      270.1270033022	        0.0000423281	        0.0000105635	        0.0000117372	        0.0000141275	        0.1000000000	        0.0010000000	        0.0666666667	        0.1000000000	        0.0010000000
        0.0462888334	        0.3594518703	        0.8975200064	        1.6131036105	      269.0015444952	        0.0000404426	        0.0000135907	        0.0000151008	        0.0000172334	        0.1000000000	        0.0010000000	        0.0666666667	        0.1000000000	        0.0010000000
        0.0492779039	        0.3814413875	        0.8941992738	        1.3797919287	      267.8733918490	        0.0000388384	        0.0000173777	        0.0000193085	        0.0000208729	        0.1000000000	        0.0010000000	        0.0666666667	        0.1000000000	        0.0010000000
        0.0524112352	        0.4040224211	        0.8909038441	        1.1780063266	      266.7556022188	        0.0000374999	        0.0000220822	        0.0000245358	        0.0000250873	        0.1000000000	        0.0010000000	        0.0666666667	        0.1000000000	        0.0010000000
        0.0556952793	        0.4271031345	        0.8876398810	        0.9960962184	      265.6369686742	        0.0000364176	        0.0000278842	        0.0000309824	        0.0000299041	        0.1000000000	        0.0010000000	        0.0666666667	        0.1000000000	        0.0010000000
        0.0591367250	        0.4505712006	        0.8844146141	        0.8387128247	      264.5136641567	        0.0000355864	        0.0000349847	        0.0000388719	        0.0000353306	        0.1000000000	        0.0010000000	        0.0666666667	        0.1000000000	        0.0010000000
        0.0627425009	        0.4742955678	        0.8812368097	        0.7045060425	      263.3862945911	        0.0000349889	        0.0000436044	        0.0000484493	        0.0000413430	        0.1000000000	        0.0010000000	        0.0666666667	        0.1000000000	        0.0010000000
        0.0665197783	        0.4981302243	        0.8781165497	        0.5809906562	      262.2712132185	        0.0000346231	        0.0000539788	        0.0000599765	        0.0000478923	        0.1000000000	        0.0010000000	        0.0666666667	        0.1000000000	        0.0010000000
        0.0704759731	        0.5219199290	        0.8750634971	        0.4772783577	      261.1468732054	        0.0000344850	        0.0000663539	        0.0000737266	        0.0000549012	        0.1000000000	        0.0010000000	        0.0666666667	        0.1000000000	        0.0010000000
        0.0746187471	        0.5455074849	        0.8720875114	        0.3901771821	      260.0233920790	        0.0000345576	        0.0000809782	        0.0000899757	        0.0000622560	        0.1000000000	        0.0010000000	        0.0666666667	        0.1000000000	        0.0010000000
        0.0789560085	        0.5687417641	        0.8691978417	        0.3102686688	      258.8880081754	        0.0000348380	        0.0000980941	        0.0001089934	        0.0000698345	        0.1000000000	        0.0010000000	        0.0666666667	        0.1000000000	        0.0010000000
        0.0834959110	        0.5914854307	        0.8664014874	        0.2456568727	      257.7432406042	        0.0000353248	        0.0001179296	        0.0001310329	        0.0000775059	        0.1000000000	        0.0010000000	        0.0666666667	        0.1000000000	        0.0010000000
        0.0882468523	        0.6136213485	        0.8637039928	        0.1948732399	      256.5901044258	        0.0000359948	        0.0001406880	        0.0001563200	        0.0000851243	        0.1000000000	        0.0010000000	        0.0666666667	        0.1000000000	        0.0010000000
        0.0932174715	        0.6350569185	        0.8611091882	        0.1450967069	      255.4299980424	        0.0000368457	        0.0001665390	        0.0001850433	        0.0000925777	        0.1000000000	        0.0010000000	        0.0666666667	        0.1000000000	        0.0010000000
        0.0984166444	        0.6557259662	        0.8586175174	        0.1057166558	      254.2645996109	        0.0000378801	        0.0001956122	        0.0002173469	        0.0000997828	        0.1000000000	        0.0010000000	        0.0666666667	        0.1000000000	        0.0010000000
        0.1038534780	        0.6755883160	        0.8562276687	        0.0709822012	      253.0848356990	        0.0000390873	        0.0002279903	        0.0002533226	        0.0001066683	        0.1000000000	        0.0010000000	        0.0666666667	        0.1000000000	        0.0010000000
        0.1095373034	        0.6946275222	        0.8539361871	        0.0377558791	      251.8889411116	        0.0000404698	        0.0002637054	        0.0002930060	        0.0001132123	        0.1000000000	        0.0010000000	        0.0666666667	        0.1000000000	        0.0010000000
        0.1154776665	        0.7128473676	        0.8517375320	        0.0134095400	      250.6815041430	        0.0000420249	        0.0003027380	        0.0003363756	        0.0001193995	        0.1000000000	        0.0010000000	        0.0666666667	        0.1000000000	        0.0010000000
        0.1216843175	        0.7302678084	        0.8496256627	       -0.0103190341	      249.4595835166	        0.0000437435	        0.0003450163	        0.0003833515	        0.0001252305	        0.1000000000	        0.0010000000	        0.0666666667	        0.1000000000	        0.0010000000
        0.1281671974	        0.7469208762	        0.8475933006	       -0.0326312455	      248.2266994317	        0.0000456355	        0.0003904196	        0.0004337996	        0.0001307483	        0.1000000000	        0.0010000000	        0.0666666667	        0.1000000000	        0.0010000000
        0.1349364233	        0.7628468947	        0.8456324700	       -0.0461012285	      246.9695921113	        0.0000476843	        0.0004387828	        0.0004875364	        0.0001359646	        0.1000000000	        0.0010000000	        0.0666666667	        0.1000000000	        0.0010000000
        0.1420022705	        0.7780912606	        0.8437359244	       -0.0637881387	      245.7090235380	        0.0000498853	        0.0004899000	        0.0005443333	        0.0001409172	        0.1000000000	        0.0010000000	        0.0666666667	        0.1000000000	        0.0010000000
        0.1493751529	        0.7927018204	        0.8418954693	       -0.0702033442	      244.4066379459	        0.0000522241	        0.0005435345	        0.0006039272	        0.0001456282	        0.1000000000	        0.0010000000	        0.0666666667	        0.1000000000	        0.0010000000
        0.1570655998	        0.8067268637	        0.8401044729	       -0.0783404048	      243.1016984392	        0.0000546728	        0.0005994218	        0.0006660242	        0.0001500963	        0.1000000000	        0.0010000000	        0.0666666667	        0.1000000000	        0.0010000000
        0.1650842307	        0.8202136537	        0.8383560464	       -0.0854962362	      241.7679151421	        0.0000572277	        0.0006572801	        0.0007303112	        0.0001543769	        0.1000000000	        0.0010000000	        0.0666666667	        0.1000000000	        0.0010000000
        0.1734417267	        0.8332073898	        0.8366435583	       -0.0900665233	      240.4224554569	        0.0000598623	        0.0007168167	        0.0007964630	        0.0001584944	        0.1000000000	        0.0010000000	        0.0666666667	        0.1000000000	        0.0010000000
        0.1821487988	        0.8457505410	        0.8349609455	       -0.0941953610	      239.0559279859	        0.0000625854	        0.0007777339	        0.0008641488	        0.0001624706	        0.1000000000	        0.0010000000	        0.0666666667	        0.1000000000	        0.0010000000
        0.1912161531	        0.8578824547	        0.8333024185	       -0.0950456322	      237.6594224301	        0.0000653597	        0.0008397353	        0.0009330393	        0.0001663147	        0.1000000000	        0.0010000000	        0.0666666667	        0.1000000000	        0.0010000000
        0.2006544527	        0.8696391708	        0.8316629343	       -0.0977174799	      236.2511353832	        0.0000681936	        0.0009025294	        0.0010028104	        0.0001700481	        0.1000000000	        0.0010000000	        0.0666666667	        0.1000000000	        0.0010000000
        0.2104742760	        0.8810533757	        0.8300373843	       -0.0991446600	      234.8168608973	        0.0000710542	        0.0009658347	        0.0010731497	        0.0001737046	        0.1000000000	        0.0010000000	        0.0666666667	        0.1000000000	        0.0010000000
        0.2206860715	        0.8921544541	        0.8284210895	       -0.0954675212	      233.3579318632	        0.0000739386	        0.0010293816	        0.0011437574	        0.0001772519	        0.1000000000	        0.0010000000	        0.0666666667	        0.1000000000	        0.0010000000
        0.2313001094	        0.9029686178	        0.8268104610	       -0.0927228116	      231.8687749861	        0.0000767985	        0.0010929122	        0.0012143469	        0.0001806679	        0.1000000000	        0.0010000000	        0.0666666667	        0.1000000000	        0.0010000000
        0.2423264290	        0.9135190663	        0.8252019757	       -0.0886302656	      230.3597955869	        0.0000796451	        0.0011561832	        0.0012846480	        0.0001839602	        0.1000000000	        0.0010000000	        0.0666666667	        0.1000000000	        0.0010000000
        0.2537747838	        0.9238261635	        0.8235925699	       -0.0854940072	      228.8382986181	        0.0000824216	        0.0012189656	        0.0013544062	        0.0001871345	        0.1000000000	        0.0010000000	        0.0666666667	        0.1000000000	        0.0010000000
        0.2656545813	        0.9339076226	        0.8219792149	       -0.0803316391	      227.2820004471	        0.0000851436	        0.0012810447	        0.0014233830	        0.0001901857	        0.1000000000	        0.0010000000	        0.0666666667	        0.1000000000	        0.0010000000
        0.2779748214	        0.9437786910	        0.8203594670	       -0.0796176076	      225.7009277452	        0.0000877923	        0.0013422183	        0.0014913537	        0.0001931474	        0.1000000000	        0.0010000000	        0.0666666667	        0.1000000000	        0.0010000000
        0.2907440307	        0.9534523243	        0.8187302001	       -0.0737021241	      224.0960834623	        0.0000903456	        0.0014022990	        0.0015581100	        0.0001960145	        0.1000000000	        0.0010000000	        0.0666666667	        0.1000000000	        0.0010000000
        0.3039701934	        0.9629393557	        0.8170895014	       -0.0666310719	      222.4601169383	        0.0000927821	        0.0014611076	        0.0016234529	        0.0001987100	        0.1000000000	        0.0010000000	        0.0666666667	        0.1000000000	        0.0010000000
        0.3176606809	        0.9722486619	        0.8154359001	       -0.0624458497	      220.8015678867	        0.0000950721	        0.0015184742	        0.0016871936	        0.0002012528	        0.1000000000	        0.0010000000	        0.0666666667	        0.1000000000	        0.0010000000
        0.3318221777	        0.9813873021	        0.8137674963	       -0.0547111375	      219.1176668664	        0.0000972170	        0.0015742395	        0.0017491550	        0.0002036283	        0.1000000000	        0.0010000000	        0.0666666667	        0.1000000000	        0.0010000000
        0.3464606064	        0.9903606510	        0.8120833639	       -0.0501331531	      217.4044139569	        0.0000991963	        0.0016282493	        0.0018091659	        0.0002058265	        0.1000000000	        0.0010000000	        0.0666666667	        0.1000000000	        0.0010000000
        0.3615810508	        0.9991725170	        0.8103820435	       -0.0444233602	      215.6684017973	        0.0001010000	        0.0016803585	        0.0018670650	        0.0002078689	        0.1000000000	        0.0010000000	        0.0666666667	        0.1000000000	        0.0010000000
        0.3771876783	        1.0078252472	        0.8086625151	       -0.0386161545	      213.9013304612	        0.0001026563	        0.0017304269	        0.0019226966	        0.0002097312	        0.1000000000	        0.0010000000	        0.0666666667	        0.1000000000	        0.0010000000
        0.3932836622	        1.0163198257	        0.8069239626	       -0.0354638404	      212.1037074826	        0.0001041672	        0.0017783199	        0.0019759110	        0.0002114464	        0.1000000000	        0.0010000000	        0.0666666667	        0.1000000000	        0.0010000000
        0.4098711039	        1.0246559569	        0.8051650486	       -0.0301766527	      210.2812122321	        0.0001055086	        0.0018239097	        0.0020265664	        0.0002130159	        0.1000000000	        0.0010000000	        0.0666666667	        0.1000000000	        0.0010000000
        0.4269509569	        1.0328321440	        0.8033851478	       -0.0239664506	      208.4240241685	        0.0001067085	        0.0018670724	        0.0020745249	        0.0002143831	        0.1000000000	        0.0010000000	        0.0666666667	        0.1000000000	        0.0010000000
        0.4445229527	        1.0408457634	        0.8015840676	       -0.0220206208	      206.5549837450	        0.0001077609	        0.0019076880	        0.0021196533	        0.0002155978	        0.1000000000	        0.0010000000	        0.0666666667	        0.1000000000	        0.0010000000
        0.4625855294	        1.0486931239	        0.7997605484	       -0.0208222884	      204.6495439134	        0.0001086858	        0.0019456455	        0.0021618284	        0.0002167420	        0.1000000000	        0.0010000000	        0.0666666667	        0.1000000000	        0.0010000000
        0.4811357642	        1.0563695178	        0.7979131955	       -0.0167984839	      202.7184846429	        0.0001095210	        0.0019808405	        0.0022009339	        0.0002177755	        0.1000000000	        0.0010000000	        0.0666666667	        0.1000000000	        0.0010000000
        0.5001693105	        1.0638692774	        0.7960415841	       -0.0146842837	      200.7597585309	        0.0001102664	        0.0020131729	        0.0022368587	        0.0002186788	        0.1000000000	        0.0010000000	        0.0666666667	        0.1000000000	        0.0010000000
        0.5196803412	        1.0711858238	        0.7941448023	       -0.0131856940	      198.7770593514	        0.0001108996	        0.0020425516	        0.0022695018	        0.0002194957	        0.1000000000	        0.0010000000	        0.0666666667	        0.1000000000	        0.0010000000
        0.5396614981	        1.0783117082	        0.7922218208	       -0.0107559695	      196.7635880448	        0.0001114553	        0.0020688948	        0.0022987720	        0.0002202169	        0.1000000000	        0.0010000000	        0.0666666667	        0.1000000000	        0.0010000000
        0.5601038497	        1.0852386542	        0.7902720152	       -0.0127202032	      194.7376021307	        0.0001119752	        0.0020921293	        0.0023245882	        0.0002209117	        0.1000000000	        0.0010000000	        0.0666666667	        0.1000000000	        0.0010000000
        0.5809968569	        1.0919575908	        0.7882932532	       -0.0098310380	      192.6793749463	        0.0001124568	        0.0021121974	        0.0023468860	        0.0002215681	        0.1000000000	        0.0010000000	        0.0666666667	        0.1000000000	        0.0010000000
        0.6023283492	        1.0984586912	        0.7862852169	       -0.0104092639	      190.5930813254	        0.0001128737	        0.0021290488	        0.0023656097	        0.0002221591	        0.1000000000	        0.0010000000	        0.0666666667	        0.1000000000	        0.0010000000
        0.6240845103	        1.1047314092	        0.7842463472	       -0.0100967668	      188.4899052049	        0.0001132353	        0.0021426508	        0.0023807232	        0.0002227377	        0.1000000000	        0.0010000000	        0.0666666667	        0.1000000000	        0.0010000000
        0.6462498761	        1.1107645104	        0.7821754623	       -0.0089379549	      186.3546312378	        0.0001135861	        0.0021529859	        0.0023922066	        0.0002232661	        0.1000000000	        0.0010000000	        0.0666666667	        0.1000000000	        0.0010000000
        0.6688073438	        1.1165461095	        0.7800717811	       -0.0108079574	      184.1994502860	        0.0001139749	        0.0021600529	        0.0024000588	        0.0002237936	        0.1000000000	        0.0010000000	        0.0666666667	        0.1000000000	        0.0010000000
        0.6917381935	        1.1220637013	        0.7779332948	       -0.0143691888	      182.0306365354	        0.0001144395	        0.0021638737	        0.0024043042	        0.0002244283	        0.1000000000	        0.0010000000	        0.0666666667	        0.1000000000	        0.0010000000
        0.7150221237	        1.1273041922	        0.7757572346	       -0.0160499445	      179.8322088699	        0.0001150526	        0.0021644947	        0.0024049941	        0.0002251686	        0.1000000000	        0.0010000000	        0.0666666667	        0.1000000000	        0.0010000000
        0.7386372983	        1.1322539412	        0.7735416403	       -0.0231550731	      177.6153170288	        0.0001158380	        0.0021619839	        0.0024022043	        0.0002261035	        0.1000000000	        0.0010000000	        0.0666666667	        0.1000000000	        0.0010000000
        0.7625604087	        1.1368988001	        0.7712820190	       -0.0276068578	      175.3780127133	        0.0001168820	        0.0021564441	        0.0023960491	        0.0002273015	        0.1000000000	        0.0010000000	        0.0666666667	        0.1000000000	        0.0010000000
        0.7867667475	        1.1412241640	        0.7689750323	       -0.0330279252	      173.1338457495	        0.0001182273	        0.0021480056	        0.0023866729	        0.0002287289	        0.1000000000	        0.0010000000	        0.0666666667	        0.1000000000	        0.0010000000
        0.8112302966	        1.1452150362	        0.7666168454	       -0.0361637337	      170.8637868074	        0.0001198643	        0.0021368344	        0.0023742604	        0.0002303571	        0.1000000000	        0.0010000000	        0.0666666667	        0.1000000000	        0.0010000000
        0.8359238264	        1.1488561078	        0.7642047828	       -0.0419746322	      168.5809011667	        0.0001217824	        0.0021231324	        0.0023590360	        0.0002321993	        0.1000000000	        0.0010000000	        0.0666666667	        0.1000000000	        0.0010000000
        0.8608190076	        1.1521318532	        0.7617348955	       -0.0484481064	      166.2976722705	        0.0001240352	        0.0021071501	        0.0023412779	        0.0002343397	        0.1000000000	        0.0010000000	        0.0666666667	        0.1000000000	        0.0010000000
        0.8858865338	        1.1550266513	        0.7592029963	       -0.0552229167	      163.9980870805	        0.0001265737	        0.0020891913	        0.0023213237	        0.0002368048	        0.1000000000	        0.0010000000	        0.0666666667	        0.1000000000	        0.0010000000
        0.9110962541	        1.1575249447	        0.7566049327	       -0.0588043081	      161.6851002763	        0.0001293844	        0.0020696240	        0.0022995823	        0.0002395232	        0.1000000000	        0.0010000000	        0.0666666667	        0.1000000000	        0.0010000000
        0.9364173138	        1.1596114493	        0.7539386557	       -0.0623305377	      159.3631416184	        0.0001324440	        0.0020488943	        0.0022765492	        0.0002424143	        0.1000000000	        0.0010000000	        0.0666666667	        0.1000000000	        0.0010000000
        0.9618183033	        1.1612714243	        0.7512027634	       -0.0695261793	      157.0449496933	        0.0001357575	        0.0020275704	        0.0022528560	        0.0002455672	        0.1000000000	        0.0010000000	        0.0666666667	        0.1000000000	        0.0010000000
        0.9872674122	        1.1624910125	        0.7483946999	       -0.0726852914	      154.7113982237	        0.0001393373	        0.0020064676	        0.0022294085	        0.0002489537	        0.1000000000	        0.0010000000	        0.0666666667	        0.1000000000	        0.0010000000
        1.0127325878	        1.1632576199	        0.7455160684	       -0.0776483077	      152.3815689355	        0.0001431776	        0.0019873763	        0.0022081959	        0.0002524712	        0.1000000000	        0.0010000000	        0.0666666667	        0.1000000000	        0.0010000000
        1.0381816967	        1.1635607284	        0.7425722580	       -0.0831078744	      150.0429018986	        0.0001473559	        0.0019750422	        0.0021944913	        0.0002564177	        0.1000000000	        0.0010000000	        0.0666666667	        0.1000000000	        0.0010000000
        1.0635826862	        1.1633952223	        0.7395731892	       -0.0913394960	      147.7077397471	        0.0001518769	        0.0019704604	        0.0021894004	        0.0002608053	        0.1000000000	        0.0010000000	        0.0666666667	        0.1000000000	        0.0010000000
        1.0889037459	        1.1627632502	        0.7365288991	       -0.1004148351	      145.3734617030	        0.0001568248	        0.0019737391	        0.0021930435	        0.0002657251	        0.1000000000	        0.0010000000	        0.0666666667	        0.1000000000	        0.0010000000
        1.1141134662	        1.1616742260	        0.7334492534	       -0.1116437069	      143.0308900694	        0.0001622687	        0.0019840830	        0.0022045367	        0.0002713457	        0.1000000000	        0.0010000000	        0.0666666667	        0.1000000000	        0.0010000000
        1.1391809924	        1.1601425607	        0.7303392640	       -0.1207684948	      140.6998961698	        0.0001681857	        0.0019963714	        0.0022181904	        0.0002773520	        0.1000000000	        0.0010000000	        0.0666666667	        0.1000000000	        0.0010000000
        1.1640761736	        1.1581841977	        0.7272009140	       -0.1321121337	      138.3746562807	        0.0001746313	        0.0020092576	        0.0022325085	        0.0002838180	        0.1000000000	        0.0010000000	        0.0666666667	        0.1000000000	        0.0010000000
        1.1887697034	        1.1558163813	        0.7240338471	       -0.1397696892	      136.0706821220	        0.0001815156	        0.0020219879	        0.0022466532	        0.0002906997	        0.1000000000	        0.0010000000	        0.0666666667	        0.1000000000	        0.0010000000
        1.2132332525	        1.1530572070	        0.7208391663	       -0.1495838082	      133.7617807601	        0.0001889016	        0.0020340063	        0.0022600070	        0.0002979397	        0.1000000000	        0.0010000000	        0.0666666667	        0.1000000000	        0.0010000000
        1.2374395913	        1.1499252329	        0.7176164614	       -0.1605004921	      131.4662024395	        0.0001967431	        0.0020448751	        0.0022720834	        0.0003055971	        0.1000000000	        0.0010000000	        0.0666666667	        0.1000000000	        0.0010000000
        1.2613627017	        1.1464391766	        0.7143645769	       -0.1726973951	      129.1735909462	        0.0002050655	        0.0020542389	        0.0022824876	        0.0003137064	        0.1000000000	        0.0010000000	        0.0666666667	        0.1000000000	        0.0010000000
        1.2849778763	        1.1426176795	        0.7110816721	       -0.1850124864	      126.9180302942	        0.0002137743	        0.0020618079	        0.0022908977	        0.0003222761	        0.1000000000	        0.0010000000	        0.0666666667	        0.1000000000	        0.0010000000
        1.3082618065	        1.1384791255	        0.7077659034	       -0.1972344171	      124.6639677910	        0.0002229524	        0.0020673458	        0.0022970509	        0.0003312802	        0.1000000000	        0.0010000000	        0.0666666667	        0.1000000000	        0.0010000000
        1.3311926562	        1.1340415020	        0.7044155725	       -0.2087058719	      122.4158596352	        0.0002325827	        0.0020706615	        0.0023007350	        0.0003406719	        0.1000000000	        0.0010000000	        0.0666666667	        0.1000000000	        0.0010000000
        1.3537501239	        1.1293222933	        0.7010294431	       -0.2228477390	      120.1948931481	        0.0002427344	        0.0020716030	        0.0023017812	        0.0003504647	        0.1000000000	        0.0010000000	        0.0666666667	        0.1000000000	        0.0010000000
        1.3759154897	        1.1243384033	        0.6976052512	       -0.2382953903	      117.9884989119	        0.0002533772	        0.0020700568	        0.0023000631	        0.0003607166	        0.1000000000	        0.0010000000	        0.0666666667	        0.1000000000	        0.0010000000
        1.3976716508	        1.1191061013	        0.6941404231	       -0.2565554697	      115.8050697059	        0.0002645910	        0.0020659413	        0.0022954904	        0.0003714816	        0.1000000000	        0.0010000000	        0.0666666667	        0.1000000000	        0.0010000000
        1.4190031431	        1.1136409837	        0.6906315419	       -0.2738997005	      113.6379466021	        0.0002763962	        0.0020592058	        0.0022880065	        0.0003827630	        0.1000000000	        0.0010000000	        0.0666666667	        0.1000000000	        0.0010000000
        1.4398961503	        1.1079579451	        0.6870759184	       -0.2911150944	      111.4948000872	        0.0002887325	        0.0020498224	        0.0022775805	        0.0003944972	        0.1000000000	        0.0010000000	        0.0666666667	        0.1000000000	        0.0010000000
        1.4603385019	        1.1020711544	        0.6834712346	       -0.3028458891	      109.3751910574	        0.0003014536	        0.0020377850	        0.0022642055	        0.0004065310	        0.1000000000	        0.0010000000	        0.0666666667	        0.1000000000	        0.0010000000
        1.4803196588	        1.0959940317	        0.6798174223	       -0.3191435623	      107.2836274354	        0.0003144967	        0.0020231008	        0.0022478898	        0.0004188048	        0.1000000000	        0.0010000000	        0.0666666667	        0.1000000000	        0.0010000000
        1.4998306895	        1.0897392348	        0.6761129309	       -0.3306645793	      105.2222950785	        0.0003277827	        0.0020057992	        0.0022286658	        0.0004312830	        0.1000000000	        0.0010000000	        0.0666666667	        0.1000000000	        0.0010000000
        1.5188642358	        1.0833186507	        0.6723579970	       -0.3465907568	      103.1999602655	        0.0003411826	        0.0019859199	        0.0022065776	        0.0004439185	        0.1000000000	        0.0010000000	        0.0666666667	        0.1000000000	        0.0010000000
        1.5374144706	        1.0767433895	        0.6685514983	       -0.3547062356	      101.1880260511	        0.0003547628	        0.0019635198	        0.0021816886	        0.0004566188	        0.1000000000	        0.0010000000	        0.0666666667	        0.1000000000	        0.0010000000
        1.5554770473	        1.0700237757	        0.6646948283	       -0.3674687880	       99.2093955850	        0.0003684166	        0.0019386607	        0.0021540674	        0.0004692898	        0.1000000000	        0.0010000000	        0.0666666667	        0.1000000000	        0.0010000000
        1.5730490431	        1.0631693413	        0.6607879106	       -0.3776076347	       97.2670019988	        0.0003820116	        0.0019114186	        0.0021237984	        0.0004819423	        0.1000000000	        0.0010000000	        0.0666666667	        0.1000000000	        0.0010000000
        1.5901288961	        1.0561888253	        0.6568314000	       -0.3876682911	       95.3530922003	        0.0003956017	        0.0018818759	        0.0020909732	        0.0004944997	        0.1000000000	        0.0010000000	        0.0666666667	        0.1000000000	        0.0010000000
        1.6067163378	        1.0490901681	        0.6528258722	       -0.3972649467	       93.4693212917	        0.0004091579	        0.0018501225	        0.0020556917	        0.0005069271	        0.1000000000	        0.0010000000	        0.0666666667	        0.1000000000	        0.0010000000
        1.6228123217	        1.0418805072	        0.6487718968	       -0.4052459286	       91.6124169958	        0.0004225983	        0.0018162542	        0.0020180603	        0.0005191665	        0.1000000000	        0.0010000000	        0.0666666667	        0.1000000000	        0.0010000000
        1.6384189492	        1.0345661720	        0.6446702803	       -0.4085013321	       89.7945422841	        0.0004357109	        0.0017803712	        0.0019781902	        0.0005310986	        0.1000000000	        0.0010000000	        0.0666666667	        0.1000000000	        0.0010000000
        1.6535393936	        1.0271526710	        0.6405227137	       -0.4082739457	       88.0096813559	        0.0004484516	        0.0017425751	        0.0019361945	        0.0005425844	        0.1000000000	        0.0010000000	        0.0666666667	        0.1000000000	        0.0010000000
        1.6681778223	        1.0196446762	        0.6363313136	       -0.4111686370	       86.2502105963	        0.0004608709	        0.0017029694	        0.0018921882	        0.0005536092	        0.1000000000	        0.0010000000	        0.0666666667	        0.1000000000	        0.0010000000
        1.6823393191	        1.0120460131	        0.6320970805	       -0.4092914011	       84.5300370174	        0.0004728021	        0.0016616629	        0.0018462921	        0.0005641461	        0.1000000000	        0.0010000000	        0.0666666667	        0.1000000000	        0.0010000000
        1.6960298066	        1.0043596480	        0.6278216096	       -0.4057253772	       82.8436768684	        0.0004843066	        0.0016187643	        0.0017986270	        0.0005741021	        0.1000000000	        0.0010000000	        0.0666666667	        0.1000000000	        0.0010000000
        1.7092559693	        0.9965876652	        0.6235063297	       -0.4039385732	       81.1837564377	        0.0004953117	        0.0015743838	        0.0017493154	        0.0005834782	        0.1000000000	        0.0010000000	        0.0666666667	        0.1000000000	        0.0010000000
        1.7220251786	        0.9887312490	        0.6191517965	       -0.3904032258	       79.5618425929	        0.0005056516	        0.0015286348	        0.0016984832	        0.0005921548	        0.1000000000	        0.0010000000	        0.0666666667	        0.1000000000	        0.0010000000
        1.7343454187	        0.9807906513	        0.6147601702	       -0.3826524840	       77.9701456240	        0.0005153216	        0.0014816268	        0.0016462520	        0.0006000634	        0.1000000000	        0.0010000000	        0.0666666667	        0.1000000000	        0.0010000000
        1.7462252162	        0.9727651565	        0.6103318821	       -0.3629876812	       76.4120120091	        0.0005242044	        0.0014334744	        0.0015927494	        0.0006071523	        0.1000000000	        0.0010000000	        0.0666666667	        0.1000000000	        0.0010000000
        1.7576735710	        0.9646530437	        0.6058687045	       -0.3463721798	       74.8862673293	        0.0005322707	        0.0013842891	        0.0015380990	        0.0006133360	        0.1000000000	        0.0010000000	        0.0666666667	        0.1000000000	        0.0010000000
        1.7686998906	        0.9564515367	        0.6013711026	       -0.3231132036	       73.3867351657	        0.0005394585	        0.0013341861	        0.0014824290	        0.0006186026	        0.1000000000	        0.0010000000	        0.0666666667	        0.1000000000	        0.0010000000
        1.7793139285	        0.9481567555	        0.5968397815	       -0.2922757882	       71.9172365487	        0.0005456998	        0.0012832813	        0.0014258681	        0.0006228307	        0.1000000000	        0.0010000000	        0.0666666667	        0.1000000000	        0.0010000000
        1.7895257240	        0.9397636472	        0.5922756909	       -0.2621533359	       70.4825435310	        0.0005509060	        0.0012316906	        0.0013685451	        0.0006259845	        0.1000000000	        0.0010000000	        0.0666666667	        0.1000000000	        0.0010000000
        1.7993455473	        0.9312659175	        0.5876787251	       -0.2231679438	       69.0770896246	        0.0005550661	        0.0011795348	        0.0013105942	        0.0006280257	        0.1000000000	        0.0010000000	        0.0666666667	        0.1000000000	        0.0010000000
        1.8087838469	        0.9226559507	        0.5830490412	       -0.1881229909	       67.6988807762	        0.0005581539	        0.0011269358	        0.0012521509	        0.0006289456	        0.1000000000	        0.0010000000	        0.0666666667	        0.1000000000	        0.0010000000
        1.8178512012	        0.9139247244	        0.5783852590	       -0.1411408744	       66.3363054347	        0.0005602339	        0.0010740225	        0.0011933583	        0.0006287168	        0.1000000000	        0.0010000000	        0.0666666667	        0.1000000000	        0.0010000000
        1.8265582733	        0.9050617122	        0.5736865231	       -0.0989151731	       65.0038540561	        0.0005612420	        0.0010209258	        0.0011343620	        0.0006273156	        0.1000000000	        0.0010000000	        0.0666666667	        0.1000000000	        0.0010000000
        1.8349157693	        0.8960547770	        0.5689503256	       -0.0546890690	       63.7015358908	        0.0005612619	        0.0009677847	        0.0010753163	        0.0006248042	        0.1000000000	        0.0010000000	        0.0666666667	        0.1000000000	        0.0010000000
        1.8429344002	        0.8868900677	        0.5641733739	       -0.0061146417	       62.4136224282	        0.0005602712	        0.0009147446	        0.0010163829	        0.0006211659	        0.1000000000	        0.0010000000	        0.0666666667	        0.1000000000	        0.0010000000
        1.8506248471	        0.8775519001	        0.5593518404	        0.0417279321	       61.1684928053	        0.0005584007	        0.0008619573	        0.0009577304	        0.0006164025	        0.1000000000	        0.0010000000	        0.0666666667	        0.1000000000	        0.0010000000
        1.8579977295	        0.8680226378	        0.5544807711	        0.0982062602	       59.9157676087	        0.0005555301	        0.0008095822	        0.0008995358	        0.0006104862	        0.1000000000	        0.0010000000	        0.0666666667	        0.1000000000	        0.0010000000
        1.8650635767	        0.8582825668	        0.5495551054	        0.1404532932	       58.6889219703	        0.0005517834	        0.0007577836	        0.0008419818	        0.0006034722	        0.1000000000	        0.0010000000	        0.0666666667	        0.1000000000	        0.0010000000
        1.8718328026	        0.8483097915	        0.5445672544	        0.1923850616	       57.4885256980	        0.0005472675	        0.0007067362	        0.0007852624	        0.0005954026	        0.1000000000	        0.0010000000	        0.0666666667	        0.1000000000	        0.0010000000
        1.8783156825	        0.8380801466	        0.5395096559	        0.2364730573	       56.3138616090	        0.0005419956	        0.0006566174	        0.0007295749	        0.0005862647	        0.1000000000	        0.0010000000	        0.0666666667	        0.1000000000	        0.0010000000
        1.8845223335	        0.8275671248	        0.5343730131	        0.2801679575	       55.1452037983	        0.0005359985	        0.0006076103	        0.0006751225	        0.0005760984	        0.1000000000	        0.0010000000	        0.0666666667	        0.1000000000	        0.0010000000
        1.8904626966	        0.8167418596	        0.5291471153	        0.3260361775	       53.9793386758	        0.0005292745	        0.0005598988	        0.0006221097	        0.0005648765	        0.1000000000	        0.0010000000	        0.0666666667	        0.1000000000	        0.0010000000
        1.8961465220	        0.8055731517	        0.5238211541	        0.3471674883	       52.8476461495	        0.0005221501	        0.0005136648	        0.0005707387	        0.0005526828	        0.1000000000	        0.0010000000	        0.0666666667	        0.1000000000	        0.0010000000
        1.9015833556	        0.7940276078	        0.5183813162	        0.3732432961	       51.7107885744	        0.0005145237	        0.0004690893	        0.0005212103	        0.0005395677	        0.1000000000	        0.0010000000	        0.0666666667	        0.1000000000	        0.0010000000
        1.9067825285	        0.7820698948	        0.5128137233	        0.3912488925	       50.6019859452	        0.0005066429	        0.0004263425	        0.0004737138	        0.0005254848	        0.1000000000	        0.0010000000	        0.0666666667	        0.1000000000	        0.0010000000
        1.9117531477	        0.7696631060	        0.5071034196	        0.3882543245	       49.4958801327	        0.0004984533	        0.0003855816	        0.0004284240	        0.0005104887	        0.1000000000	        0.0010000000	        0.0666666667	        0.1000000000	        0.0010000000
        1.9165040890	        0.7567693421	        0.5012334758	        0.3988147672	       48.3780562645	        0.0004899757	        0.0003469488	        0.0003854986	        0.0004945337	        0.1000000000	        0.0010000000	        0.0666666667	        0.1000000000	        0.0010000000
        1.9210439915	        0.7433504715	        0.4951883812	        0.3764453567	       47.2947206635	        0.0004815287	        0.0003105606	        0.0003450673	        0.0004776102	        0.1000000000	        0.0010000000	        0.0666666667	        0.1000000000	        0.0010000000
        1.9253812529	        0.7293691288	        0.4889503461	        0.3360785166	       46.2021189084	        0.0004730113	        0.0002765113	        0.0003072348	        0.0004598101	        0.1000000000	        0.0010000000	        0.0666666667	        0.1000000000	        0.0010000000
        1.9295240269	        0.7147900278	        0.4825010966	        0.2783759082	       45.1148655728	        0.0004646119	        0.0002448667	        0.0002720741	        0.0004411539	        0.1000000000	        0.0010000000	        0.0666666667	        0.1000000000	        0.0010000000
        1.9334802217	        0.6995814935	        0.4758224970	        0.1960556985	       44.0326517138	        0.0004564238	        0.0002156614	        0.0002396237	        0.0004216769	        0.1000000000	        0.0010000000	        0.0666666667	        0.1000000000	        0.0010000000
        1.9372574991	        0.6837172119	        0.4688965717	        0.0714504461	       42.9708480799	        0.0004487029	        0.0001888984	        0.0002098871	        0.0004014756	        0.1000000000	        0.0010000000	        0.0666666667	        0.1000000000	        0.0010000000
        1.9408632750	        0.6671781606	        0.4617047194	       -0.0695765779	       41.8951449798	        0.0004413622	        0.0001645506	        0.0001828340	        0.0003806211	        0.1000000000	        0.0010000000	        0.0666666667	        0.1000000000	        0.0010000000
        1.9443047207	        0.6499545468	        0.4542306630	       -0.2533920525	       40.8491212923	        0.0004347256	        0.0001425591	        0.0001583989	        0.0003591884	        0.1000000000	        0.0010000000	        0.0666666667	        0.1000000000	        0.0010000000
        1.9475887648	        0.6320475849	        0.4464590182	       -0.4810012876	       39.7846015293	        0.0004286455	        0.0001228380	        0.0001364867	        0.0003373175	        0.1000000000	        0.0010000000	        0.0666666667	        0.1000000000	        0.0010000000
        1.9507220961	        0.6134709895	        0.4383759734	       -0.7561936213	       38.6959996912	        0.0004232398	        0.0001052782	        0.0001169758	        0.0003151573	        0.1000000000	        0.0010000000	        0.0666666667	        0.1000000000	        0.0010000000
        1.9537111666	        0.5942519308	        0.4299696773	       -1.0802826901	       37.6343585441	        0.0004188591	        0.0000897511	        0.0000997234	        0.0002928682	        0.1000000000	        0.0010000000	        0.0666666667	        0.1000000000	        0.0010000000
        1.9565621954	        0.5744312813	        0.4212307219	       -1.4628283791	       36.5651491750	        0.0004154661	        0.0000761136	        0.0000845707	        0.0002706275	        0.1000000000	        0.0010000000	        0.0666666667	        0.1000000000	        0.0010000000
        1.9592811732	        0.5540630490	        0.4121518328	       -1.9203764068	       35.4918751808	        0.0004132418	        0.0000642135	        0.0000713483	        0.0002486381	        0.1000000000	        0.0010000000	        0.0666666667	        0.1000000000	        0.0010000000
        1.9618738665	        0.5332129925	        0.4027269105	       -2.4289989065	       34.4452087283	        0.0004123279	        0.0000538945	        0.0000598827	        0.0002270817	        0.1000000000	        0.0010000000	        0.0666666667	        0.1000000000	        0.0010000000
        1.9643458227	        0.5119564617	        0.3929530206	       -3.0136358969	       33.3748549802	        0.0004128339	        0.0000449997	        0.0000499997	        0.0002061242	        0.1000000000	        0.0010000000	        0.0666666667	        0.1000000000	        0.0010000000
        1.9667023755	        0.4903756484	        0.3828285281	       -3.6811208324	       32.3180481064	        0.0004148580	        0.0000373765	        0.0000415294	        0.0001859371	        0.1000000000	        0.0010000000	        0.0666666667	        0.1000000000	        0.0010000000
        1.9689486499	        0.4685565358	        0.3723525751	       -4.4525291751	       31.2413886078	        0.0004187295	        0.0000308788	        0.0000343098	        0.0001666749	        0.1000000000	        0.0010000000	        0.0666666667	        0.1000000000	        0.0010000000
        1.9710895681	        0.4465857894	        0.3615236061	       -5.2987029533	       30.1729675892	        0.0004244538	        0.0000253700	        0.0000281889	        0.0001484511	        0.1000000000	        0.0010000000	        0.0666666667	        0.1000000000	        0.0010000000
        1.9731298548	        0.4245478280	        0.3503412622	       -6.2648787597	       29.0930619755	        0.0004325025	        0.0000207238	        0.0000230264	        0.0001313494	        0.1000000000	        0.0010000000	        0.0666666667	        0.1000000000	        0.0010000000
        1.9750740433	        0.4025222839	        0.3388034426	       -7.3351160059	       28.0128315686	        0.0004429180	        0.0000168251	        0.0000186946	        0.0001154312	        0.1000000000	        0.0010000000	        0.0666666667	        0.1000000000	        0.0010000000
        1.9769264814	        0.3805819948	        0.3269074025	       -8.5039680065	       26.9383103590	        0.0004559913	        0.0000135705	        0.0000150783	        0.0001007186	        0.1000000000	        0.0010000000	        0.0666666667	        0.1000000000	        0.0010000000
        1.9786913367	        0.3587915702	        0.3146500910	       -9.8211073693	       25.8424586043	        0.0004723422	        0.0000108676	        0.0000120751	        0.0000872182	        0.1000000000	        0.0010000000	        0.0666666667	        0.1000000000	        0.0010000000
        1.9803726030	        0.3372065242	        0.3020256144	      -11.2379016118	       24.7753045014	        0.0004916022	        0.0000086352	        0.0000095946	        0.0000749148	        0.1000000000	        0.0010000000	        0.0666666667	        0.1000000000	        0.0010000000
        1.9819741058	        0.3158729176	        0.2890279996	      -12.7236402066	       23.7396716535	        0.0005137013	        0.0000068017	        0.0000075575	        0.0000637661	        0.1000000000	        0.0010000000	        0.0666666667	        0.1000000000	        0.0010000000
        1.9834995080	        0.2948274524	        0.2756525301	      -14.3432025219	       22.6879210109	        0.0005400789	        0.0000053051	        0.0000058946	        0.0000537278	        0.1000000000	        0.0010000000	        0.0666666667	        0.1000000000	        0.0010000000
        1.9849523159	        0.2740978835	        0.2618926746	      -16.0755033815	       21.6371701592	        0.0005704873	        0.0000040916	        0.0000045462	        0.0000447544	        0.1000000000	        0.0010000000	        0.0666666667	        0.1000000000	        0.0010000000
        1.9863358846	        0.2537036266	        0.2477411042	      -17.8859428380	       20.6217788075	        0.0006044809	        0.0000031150	        0.0000034611	        0.0000367918	        0.1000000000	        0.0010000000	        0.0666666667	        0.1000000000	        0.0010000000
        1.9876534236	        0.2336565062	        0.2331909210	      -19.8787330791	       19.5941631030	        0.0006443004	        0.0000023358	        0.0000025953	        0.0000297874	        0.1000000000	        0.0010000000	        0.0666666667	        0.1000000000	        0.0010000000
        1.9889080021	        0.2139615143	        0.2182316979	      -21.9845372375	       18.5830325389	        0.0006889148	        0.0000017204	        0.0000019115	        0.0000236884	        0.1000000000	        0.0010000000	        0.0666666667	        0.1000000000	        0.0010000000
        1.9901025543	        0.1946175315	        0.2028520286	      -24.1575731653	       17.6106491787	        0.0007380140	        0.0000012401	        0.0000013779	        0.0000184379	        0.1000000000	        0.0010000000	        0.0666666667	        0.1000000000	        0.0010000000
        1.9912398850	        0.1756180354	        0.1870406403	      -26.5144245442	       16.6315766084	        0.0007947135	        0.0000008708	        0.0000009675	        0.0000139814	        0.1000000000	        0.0010000000	        0.0666666667	        0.1000000000	        0.0010000000
        1.9923226740	        0.1569516853	        0.1707824828	      -29.0100632764	       15.6658084372	        0.0008580804	        0.0000005919	        0.0000006577	        0.0000102661	        0.1000000000	        0.0010000000	        0.0666666667	        0.1000000000	        0.0010000000
        1.9933534817	        0.1386027562	        0.1540598616	      -31.5670221917	       14.7487222451	        0.0009266056	        0.0000003861	        0.0000004290	        0.0000072371	        0.1000000000	        0.0010000000	        0.0666666667	        0.1000000000	        0.0010000000
        1.9943347532	        0.1205514863	        0.1368538866	      -34.2953751657	       13.8478318806	        0.0010041932	        0.0000002388	        0.0000002653	        0.0000048390	        0.1000000000	        0.0010000000	        0.0666666667	        0.1000000000	        0.0010000000
        1.9952688237	        0.1027742602	        0.1191409419	      -37.2486977653	       12.9489212431	        0.0010928322	        0.0000001375	        0.0000001528	        0.0000030145	        0.1000000000	        0.0010000000	        0.0666666667	        0.1000000000	        0.0010000000
        1.9961579223	        0.0852435584	        0.1008908242	      -40.3510748021	       12.0831000606	        0.0011904592	        0.0000000716	        0.0000000796	        0.0000017011	        0.1000000000	        0.0010000000	        0.0666666667	        0.1000000000	        0.0010000000
        1.9970041770	        0.0679277165	        0.0820674719	      -43.5929988006	       11.2658241452	        0.0012973016	        0.0000000322	        0.0000000358	        0.0000008290	        0.1000000000	        0.0010000000	        0.0666666667	        0.1000000000	        0.0010000000
        1.9978096186	        0.0507904776	        0.0626276358	      -47.0380787170	       10.4938451440	        0.0014160676	        0.0000000114	        0.0000000127	        0.0000003186	        0.1000000000	        0.0010000000	        0.0666666667	        0.1000000000	        0.0010000000
        1.9985761848	        0.0337902334	        0.0425176713	      -50.7312793631	        9.7633477842	        0.0015485893	        0.0000000026	        0.0000000029	        0.0000000786	        0.1000000000	        0.0010000000	        0.0666666667	        0.1000000000	        0.0010000000
        1.9993057241	        0.0168788522	        0.0216701652	      -54.6979407112	        9.0710049645	        0.0016958264	        0.0000000002	        0.0000000002	        0.0000000064	        0.1000000000	        0.0010000000	        0.0666666667	        0.1000000000	        0.0010000000
        2.0000000000	        0.0000000000	        0.0000000000	      -58.9480439953	        8.4139050250	        0.0018580580	        0.0000000000	        0.0000000000	        0.0000000000	        0.0000000000	        0.0010000000	        0.0000000000	        0.1000000000	        0.0010000000
