        0.0000000000	        0.0000000000	        1.0000000000	        0.8038435036	       20.0257978356	        0.0009423103	        0.0000000000	        0.0000000000	        0.0000000000	        0.0000000000	        0.0010000000	        0.0000000000	        0.1000000000	        0.0010000000
        0.0006386460	        0.0064889786	        0.9976933515	        0.7970838414	       20.0244719663	        0.0009377885	        0.0000000000	        0.0000000000	        0.0000000000	        0.1000000000	        0.0010000000	        0.0666666667	        0.1000000000	        0.0010000000
        0.0013591019	        0.0138050478	        0.9951038323	        0.7894935328	       20.0229757409	        0.0009327310	        0.0000000000	        0.0000000000	        0.0000000001	        0.1000000000	        0.0010000000	        0.0666666667	        0.1000000000	        0.0010000000
        0.0021717769	        0.0220521489	        0.9921987984	        0.7809765553	       20.0212861924	        0.0009270816	        0.0000000002	        0.0000000003	        0.0000000009	        0.1000000000	        0.0010000000	        0.0666666667	        0.1000000000	        0.0010000000
        0.0030883849	        0.0313468732	        0.9889423710	        0.7714275030	       20.0193766180	        0.0009207801	        0.0000000009	        0.0000000010	        0.0000000037	        0.1000000000	        0.0010000000	        0.0666666667	        0.1000000000	        0.0010000000
        0.0041221033	        0.0418198744	        0.9852952579	        0.7607311834	       20.0172156724	        0.0009137629	        0.0000000030	        0.0000000033	        0.0000000116	        0.1000000000	        0.0010000000	        0.0666666667	        0.1000000000	        0.0010000000
        0.0052877492	        0.0536173866	        0.9812146095	        0.7487623781	       20.0147661347	        0.0009059640	        0.0000000081	        0.0000000090	        0.0000000314	        0.1000000000	        0.0010000000	        0.0666666667	        0.1000000000	        0.0010000000
        0.0066019743	        0.0669028220	        0.9766539301	        0.7353858432	       20.0119832152	        0.0008973154	        0.0000000197	        0.0000000219	        0.0000000758	        0.1000000000	        0.0010000000	        0.0666666667	        0.1000000000	        0.0010000000
        0.0080834821	        0.0818583878	        0.9715630799	        0.7204566521	       20.0088122045	        0.0008877494	        0.0000000445	        0.0000000494	        0.0000001693	        0.1000000000	        0.0010000000	        0.0666666667	        0.1000000000	        0.0010000000
        0.0097532660	        0.0986866018	        0.9658884189	        0.7038210138	       20.0051851840	        0.0008772005	        0.0000000946	        0.0000001051	        0.0000003556	        0.1000000000	        0.0010000000	        0.0666666667	        0.1000000000	        0.0010000000
        0.0116348733	        0.1176114699	        0.9595731836	        0.6853177362	       20.0010163984	        0.0008656088	        0.0000001920	        0.0000002133	        0.0000007122	        0.1000000000	        0.0010000000	        0.0666666667	        0.1000000000	        0.0010000000
        0.0137546927	        0.1388788756	        0.9525582497	        0.6647816563	       19.9962086086	        0.0008529231	        0.0000003755	        0.0000004173	        0.0000013723	        0.1000000000	        0.0010000000	        0.0666666667	        0.1000000000	        0.0010000000
        0.0161422702	        0.1627553523	        0.9447835434	        0.6420574316	       19.9907647252	        0.0008390971	        0.0000007128	        0.0000007920	        0.0000025598	        0.1000000000	        0.0010000000	        0.0666666667	        0.1000000000	        0.0010000000
        0.0188306506	        0.1895237401	        0.9361905548	        0.6170090931	       19.9848151787	        0.0008240938	        0.0000013191	        0.0000014657	        0.0000046420	        0.1000000000	        0.0010000000	        0.0666666667	        0.1000000000	        0.0010000000
        0.0218567475	        0.2194731226	        0.9267267007	        0.5895296387	       19.9783144731	        0.0008079001	        0.0000023883	        0.0000026537	        0.0000082043	        0.1000000000	        0.0010000000	        0.0666666667	        0.1000000000	        0.0010000000
        0.0252617393	        0.2528787423	        0.9163527017	        0.5595607921	       19.9708570656	        0.0007905394	        0.0000042407	        0.0000047118	        0.0000141461	        0.1000000000	        0.0010000000	        0.0666666667	        0.1000000000	        0.0010000000
        0.0290914903	        0.2899654031	        0.9050545887	        0.5271346817	       19.9621953912	        0.0007720698	        0.0000073954	        0.0000082171	        0.0000237792	        0.1000000000	        0.0010000000	        0.0666666667	        0.1000000000	        0.0010000000
        0.0333969940	        0.3308461322	        0.8928620569	        0.4924045337	       19.9522818366	        0.0007525866	        0.0000126748	        0.0000140831	        0.0000388695	        0.1000000000	        0.0010000000	        0.0666666667	        0.1000000000	        0.0010000000
        0.0382348325	        0.3754296574	        0.8798736179	        0.4556465581	       19.9409358935	        0.0007322174	        0.0000213441	        0.0000237157	        0.0000615007	        0.1000000000	        0.0010000000	        0.0666666667	        0.1000000000	        0.0010000000
        0.0436676462	        0.4233020572	        0.8662845550	        0.4173219995	       19.9277979533	        0.0007111448	        0.0000352768	        0.0000391964	        0.0000935787	        0.1000000000	        0.0010000000	        0.0666666667	        0.1000000000	        0.0010000000
        0.0497646022	        0.4736174199	        0.8524048793	        0.3780805699	       19.9130985047	        0.0006895942	        0.0000571093	        0.0000634548	        0.0001358777	        0.1000000000	        0.0010000000	        0.0666666667	        0.1000000000	        0.0010000000
        0.0566018496	        0.5250742905	        0.8386450938	        0.3386944472	       19.8970518437	        0.0006678155	        0.0000903034	        0.0001003371	        0.0001869072	        0.1000000000	        0.0010000000	        0.0666666667	        0.1000000000	        0.0010000000
        0.0642629411	        0.5760668291	        0.8254517294	        0.3000107910	       19.8783153134	        0.0006460752	        0.0001389959	        0.0001544399	        0.0002424363	        0.1000000000	        0.0010000000	        0.0666666667	        0.1000000000	        0.0010000000
        0.0728392004	        0.6250171942	        0.8132059245	        0.2628931877	       19.8576116066	        0.0006246372	        0.0002075419	        0.0002306021	        0.0002965074	        0.1000000000	        0.0010000000	        0.0666666667	        0.1000000000	        0.0010000000
        0.0824300053	        0.6707418724	        0.8021369203	        0.2280823043	       19.8333983415	        0.0006037438	        0.0002997894	        0.0003330993	        0.0003436283	        0.1000000000	        0.0010000000	        0.0666666667	        0.1000000000	        0.0010000000
        0.0931429507	        0.7126484844	        0.7922988030	        0.1961380644	       19.8075864290	        0.0005835706	        0.0004182914	        0.0004647683	        0.0003806137	        0.1000000000	        0.0010000000	        0.0666666667	        0.1000000000	        0.0010000000
        0.1050938490	        0.7506936354	        0.7836094961	        0.1674169675	       19.7772711758	        0.0005642965	        0.0005637189	        0.0006263543	        0.0004069268	        0.1000000000	        0.0010000000	        0.0666666667	        0.1000000000	        0.0010000000
        0.1184065179	        0.7851984579	        0.7759133495	        0.1420175942	       19.7437243644	        0.0005459926	        0.0007346603	        0.0008162892	        0.0004238292	        0.1000000000	        0.0010000000	        0.0666666667	        0.1000000000	        0.0010000000
        0.1332122955	        0.8166529922	        0.7690333387	        0.1198910915	       19.7059051863	        0.0005287634	        0.0009278520	        0.0010309467	        0.0004333043	        0.1000000000	        0.0010000000	        0.0666666667	        0.1000000000	        0.0010000000
        0.1496492201	        0.8455774336	        0.7628018827	        0.1008042557	       19.6647866586	        0.0005126436	        0.0011387285	        0.0012652539	        0.0004373355	        0.1000000000	        0.0010000000	        0.0666666667	        0.1000000000	        0.0010000000
        0.1678608015	        0.8724466270	        0.7570738647	        0.0844722629	       19.6177572821	        0.0004976790	        0.0013620927	        0.0015134363	        0.0004375894	        0.1000000000	        0.0010000000	        0.0666666667	        0.1000000000	        0.0010000000
        0.1879943127	        0.8976590820	        0.7517292384	        0.0705583557	       19.5667039792	        0.0004839131	        0.0015927066	        0.0017696740	        0.0004353493	        0.1000000000	        0.0010000000	        0.0666666667	        0.1000000000	        0.0010000000
        0.2101985296	        0.9215307327	        0.7466707523	        0.0587202151	       19.5093529106	        0.0004712898	        0.0018256814	        0.0020285349	        0.0004315600	        0.1000000000	        0.0010000000	        0.0666666667	        0.1000000000	        0.0010000000
        0.2346208557	        0.9443000169	        0.7418200236	        0.0486404164	       19.4462141297	        0.0004596918	        0.0020566486	        0.0022851651	        0.0004269026	        0.1000000000	        0.0010000000	        0.0666666667	        0.1000000000	        0.0010000000
        0.2614037844	        0.9661368319	        0.7371135010	        0.0400200609	       19.3772981109	        0.0004491540	        0.0022817615	        0.0025352905	        0.0004218664	        0.1000000000	        0.0010000000	        0.0666666667	        0.1000000000	        0.0010000000
        0.2906806794	        0.9871517916	        0.7324988667	        0.0326175912	       19.3016234026	        0.0004399235	        0.0024976034	        0.0027751149	        0.0004168060	        0.1000000000	        0.0010000000	        0.0666666667	        0.1000000000	        0.0010000000
        0.3225708876	        1.0074043269	        0.7279321051	        0.0262498655	       19.2186887069	        0.0004319128	        0.0027010730	        0.0030011923	        0.0004119782	        0.1000000000	        0.0010000000	        0.0666666667	        0.1000000000	        0.0010000000
        0.3571742551	        1.0269092168	        0.7233752366	        0.0207347307	       19.1292712473	        0.0004247891	        0.0028892924	        0.0032103249	        0.0004075719	        0.1000000000	        0.0010000000	        0.0666666667	        0.1000000000	        0.0010000000
        0.3945651751	        1.0456416037	        0.7187944863	        0.0159152972	       19.0319767290	        0.0004186262	        0.0030595654	        0.0033995171	        0.0004037334	        0.1000000000	        0.0010000000	        0.0666666667	        0.1000000000	        0.0010000000
        0.4347863703	        1.0635407368	        0.7141588584	        0.0116679216	       18.9273825339	        0.0004135876	        0.0032093969	        0.0035659966	        0.0004005785	        0.1000000000	        0.0010000000	        0.0666666667	        0.1000000000	        0.0010000000
        0.4778426900	        1.0805127438	        0.7094390911	        0.0078354403	       18.8142801252	        0.0004097411	        0.0033365744	        0.0037073049	        0.0003982111	        0.1000000000	        0.0010000000	        0.0666666667	        0.1000000000	        0.0010000000
        0.5236952751	        1.0964327463	        0.7046066945	        0.0042751162	       18.6946341866	        0.0004071917	        0.0034393110	        0.0038214567	        0.0003967402	        0.1000000000	        0.0010000000	        0.0666666667	        0.1000000000	        0.0010000000
        0.5722565058	        1.1111466448	        0.6996332117	        0.0008794147	       18.5673442281	        0.0004061677	        0.0035164499	        0.0039071666	        0.0003962846	        0.1000000000	        0.0010000000	        0.0666666667	        0.1000000000	        0.0010000000
        0.6233861842	        1.1244729584	        0.6944898824	       -0.0025600567	       18.4337175275	        0.0004067676	        0.0035677310	        0.0039641455	        0.0003969966	        0.1000000000	        0.0010000000	        0.0666666667	        0.1000000000	        0.0010000000
        0.6768894010	        1.1362052396	        0.6891471305	       -0.0063507726	       18.2925593640	        0.0004089943	        0.0035941315	        0.0039934794	        0.0003991182	        0.1000000000	        0.0010000000	        0.0666666667	        0.1000000000	        0.0010000000
        0.7325164896	        1.1461158876	        0.6835739151	       -0.0106367626	       18.1453382480	        0.0004130538	        0.0035983040	        0.0039981155	        0.0004029771	        0.1000000000	        0.0010000000	        0.0666666667	        0.1000000000	        0.0010000000
        0.7899653716	        1.1539627486	        0.6777390159	       -0.0154451187	       17.9936019608	        0.0004195491	        0.0035851725	        0.0039835250	        0.0004089233	        0.1000000000	        0.0010000000	        0.0666666667	        0.1000000000	        0.0010000000
        0.8488864424	        1.1595008028	        0.6716154073	       -0.0208281493	       17.8368002388	        0.0004289834	        0.0035629304	        0.0039588116	        0.0004172589	        0.1000000000	        0.0010000000	        0.0666666667	        0.1000000000	        0.0010000000
        0.9088899606	        1.1625023031	        0.6651900568	       -0.0268019357	       17.6765713919	        0.0004417593	        0.0035462504	        0.0039402782	        0.0004269854	        0.1000000000	        0.0010000000	        0.0666666667	        0.1000000000	        0.0010000000
        0.9695556872	        1.1627863835	        0.6585235615	       -0.0330928119	       17.5129693777	        0.0004576902	        0.0036062299	        0.0040069221	        0.0004427528	        0.1000000000	        0.0010000000	        0.0666666667	        0.1000000000	        0.0010000000
        1.0304443128	        1.1603689183	        0.6517422719	       -0.0396071925	       17.3486402200	        0.0004773852	        0.0037347572	        0.0041497302	        0.0004642201	        0.1000000000	        0.0010000000	        0.0666666667	        0.1000000000	        0.0010000000
        1.0911100394	        1.1554456800	        0.6449089755	       -0.0461941708	       17.1842275957	        0.0005005607	        0.0038610213	        0.0042900236	        0.0004872621	        0.1000000000	        0.0010000000	        0.0666666667	        0.1000000000	        0.0010000000
        1.1511135576	        1.1482446235	        0.6380202603	       -0.0526274940	       17.0200964921	        0.0005268886	        0.0039714612	        0.0044127347	        0.0005130828	        0.1000000000	        0.0010000000	        0.0666666667	        0.1000000000	        0.0010000000
        1.2100346284	        1.1390026841	        0.6310654529	       -0.0588066109	       16.8584701079	        0.0005560975	        0.0040581891	        0.0045090990	        0.0005413557	        0.1000000000	        0.0010000000	        0.0666666667	        0.1000000000	        0.0010000000
        1.2674835104	        1.1279528843	        0.6240341952	       -0.0648679866	       16.7000891559	        0.0005877646	        0.0041161961	        0.0045735513	        0.0005716633	        0.1000000000	        0.0010000000	        0.0666666667	        0.1000000000	        0.0010000000
        1.3231105990	        1.1153174840	        0.6169180850	       -0.0710379108	       16.5457077706	        0.0006209761	        0.0041425194	        0.0046027993	        0.0006036283	        0.1000000000	        0.0010000000	        0.0666666667	        0.1000000000	        0.0010000000
        1.3766138158	        1.1013041212	        0.6097103473	       -0.0774750291	       16.3957884128	        0.0006560599	        0.0041357834	        0.0045953149	        0.0006369266	        0.1000000000	        0.0010000000	        0.0666666667	        0.1000000000	        0.0010000000
        1.4277434942	        1.0861033812	        0.6024053223	       -0.0844466536	       16.2520577104	        0.0006933261	        0.0040958750	        0.0045509722	        0.0006712928	        0.1000000000	        0.0010000000	        0.0666666667	        0.1000000000	        0.0010000000
        1.4763047249	        1.0698870572	        0.5949971778	       -0.0920171816	       16.1147804953	        0.0007321816	        0.0040236809	        0.0044707566	        0.0007064951	        0.1000000000	        0.0010000000	        0.0666666667	        0.1000000000	        0.0010000000
        1.5221573100	        1.0528067609	        0.5874795309	       -0.1002758435	       15.9839701866	        0.0007717192	        0.0039208577	        0.0043565085	        0.0007422906	        0.1000000000	        0.0010000000	        0.0666666667	        0.1000000000	        0.0010000000
        1.5652136297	        1.0349927067	        0.5798447524	       -0.1094104701	       15.8604338645	        0.0008118600	        0.0037896267	        0.0042106963	        0.0007784443	        0.1000000000	        0.0010000000	        0.0666666667	        0.1000000000	        0.0010000000
        1.6054348249	        1.0165525505	        0.5720827826	       -0.1196021761	       15.7447404407	        0.0008527103	        0.0036325925	        0.0040362139	        0.0008147356	        0.1000000000	        0.0010000000	        0.0666666667	        0.1000000000	        0.0010000000
        1.6428257449	        0.9975701618	        0.5641799337	       -0.1308503508	       15.6357912503	        0.0008940678	        0.0034525877	        0.0038362085	        0.0008509139	        0.1000000000	        0.0010000000	        0.0666666667	        0.1000000000	        0.0010000000
        1.6774291124	        0.9781041708	        0.5561180671	       -0.1432761750	       15.5343086453	        0.0009360758	        0.0032525486	        0.0036139428	        0.0008866776	        0.1000000000	        0.0010000000	        0.0666666667	        0.1000000000	        0.0010000000
        1.7093193206	        0.9581861015	        0.5478730207	       -0.1570927040	       15.4406303036	        0.0009785847	        0.0030354322	        0.0033727025	        0.0009216908	        0.1000000000	        0.0010000000	        0.0666666667	        0.1000000000	        0.0010000000
        1.7385962156	        0.9378178648	        0.5394124328	       -0.1725614588	       15.3531586582	        0.0010216654	        0.0028041821	        0.0031157579	        0.0009555744	        0.1000000000	        0.0010000000	        0.0666666667	        0.1000000000	        0.0010000000
        1.7653791443	        0.9169683569	        0.5306930106	       -0.1899514605	       15.2727229735	        0.0010649480	        0.0025617491	        0.0028463879	        0.0009878695	        0.1000000000	        0.0010000000	        0.0666666667	        0.1000000000	        0.0010000000
        1.7898014704	        0.8955688943	        0.5216571612	       -0.2096120733	       15.1990986050	        0.0011083761	        0.0023111723	        0.0025679692	        0.0010179903	        0.1000000000	        0.0010000000	        0.0666666667	        0.1000000000	        0.0010000000
        1.8120056873	        0.8735072612	        0.5122286453	       -0.2319951760	       15.1313824693	        0.0011520674	        0.0020557148	        0.0022841276	        0.0010451642	        0.1000000000	        0.0010000000	        0.0666666667	        0.1000000000	        0.0010000000
        1.8321391985	        0.8506202945	        0.5023070769	       -0.2577641874	       15.0690861307	        0.0011963016	        0.0017990343	        0.0019989270	        0.0010683521	        0.1000000000	        0.0010000000	        0.0666666667	        0.1000000000	        0.0010000000
        1.8503507799	        0.8266853239	        0.4917610825	       -0.2875196854	       15.0123342609	        0.0012407765	        0.0015453406	        0.0017170451	        0.0010861211	        0.1000000000	        0.0010000000	        0.0666666667	        0.1000000000	        0.0010000000
        1.8667877045	        0.8014116376	        0.4804208176	       -0.3218538194	       14.9607986370	        0.0012853608	        0.0012994642	        0.0014438491	        0.0010964752	        0.1000000000	        0.0010000000	        0.0666666667	        0.1000000000	        0.0010000000
        1.8815934821	        0.7744348414	        0.4680707336	       -0.3613546264	       14.9129514757	        0.0013300940	        0.0010667397	        0.0011852663	        0.0010966943	        0.1000000000	        0.0010000000	        0.0666666667	        0.1000000000	        0.0010000000
        1.8949061510	        0.7453200436	        0.4544451949	       -0.4066646752	       14.8702224350	        0.0013752992	        0.0008526256	        0.0009473618	        0.0010832414	        0.1000000000	        0.0010000000	        0.0666666667	        0.1000000000	        0.0010000000
        1.9068570493	        0.7135844709	        0.4392323001	       -0.4586623093	       14.8302405522	        0.0014212963	        0.0006620637	        0.0007356263	        0.0010518821	        0.1000000000	        0.0010000000	        0.0666666667	        0.1000000000	        0.0010000000
        1.9175699947	        0.6787551515	        0.4220949960	       -0.5171133285	       14.7941254088	        0.0014674777	        0.0004987045	        0.0005541161	        0.0009982152	        0.1000000000	        0.0010000000	        0.0666666667	        0.1000000000	        0.0010000000
        1.9271607996	        0.6404772534	        0.4027230967	       -0.5823213582	       14.7617775494	        0.0015140548	        0.0003642448	        0.0004047165	        0.0009189846	        0.1000000000	        0.0010000000	        0.0666666667	        0.1000000000	        0.0010000000
        1.9357370589	        0.5986720904	        0.3809215890	       -0.6543335500	       14.7315746976	        0.0015611285	        0.0002581394	        0.0002868215	        0.0008141684	        0.1000000000	        0.0010000000	        0.0666666667	        0.1000000000	        0.0010000000
        1.9433981504	        0.5537010508	        0.3567221080	       -0.7313652460	       14.7037235460	        0.0016078143	        0.0001778184	        0.0001975760	        0.0006889139	        0.1000000000	        0.0010000000	        0.0666666667	        0.1000000000	        0.0010000000
        1.9502353978	        0.5064414444	        0.3304699111	       -0.8135762326	       14.6786288308	        0.0016546367	        0.0001193365	        0.0001325961	        0.0005537553	        0.1000000000	        0.0010000000	        0.0666666667	        0.1000000000	        0.0010000000
        1.9563323538	        0.4581858728	        0.3028165895	       -0.8985424258	       14.6558568223	        0.0017007039	        0.0000782074	        0.0000868971	        0.0004219602	        0.1000000000	        0.0010000000	        0.0666666667	        0.1000000000	        0.0010000000
        1.9617651675	        0.4103784796	        0.2746004394	       -0.9853778015	       14.6347710711	        0.0017461274	        0.0000501384	        0.0000557093	        0.0003052165	        0.1000000000	        0.0010000000	        0.0666666667	        0.1000000000	        0.0010000000
        1.9666030060	        0.3643178428	        0.2466666377	       -1.0722594675	       14.6152860742	        0.0017903772	        0.0000314768	        0.0000349742	        0.0002103840	        0.1000000000	        0.0010000000	        0.0666666667	        0.1000000000	        0.0010000000
        1.9709085097	        0.3209628134	        0.2197188444	       -1.1570042360	       14.5976067248	        0.0018326683	        0.0000193582	        0.0000215091	        0.0001388892	        0.1000000000	        0.0010000000	        0.0666666667	        0.1000000000	        0.0010000000
        1.9747382607	        0.2808838202	        0.1942509855	       -1.2392744926	       14.5818803202	        0.0018732903	        0.0000116603	        0.0000129558	        0.0000882465	        0.1000000000	        0.0010000000	        0.0666666667	        0.1000000000	        0.0010000000
        1.9781432525	        0.2443174541	        0.1705503992	       -1.3185138330	       14.5675425468	        0.0019121961	        0.0000068739	        0.0000076376	        0.0000541716	        0.1000000000	        0.0010000000	        0.0666666667	        0.1000000000	        0.0010000000
        1.9811693494	        0.2112608875	        0.1487397830	       -1.3936303938	       14.5543358364	        0.0019489764	        0.0000039605	        0.0000044006	        0.0000322030	        0.1000000000	        0.0010000000	        0.0666666667	        0.1000000000	        0.0010000000
        1.9838577298	        0.1815625628	        0.1288277911	       -1.4632993610	       14.5424024918	        0.0019830674	        0.0000022256	        0.0000024729	        0.0000185491	        0.1000000000	        0.0010000000	        0.0666666667	        0.1000000000	        0.0010000000
        1.9862453073	        0.1549913565	        0.1107522275	       -1.5274912435	       14.5316386008	        0.0020145125	        0.0000012159	        0.0000013510	        0.0000103398	        0.1000000000	        0.0010000000	        0.0666666667	        0.1000000000	        0.0010000000
        1.9883651267	        0.1312826206	        0.0944110887	       -1.5868342983	       14.5218178303	        0.0020436548	        0.0000006430	        0.0000007145	        0.0000055603	        0.1000000000	        0.0010000000	        0.0666666667	        0.1000000000	        0.0010000000
        1.9902467340	        0.1101659658	        0.0796829518	       -1.6415742487	       14.5128534900	        0.0020706183	        0.0000003271	        0.0000003634	        0.0000028690	        0.1000000000	        0.0010000000	        0.0666666667	        0.1000000000	        0.0010000000
        1.9919165179	        0.0913806042	        0.0664396295	       -1.6916320518	       14.5047779586	        0.0020953470	        0.0000001586	        0.0000001762	        0.0000014087	        0.1000000000	        0.0010000000	        0.0666666667	        0.1000000000	        0.0010000000
        1.9933980257	        0.0746829493	        0.0545536117	       -1.7370782578	       14.4975805572	        0.0021178578	        0.0000000724	        0.0000000805	        0.0000006501	        0.1000000000	        0.0010000000	        0.0666666667	        0.1000000000	        0.0010000000
        1.9947122508	        0.0598496996	        0.0439021894	       -1.7781129937	       14.4912138470	        0.0021382342	        0.0000000305	        0.0000000339	        0.0000002768	        0.1000000000	        0.0010000000	        0.0666666667	        0.1000000000	        0.0010000000
        1.9958778967	        0.0466784282	        0.0343695938	       -1.8150103597	       14.4856114652	        0.0021565984	        0.0000000115	        0.0000000128	        0.0000001055	        0.1000000000	        0.0010000000	        0.0666666667	        0.1000000000	        0.0010000000
        1.9969116151	        0.0349868809	        0.0258479775	       -1.8480812449	       14.4806993825	        0.0021730929	        0.0000000037	        0.0000000041	        0.0000000343	        0.1000000000	        0.0010000000	        0.0666666667	        0.1000000000	        0.0010000000
        1.9978282231	        0.0246116605	        0.0182377315	       -1.8776489049	       14.4764027776	        0.0021878687	        0.0000000009	        0.0000000010	        0.0000000086	        0.1000000000	        0.0010000000	        0.0666666667	        0.1000000000	        0.0010000000
        1.9986408981	        0.0154066730	        0.0114474232	       -1.9040333294	       14.4726500298	        0.0022010773	        0.0000000001	        0.0000000002	        0.0000000014	        0.1000000000	        0.0010000000	        0.0666666667	        0.1000000000	        0.0010000000
        1.9993613540	        0.0072415288	        0.0053935208	       -1.9275416219	       14.4693748474	        0.0022128651	        0.0000000000	        0.0000000000	        0.0000000001	        0.1000000000	        0.0010000000	        0.0666666667	        0.1000000000	        0.0010000000
        2.0000000000	        0.0000000000	        0.0000000000	       -1.9484624480	       14.4665172148	        0.0022233709	        0.0000000000	        0.0000000000	        0.0000000000	        0.0000000000	        0.0010000000	        0.0000000000	        0.1000000000	        0.0010000000
