        0.0000000000	        0.0000000000	        1.0000000000	        4.4686621900	       26.4015750624	        0.0014270374	        0.0000000000	        0.0000000000	        0.0000000000	        0.0000000000	        0.0010000000	        0.0000000000	        0.1000000000	        0.0010000000
        0.0006386460	        0.0072238993	        0.9969599730	        4.3487270552	       26.3932327327	        0.0013948111	        0.0000000000	        0.0000000000	        0.0000000000	        0.1000000000	        0.0010000000	        0.0666666667	        0.1000000000	        0.0010000000
        0.0013591019	        0.0153688860	        0.9936009055	        4.2170209417	       26.3839769620	        0.0013594596	        0.0000000001	        0.0000000001	        0.0000000005	        0.1000000000	        0.0010000000	        0.0666666667	        0.1000000000	        0.0010000000
        0.0021717769	        0.0245507994	        0.9898987910	        4.0729242080	       26.3737182170	        0.0013208309	        0.0000000006	        0.0000000007	        0.0000000032	        0.1000000000	        0.0010000000	        0.0666666667	        0.1000000000	        0.0010000000
        0.0030883849	        0.0348995893	        0.9858300932	        3.9159344298	       26.3623561783	        0.0012788087	        0.0000000026	        0.0000000029	        0.0000000127	        0.1000000000	        0.0010000000	        0.0666666667	        0.1000000000	        0.0010000000
        0.0041221033	        0.0465608776	        0.9813723739	        3.7457144936	       26.3497755624	        0.0012333265	        0.0000000083	        0.0000000092	        0.0000000390	        0.1000000000	        0.0010000000	        0.0666666667	        0.1000000000	        0.0010000000
        0.0052877492	        0.0596976092	        0.9765050288	        3.5621469667	       26.3358393667	        0.0011843832	        0.0000000223	        0.0000000248	        0.0000001020	        0.1000000000	        0.0010000000	        0.0666666667	        0.1000000000	        0.0010000000
        0.0066019743	        0.0744917308	        0.9712101274	        3.3653918133	       26.3203781122	        0.0011320606	        0.0000000541	        0.0000000602	        0.0000002379	        0.1000000000	        0.0010000000	        0.0666666667	        0.1000000000	        0.0010000000
        0.0080834821	        0.0911457630	        0.9654733476	        3.1559415638	       26.3031729585	        0.0010765398	        0.0000001213	        0.0000001347	        0.0000005111	        0.1000000000	        0.0010000000	        0.0666666667	        0.1000000000	        0.0010000000
        0.0097532660	        0.1098840054	        0.9592850016	        2.9346633921	       26.2839295386	        0.0010181143	        0.0000002559	        0.0000002844	        0.0000010299	        0.1000000000	        0.0010000000	        0.0666666667	        0.1000000000	        0.0010000000
        0.0116348733	        0.1309528663	        0.9526411626	        2.7028103644	       26.2622378851	        0.0009571963	        0.0000005156	        0.0000005729	        0.0000019717	        0.1000000000	        0.0010000000	        0.0666666667	        0.1000000000	        0.0010000000
        0.0137546927	        0.1546193790	        0.9455449403	        2.4620136453	       26.2375541849	        0.0008943173	        0.0000010004	        0.0000011116	        0.0000036171	        0.1000000000	        0.0010000000	        0.0666666667	        0.1000000000	        0.0010000000
        0.0161422702	        0.1811662134	        0.9380080153	        2.2145088401	       26.2095081015	        0.0008301994	        0.0000018820	        0.0000020911	        0.0000063969	        0.1000000000	        0.0010000000	        0.0666666667	        0.1000000000	        0.0010000000
        0.0188306506	        0.2108802556	        0.9300527045	        1.9630023494	       26.1779334030	        0.0007657241	        0.0000034482	        0.0000038313	        0.0000109486	        0.1000000000	        0.0010000000	        0.0666666667	        0.1000000000	        0.0010000000
        0.0218567475	        0.2440300019	        0.9217149388	        1.7107491188	       26.1425262252	        0.0007019265	        0.0000061731	        0.0000068589	        0.0000181762	        0.1000000000	        0.0010000000	        0.0666666667	        0.1000000000	        0.0010000000
        0.0252617393	        0.2808247947	        0.9130486801	        1.4614894745	       26.1026938443	        0.0006399561	        0.0000108210	        0.0000120234	        0.0000292860	        0.1000000000	        0.0010000000	        0.0666666667	        0.1000000000	        0.0010000000
        0.0290914903	        0.3213476030	        0.9041321113	        1.2194754208	       26.0578770307	        0.0005810819	        0.0000185944	        0.0000206604	        0.0000457468	        0.1000000000	        0.0010000000	        0.0666666667	        0.1000000000	        0.0010000000
        0.0333969940	        0.3654562649	        0.8950750580	        0.9891663642	       26.0075175618	        0.0005266028	        0.0000313293	        0.0000348103	        0.0000690881	        0.1000000000	        0.0010000000	        0.0666666667	        0.1000000000	        0.0010000000
        0.0382348325	        0.4126628302	        0.8860246893	        0.7747921527	       25.9507922667	        0.0004777613	        0.0000517277	        0.0000574752	        0.0001004521	        0.1000000000	        0.0010000000	        0.0666666667	        0.1000000000	        0.0010000000
        0.0436676462	        0.4620333585	        0.8771628912	        0.5801227160	       25.8875423428	        0.0004356818	        0.0000835777	        0.0000928641	        0.0001399362	        0.1000000000	        0.0010000000	        0.0666666667	        0.1000000000	        0.0010000000
        0.0497646022	        0.5121910088	        0.8686870168	        0.4080974995	       25.8170305217	        0.0004013088	        0.0001318545	        0.0001465050	        0.0001860434	        0.1000000000	        0.0010000000	        0.0666666667	        0.1000000000	        0.0010000000
        0.0566018496	        0.5615049574	        0.8607718034	        0.2603696581	       25.7378958728	        0.0003753221	        0.0002025298	        0.0002250332	        0.0002357949	        0.1000000000	        0.0010000000	        0.0666666667	        0.1000000000	        0.0010000000
        0.0642629411	        0.6084475061	        0.8535258407	        0.1371776880	       25.6503677716	        0.0003581005	        0.0003019345	        0.0003354827	        0.0002857760	        0.1000000000	        0.0010000000	        0.0666666667	        0.1000000000	        0.0010000000
        0.0728392004	        0.6519490537	        0.8469673203	        0.0375672660	       25.5526071604	        0.0003497802	        0.0004357010	        0.0004841122	        0.0003335498	        0.1000000000	        0.0010000000	        0.0666666667	        0.1000000000	        0.0010000000
        0.0824300053	        0.6915538803	        0.8410326296	       -0.0403730466	       25.4442693378	        0.0003502180	        0.0006075741	        0.0006750824	        0.0003784152	        0.1000000000	        0.0010000000	        0.0666666667	        0.1000000000	        0.0010000000
        0.0931429507	        0.7273375822	        0.8356069949	       -0.0990722265	       25.3261600301	        0.0003590608	        0.0008185022	        0.0009094469	        0.0004211200	        0.1000000000	        0.0010000000	        0.0666666667	        0.1000000000	        0.0010000000
        0.1050938490	        0.7597036129	        0.8305566244	       -0.1410818521	       25.1951905321	        0.0003757819	        0.0010663385	        0.0011848206	        0.0004630417	        0.1000000000	        0.0010000000	        0.0666666667	        0.1000000000	        0.0010000000
        0.1184065179	        0.7891885940	        0.8257503353	       -0.1688582978	       25.0511779107	        0.0003997225	        0.0013462428	        0.0014958253	        0.0005054810	        0.1000000000	        0.0010000000	        0.0666666667	        0.1000000000	        0.0010000000
        0.1332122955	        0.8163334547	        0.8210698128	       -0.1845946293	       24.8947477323	        0.0004299779	        0.0016515954	        0.0018351060	        0.0005492987	        0.1000000000	        0.0010000000	        0.0666666667	        0.1000000000	        0.0010000000
        0.1496492201	        0.8416185281	        0.8164125933	       -0.1903373094	       24.7230552523	        0.0004655941	        0.0019750684	        0.0021945205	        0.0005948230	        0.1000000000	        0.0010000000	        0.0666666667	        0.1000000000	        0.0010000000
        0.1678608015	        0.8654406505	        0.8116915351	       -0.1878776199	       24.5365634976	        0.0005053893	        0.0023095129	        0.0025661254	        0.0006418908	        0.1000000000	        0.0010000000	        0.0666666667	        0.1000000000	        0.0010000000
        0.1879943127	        0.8881122013	        0.8068333340	       -0.1789715711	       24.3334186446	        0.0005480242	        0.0026484827	        0.0029427586	        0.0006899414	        0.1000000000	        0.0010000000	        0.0666666667	        0.1000000000	        0.0010000000
        0.2101985296	        0.9098693418	        0.8017769098	       -0.1652329919	       24.1136419568	        0.0005920837	        0.0029863939	        0.0033182155	        0.0007381308	        0.1000000000	        0.0010000000	        0.0666666667	        0.1000000000	        0.0010000000
        0.2346208557	        0.9308827613	        0.7964721528	       -0.1480444184	       23.8765601157	        0.0006361094	        0.0033184263	        0.0036871404	        0.0007854230	        0.1000000000	        0.0010000000	        0.0666666667	        0.1000000000	        0.0010000000
        0.2614037844	        0.9512679021	        0.7908791865	       -0.1288053000	       23.6213211751	        0.0006787446	        0.0036403029	        0.0040447810	        0.0008306980	        0.1000000000	        0.0010000000	        0.0666666667	        0.1000000000	        0.0010000000
        0.2906806794	        0.9710935592	        0.7849675729	       -0.1089100704	       23.3466976237	        0.0007186398	        0.0039480538	        0.0043867265	        0.0008728952	        0.1000000000	        0.0010000000	        0.0666666667	        0.1000000000	        0.0010000000
        0.3225708876	        0.9903886450	        0.7787151616	       -0.0893231232	       23.0516661923	        0.0007547834	        0.0042378309	        0.0047087010	        0.0009110983	        0.1000000000	        0.0010000000	        0.0666666667	        0.1000000000	        0.0010000000
        0.3571742551	        1.0091472921	        0.7721072627	       -0.0707072702	       22.7365190709	        0.0007864124	        0.0045058010	        0.0050064455	        0.0009445528	        0.1000000000	        0.0010000000	        0.0666666667	        0.1000000000	        0.0010000000
        0.3945651751	        1.0273325949	        0.7651359523	       -0.0536177817	       22.4000718823	        0.0008130564	        0.0047481266	        0.0052756963	        0.0009727077	        0.1000000000	        0.0010000000	        0.0666666667	        0.1000000000	        0.0010000000
        0.4347863703	        1.0448793115	        0.7577990476	       -0.0384073413	       22.0429966008	        0.0008343047	        0.0049610285	        0.0055122539	        0.0009952523	        0.1000000000	        0.0010000000	        0.0666666667	        0.1000000000	        0.0010000000
        0.4778426900	        1.0616958270	        0.7500990154	       -0.0258093658	       21.6647868917	        0.0008500224	        0.0051409207	        0.0057121341	        0.0010122510	        0.1000000000	        0.0010000000	        0.0666666667	        0.1000000000	        0.0010000000
        0.5236952751	        1.0776656411	        0.7420397613	       -0.0162966045	       21.2654469513	        0.0008606632	        0.0052846112	        0.0058717902	        0.0010242618	        0.1000000000	        0.0010000000	        0.0666666667	        0.1000000000	        0.0010000000
        0.5722565058	        1.0926486176	        0.7336230946	       -0.0096130371	       20.8453828770	        0.0008673428	        0.0053895597	        0.0059883997	        0.0010321610	        0.1000000000	        0.0010000000	        0.0666666667	        0.1000000000	        0.0010000000
        0.6233861842	        1.1064822186	        0.7248474165	       -0.0059828290	       20.4055482184	        0.0008717371	        0.0054541894	        0.0060602105	        0.0010371020	        0.1000000000	        0.0010000000	        0.0666666667	        0.1000000000	        0.0010000000
        0.6768894010	        1.1189829748	        0.7157042605	       -0.0049877000	       19.9486772603	        0.0008749488	        0.0054782546	        0.0060869495	        0.0010404395	        0.1000000000	        0.0010000000	        0.0666666667	        0.1000000000	        0.0010000000
        0.7325164896	        1.1299485393	        0.7061780637	       -0.0071212524	       19.4751739858	        0.0008785949	        0.0054632762	        0.0060703069	        0.0010437875	        0.1000000000	        0.0010000000	        0.0666666667	        0.1000000000	        0.0010000000
        0.7899653716	        1.1391609004	        0.6962421342	       -0.0122642218	       18.9870303621	        0.0008849368	        0.0054130782	        0.0060145313	        0.0010490479	        0.1000000000	        0.0010000000	        0.0666666667	        0.1000000000	        0.0010000000
        0.8488864424	        1.1463917809	        0.6858593520	       -0.0203889258	       18.4882289124	        0.0008956274	        0.0053345120	        0.0059272355	        0.0010581899	        0.1000000000	        0.0010000000	        0.0666666667	        0.1000000000	        0.0010000000
        0.9088899606	        1.1514120447	        0.6749862881	       -0.0314492950	       17.9813080552	        0.0009134453	        0.0052386966	        0.0058207740	        0.0010730883	        0.1000000000	        0.0010000000	        0.0666666667	        0.1000000000	        0.0010000000
        0.9695556872	        1.1540080798	        0.6635868237	       -0.0429647002	       17.4698256985	        0.0009391950	        0.0051450769	        0.0057167521	        0.0010917953	        0.1000000000	        0.0010000000	        0.0666666667	        0.1000000000	        0.0010000000
        1.0304443128	        1.1540080798	        0.6517432874	       -0.0538604675	       16.9566770293	        0.0009729309	        0.0051450769	        0.0057167521	        0.0011235363	        0.1000000000	        0.0010000000	        0.0666666667	        0.1000000000	        0.0010000000
        1.0911100394	        1.1514120447	        0.6396680958	       -0.0649541788	       16.4458649073	        0.0010144842	        0.0052386966	        0.0058207740	        0.0011684594	        0.1000000000	        0.0010000000	        0.0666666667	        0.1000000000	        0.0010000000
        1.1511135576	        1.1463917809	        0.6274912809	       -0.0752526836	       15.9421459334	        0.0010626890	        0.0053345120	        0.0059272355	        0.0012162618	        0.1000000000	        0.0010000000	        0.0666666667	        0.1000000000	        0.0010000000
        1.2100346284	        1.1391609004	        0.6152370633	       -0.0840250620	       15.4466071502	        0.0011164700	        0.0054130782	        0.0060145313	        0.0012687576	        0.1000000000	        0.0010000000	        0.0666666667	        0.1000000000	        0.0010000000
        1.2674835104	        1.1299485393	        0.6029170750	       -0.0890781936	       14.9643646244	        0.0011740228	        0.0054632762	        0.0060703069	        0.0013238091	        0.1000000000	        0.0010000000	        0.0666666667	        0.1000000000	        0.0010000000
        1.3231105990	        1.1189829748	        0.5905537440	       -0.0896306985	       14.4979458424	        0.0012317078	        0.0054782546	        0.0060869495	        0.0013783188	        0.1000000000	        0.0010000000	        0.0666666667	        0.1000000000	        0.0010000000
        1.3766138158	        1.1064822186	        0.5781849114	       -0.0854432548	       14.0475467207	        0.0012858503	        0.0054541894	        0.0060602105	        0.0014291237	        0.1000000000	        0.0010000000	        0.0666666667	        0.1000000000	        0.0010000000
        1.4277434942	        1.0926486176	        0.5658616406	       -0.0767994759	       13.6159031643	        0.0013339880	        0.0053895597	        0.0059883997	        0.0014734467	        0.1000000000	        0.0010000000	        0.0666666667	        0.1000000000	        0.0010000000
        1.4763047249	        1.0776656411	        0.5536422240	       -0.0634732955	       13.2045536376	        0.0013735840	        0.0052846112	        0.0058717902	        0.0015089860	        0.1000000000	        0.0010000000	        0.0666666667	        0.1000000000	        0.0010000000
        1.5221573100	        1.0616958270	        0.5415886145	       -0.0457093925	       12.8139229508	        0.0014030900	        0.0051409207	        0.0057121341	        0.0015339321	        0.1000000000	        0.0010000000	        0.0666666667	        0.1000000000	        0.0010000000
        1.5652136297	        1.0448793115	        0.5297611158	       -0.0245977511	       12.4441707809	        0.0014205394	        0.0049610285	        0.0055122539	        0.0015472807	        0.1000000000	        0.0010000000	        0.0666666667	        0.1000000000	        0.0010000000
        1.6054348249	        1.0273325949	        0.5182112647	       -0.0011035408	       12.0961153054	        0.0014261530	        0.0047481266	        0.0052756963	        0.0015489005	        0.1000000000	        0.0010000000	        0.0666666667	        0.1000000000	        0.0010000000
        1.6428257449	        1.0091472921	        0.5069772921	        0.0244170768	       11.7674223652	        0.0014211660	        0.0045058010	        0.0050064455	        0.0015392195	        0.1000000000	        0.0010000000	        0.0666666667	        0.1000000000	        0.0010000000
        1.6774291124	        0.9903886450	        0.4960829263	        0.0516279861	       11.4596875706	        0.0014062208	        0.0042378309	        0.0047087010	        0.0015189648	        0.1000000000	        0.0010000000	        0.0666666667	        0.1000000000	        0.0010000000
        1.7093193206	        0.9710935592	        0.4855368413	        0.0788613916	       11.1716618278	        0.0013823866	        0.0039480538	        0.0043867265	        0.0014892761	        0.1000000000	        0.0010000000	        0.0666666667	        0.1000000000	        0.0010000000
        1.7385962156	        0.9512679021	        0.4753294725	        0.1045047214	       10.9020840378	        0.0013516484	        0.0036403029	        0.0040447810	        0.0014517415	        0.1000000000	        0.0010000000	        0.0666666667	        0.1000000000	        0.0010000000
        1.7653791443	        0.9308827613	        0.4654312468	        0.1263846891	       10.6517899590	        0.0013161808	        0.0033184263	        0.0036871404	        0.0014082246	        0.1000000000	        0.0010000000	        0.0666666667	        0.1000000000	        0.0010000000
        1.7898014704	        0.9098693418	        0.4557903940	        0.1418675061	       10.4190870964	        0.0012784411	        0.0029863939	        0.0033182155	        0.0013607467	        0.1000000000	        0.0010000000	        0.0666666667	        0.1000000000	        0.0010000000
        1.8120056873	        0.8881122013	        0.4463303727	        0.1484651244	       10.2032769937	        0.0012412560	        0.0026484827	        0.0029427586	        0.0013112457	        0.1000000000	        0.0010000000	        0.0666666667	        0.1000000000	        0.0010000000
        1.8321391985	        0.8654406505	        0.4369474771	        0.1436965393	       10.0036142237	        0.0012071460	        0.0023095129	        0.0025661254	        0.0012612811	        0.1000000000	        0.0010000000	        0.0666666667	        0.1000000000	        0.0010000000
        1.8503507799	        0.8416185281	        0.4275076397	        0.1246992919	        9.8193750613	        0.0011788188	        0.0019750684	        0.0021945205	        0.0012118098	        0.1000000000	        0.0010000000	        0.0666666667	        0.1000000000	        0.0010000000
        1.8667877045	        0.8163334547	        0.4178414764	        0.0887065713	        9.6502992330	        0.0011584222	        0.0016515954	        0.0018351060	        0.0011629364	        0.1000000000	        0.0010000000	        0.0666666667	        0.1000000000	        0.0010000000
        1.8815934821	        0.7891885940	        0.4077384320	        0.0328421693	        9.4956239421	        0.0011478133	        0.0013462428	        0.0014958253	        0.0011136297	        0.1000000000	        0.0010000000	        0.0666666667	        0.1000000000	        0.0010000000
        1.8949061510	        0.7597036129	        0.3969409986	       -0.0459042735	        9.3544741799	        0.0011485006	        0.0010663385	        0.0011848206	        0.0010614922	        0.1000000000	        0.0010000000	        0.0666666667	        0.1000000000	        0.0010000000
        1.9068570493	        0.7273375822	        0.3851426960	       -0.1510318482	        9.2252316920	        0.0011617443	        0.0008185022	        0.0009094469	        0.0010027062	        0.1000000000	        0.0010000000	        0.0666666667	        0.1000000000	        0.0010000000
        1.9175699947	        0.6915538803	        0.3719971480	       -0.2835951311	        9.1087378428	        0.0011881378	        0.0006075741	        0.0006750824	        0.0009323055	        0.1000000000	        0.0010000000	        0.0666666667	        0.1000000000	        0.0010000000
        1.9271607996	        0.6519490537	        0.3571541448	       -0.4451619265	        9.0034034342	        0.0012279106	        0.0004357010	        0.0004841122	        0.0008454356	        0.1000000000	        0.0010000000	        0.0666666667	        0.1000000000	        0.0010000000
        1.9357370589	        0.6084475061	        0.3403310926	       -0.6361220738	        8.9081001390	        0.0012809969	        0.0003019345	        0.0003354827	        0.0007398257	        0.1000000000	        0.0010000000	        0.0666666667	        0.1000000000	        0.0010000000
        1.9433981504	        0.5615049574	        0.3214166677	       -0.8509627513	        8.8232761667	        0.0013456798	        0.0002025298	        0.0002250332	        0.0006183927	        0.1000000000	        0.0010000000	        0.0666666667	        0.1000000000	        0.0010000000
        1.9502353978	        0.5121910088	        0.3005695892	       -1.0886083351	        8.7468884348	        0.0014216784	        0.0001318545	        0.0001465050	        0.0004901546	        0.1000000000	        0.0010000000	        0.0666666667	        0.1000000000	        0.0010000000
        1.9563323538	        0.4620333585	        0.2782322987	       -1.3396649876	        8.6789638192	        0.0015061251	        0.0000835777	        0.0000928641	        0.0003674692	        0.1000000000	        0.0010000000	        0.0666666667	        0.1000000000	        0.0010000000
        1.9617651675	        0.4126628302	        0.2550412556	       -1.5992965726	        8.6183644223	        0.0015977172	        0.0000517277	        0.0000574752	        0.0002611166	        0.1000000000	        0.0010000000	        0.0666666667	        0.1000000000	        0.0010000000
        1.9666030060	        0.3654562649	        0.2316711752	       -1.8593835019	        8.5644303868	        0.0016938453	        0.0000313293	        0.0000348103	        0.0001767856	        0.1000000000	        0.0010000000	        0.0666666667	        0.1000000000	        0.0010000000
        1.9709085097	        0.3213476030	        0.2087072173	       -2.1112707491	        8.5169151168	        0.0017914488	        0.0000185944	        0.0000206604	        0.0001147501	        0.1000000000	        0.0010000000	        0.0666666667	        0.1000000000	        0.0010000000
        1.9747382607	        0.2808247947	        0.1865865742	       -2.3529765431	        8.4746467003	        0.0018895210	        0.0000108210	        0.0000120234	        0.0000718061	        0.1000000000	        0.0010000000	        0.0666666667	        0.1000000000	        0.0010000000
        1.9781432525	        0.2440300019	        0.1655959684	       -2.5817200659	        8.4369288503	        0.0019867682	        0.0000061731	        0.0000068589	        0.0000434914	        0.1000000000	        0.0010000000	        0.0666666667	        0.1000000000	        0.0010000000
        1.9811693494	        0.2108802556	        0.1458999297	       -2.7941506816	        8.4034642976	        0.0020812485	        0.0000034482	        0.0000038313	        0.0000255493	        0.1000000000	        0.0010000000	        0.0666666667	        0.1000000000	        0.0010000000
        1.9838577298	        0.1811662134	        0.1275750407	       -2.9871200434	        8.3741569763	        0.0021707743	        0.0000018820	        0.0000020911	        0.0000145597	        0.1000000000	        0.0010000000	        0.0666666667	        0.1000000000	        0.0010000000
        1.9862453073	        0.1546193790	        0.1106386153	       -3.1610979871	        8.3484697112	        0.0022548139	        0.0000010004	        0.0000011116	        0.0000080351	        0.1000000000	        0.0010000000	        0.0666666667	        0.1000000000	        0.0010000000
        1.9883651267	        0.1309528663	        0.0950688792	       -3.3183690732	        8.3256942069	        0.0023337198	        0.0000005156	        0.0000005729	        0.0000042792	        0.1000000000	        0.0010000000	        0.0666666667	        0.1000000000	        0.0010000000
        1.9902467340	        0.1098840054	        0.0808187166	       -3.4603130765	        8.3054107506	        0.0024074148	        0.0000002559	        0.0000002844	        0.0000021867	        0.1000000000	        0.0010000000	        0.0666666667	        0.1000000000	        0.0010000000
        1.9919165179	        0.0911457630	        0.0678251593	       -3.5874621071	        8.2874380072	        0.0024754502	        0.0000001213	        0.0000001347	        0.0000010631	        0.1000000000	        0.0010000000	        0.0666666667	        0.1000000000	        0.0010000000
        1.9933980257	        0.0744917308	        0.0560158767	       -3.7006658642	        8.2715841644	        0.0025376759	        0.0000000541	        0.0000000602	        0.0000004855	        0.1000000000	        0.0010000000	        0.0666666667	        0.1000000000	        0.0010000000
        1.9947122508	        0.0596976092	        0.0453135675	       -3.8010175319	        8.2576426564	        0.0025941910	        0.0000000223	        0.0000000248	        0.0000002045	        0.1000000000	        0.0010000000	        0.0666666667	        0.1000000000	        0.0010000000
        1.9958778967	        0.0465608776	        0.0356390040	       -3.8897053238	        8.2454080085	        0.0026452473	        0.0000000083	        0.0000000092	        0.0000000770	        0.1000000000	        0.0010000000	        0.0666666667	        0.1000000000	        0.0010000000
        1.9969116151	        0.0348995893	        0.0269131885	       -3.9679208728	        8.2346849815	        0.0026911842	        0.0000000026	        0.0000000029	        0.0000000247	        0.1000000000	        0.0010000000	        0.0666666667	        0.1000000000	        0.0010000000
        1.9978282231	        0.0245507994	        0.0190588939	       -4.0368053403	        8.2252933684	        0.0027323843	        0.0000000006	        0.0000000007	        0.0000000061	        0.1000000000	        0.0010000000	        0.0666666667	        0.1000000000	        0.0010000000
        1.9986408981	        0.0153688860	        0.0120017536	       -4.0974201785	        8.2170700355	        0.0027692448	        0.0000000001	        0.0000000001	        0.0000000010	        0.1000000000	        0.0010000000	        0.0666666667	        0.1000000000	        0.0010000000
        1.9993613540	        0.0072238993	        0.0056710101	       -4.1507336960	        8.2098692682	        0.0028021589	        0.0000000000	        0.0000000000	        0.0000000000	        0.1000000000	        0.0010000000	        0.0666666667	        0.1000000000	        0.0010000000
        2.0000000000	        0.0000000000	        0.0000000000	       -4.1976174834	        8.2035621237	        0.0028315040	        0.0000000000	        0.0000000000	        0.0000000000	        0.0000000000	        0.0010000000	        0.0000000000	        0.1000000000	        0.0010000000
