        0.0000000000	        0.0000000000	        1.0000000000	        6.9253463728	       -0.0000001177	        0.0008293964	        0.0000000000	        0.0000000000	        0.0000000000	        0.0000000000	        0.0010000000	        0.0000000000	        0.1000000000	        0.0010000000
        0.0006386460	        0.0072238993	        0.9978034047	        6.4277958946	       -0.0000001226	        0.0007786659	        0.0000000000	        0.0000000000	        0.0000000000	        0.1000000000	        0.0010000000	        0.0666666667	        0.1000000000	        0.0010000000
        0.0013591019	        0.0153688860	        0.9954298441	        5.9025595871	       -0.0000001276	        0.0007252996	        0.0000000001	        0.0000000001	        0.0000000004	        0.1000000000	        0.0010000000	        0.0666666667	        0.1000000000	        0.0010000000
        0.0021717769	        0.0245507994	        0.9928745074	        5.3540164035	       -0.0000001325	        0.0006697946	        0.0000000006	        0.0000000007	        0.0000000022	        0.1000000000	        0.0010000000	        0.0666666667	        0.1000000000	        0.0010000000
        0.0030883849	        0.0348995893	        0.9901332380	        4.7884049607	       -0.0000001373	        0.0006128407	        0.0000000026	        0.0000000029	        0.0000000085	        0.1000000000	        0.0010000000	        0.0666666667	        0.1000000000	        0.0010000000
        0.0041221033	        0.0465608776	        0.9872020216	        4.2140387668	       -0.0000001419	        0.0005553375	        0.0000000083	        0.0000000092	        0.0000000254	        0.1000000000	        0.0010000000	        0.0666666667	        0.1000000000	        0.0010000000
        0.0052877492	        0.0596976092	        0.9840761557	        3.6413809717	       -0.0000001461	        0.0004983922	        0.0000000223	        0.0000000248	        0.0000000647	        0.1000000000	        0.0010000000	        0.0666666667	        0.1000000000	        0.0010000000
        0.0066019743	        0.0744917308	        0.9807490818	        3.0828466438	       -0.0000001499	        0.0004432844	        0.0000000541	        0.0000000602	        0.0000001481	        0.1000000000	        0.0010000000	        0.0666666667	        0.1000000000	        0.0010000000
        0.0080834821	        0.0911457630	        0.9772109358	        2.5521244856	       -0.0000001534	        0.0003913710	        0.0000001213	        0.0000001347	        0.0000003130	        0.1000000000	        0.0010000000	        0.0666666667	        0.1000000000	        0.0010000000
        0.0097532660	        0.1098840054	        0.9734469694	        2.0626967222	       -0.0000001566	        0.0003438953	        0.0000002559	        0.0000002844	        0.0000006240	        0.1000000000	        0.0010000000	        0.0666666667	        0.1000000000	        0.0010000000
        0.0116348733	        0.1309528663	        0.9694360901	        1.6250691770	       -0.0000001602	        0.0003016413	        0.0000005156	        0.0000005729	        0.0000011907	        0.1000000000	        0.0010000000	        0.0666666667	        0.1000000000	        0.0010000000
        0.0137546927	        0.1546193790	        0.9651497074	        1.2434807508	       -0.0000001649	        0.0002645825	        0.0000010004	        0.0000011116	        0.0000021963	        0.1000000000	        0.0010000000	        0.0666666667	        0.1000000000	        0.0010000000
        0.0161422702	        0.1811662134	        0.9605507694	        0.9220716066	       -0.0000001710	        0.0002331078	        0.0000018820	        0.0000020911	        0.0000039455	        0.1000000000	        0.0010000000	        0.0666666667	        0.1000000000	        0.0010000000
        0.0188306506	        0.2108802556	        0.9555942514	        0.6593018622	       -0.0000001779	        0.0002075465	        0.0000034482	        0.0000038313	        0.0000069360	        0.1000000000	        0.0010000000	        0.0666666667	        0.1000000000	        0.0010000000
        0.0218567475	        0.2440300019	        0.9502289897	        0.4510334759	       -0.0000001855	        0.0001878586	        0.0000061731	        0.0000068589	        0.0000119638	        0.1000000000	        0.0010000000	        0.0666666667	        0.1000000000	        0.0010000000
        0.0252617393	        0.2808247947	        0.9444020392	        0.2926278377	       -0.0000001941	        0.0001735994	        0.0000108210	        0.0000120234	        0.0000202564	        0.1000000000	        0.0010000000	        0.0666666667	        0.1000000000	        0.0010000000
        0.0290914903	        0.3213476030	        0.9380673906	        0.1767973666	       -0.0000002039	        0.0001642739	        0.0000185944	        0.0000206604	        0.0000336036	        0.1000000000	        0.0010000000	        0.0666666667	        0.1000000000	        0.0010000000
        0.0333969940	        0.3654562649	        0.9311994080	        0.0939136671	       -0.0000002145	        0.0001593987	        0.0000313293	        0.0000348103	        0.0000543986	        0.1000000000	        0.0010000000	        0.0666666667	        0.1000000000	        0.0010000000
        0.0382348325	        0.4126628302	        0.9238099686	        0.0358220894	       -0.0000002260	        0.0001585438	        0.0000517277	        0.0000574752	        0.0000854239	        0.1000000000	        0.0010000000	        0.0666666667	        0.1000000000	        0.0010000000
        0.0436676462	        0.4620333585	        0.9159670115	       -0.0050936565	       -0.0000002393	        0.0001614128	        0.0000835777	        0.0000928641	        0.0001291819	        0.1000000000	        0.0010000000	        0.0666666667	        0.1000000000	        0.0010000000
        0.0497646022	        0.5121910088	        0.9078047137	       -0.0350330381	       -0.0000002549	        0.0001679434	        0.0001318545	        0.0001465050	        0.0001867611	        0.1000000000	        0.0010000000	        0.0666666667	        0.1000000000	        0.0010000000
        0.0566018496	        0.5615049574	        0.8995126955	       -0.0583260152	       -0.0000002724	        0.0001782809	        0.0002025298	        0.0002250332	        0.0002567154	        0.1000000000	        0.0010000000	        0.0666666667	        0.1000000000	        0.0010000000
        0.0642629411	        0.6084475061	        0.8912983905	       -0.0776740970	       -0.0000002908	        0.0001927567	        0.0003019345	        0.0003354827	        0.0003348976	        0.1000000000	        0.0010000000	        0.0666666667	        0.1000000000	        0.0010000000
        0.0728392004	        0.6519490537	        0.8833353797	       -0.0943449614	       -0.0000003108	        0.0002118413	        0.0004357010	        0.0004841122	        0.0004157880	        0.1000000000	        0.0010000000	        0.0666666667	        0.1000000000	        0.0010000000
        0.0824300053	        0.6915538803	        0.8757249214	       -0.1085923069	       -0.0000003313	        0.0002360190	        0.0006075741	        0.0006750824	        0.0004945658	        0.1000000000	        0.0010000000	        0.0666666667	        0.1000000000	        0.0010000000
        0.0931429507	        0.7273375822	        0.8684881201	       -0.1202819855	       -0.0000003544	        0.0002657757	        0.0008185022	        0.0009094469	        0.0005684835	        0.1000000000	        0.0010000000	        0.0666666667	        0.1000000000	        0.0010000000
        0.1050938490	        0.7597036129	        0.8615830248	       -0.1295829166	       -0.0000003869	        0.0003013717	        0.0010663385	        0.0011848206	        0.0006369557	        0.1000000000	        0.0010000000	        0.0666666667	        0.1000000000	        0.0010000000
        0.1184065179	        0.7891885940	        0.8549293930	       -0.1366891607	       -0.0000004223	        0.0003429757	        0.0013462428	        0.0014958253	        0.0007008550	        0.1000000000	        0.0010000000	        0.0666666667	        0.1000000000	        0.0010000000
        0.1332122955	        0.8163334547	        0.8484294560	       -0.1412806903	       -0.0000004630	        0.0003902700	        0.0016515954	        0.0018351060	        0.0007616484	        0.1000000000	        0.0010000000	        0.0666666667	        0.1000000000	        0.0010000000
        0.1496492201	        0.8416185281	        0.8419818358	       -0.1426053789	       -0.0000005122	        0.0004428173	        0.0019750684	        0.0021945205	        0.0008207004	        0.1000000000	        0.0010000000	        0.0666666667	        0.1000000000	        0.0010000000
        0.1678608015	        0.8654406505	        0.8354898820	       -0.1406097324	       -0.0000005885	        0.0004997113	        0.0023095129	        0.0025661254	        0.0008789315	        0.1000000000	        0.0010000000	        0.0666666667	        0.1000000000	        0.0010000000
        0.1879943127	        0.8881122013	        0.8288650985	       -0.1344388265	       -0.0000007093	        0.0005597479	        0.0026484827	        0.0029427586	        0.0009366088	        0.1000000000	        0.0010000000	        0.0666666667	        0.1000000000	        0.0010000000
        0.2101985296	        0.9098693418	        0.8220305874	       -0.1242841863	       -0.0000008551	        0.0006216366	        0.0029863939	        0.0033182155	        0.0009932783	        0.1000000000	        0.0010000000	        0.0666666667	        0.1000000000	        0.0010000000
        0.2346208557	        0.9308827613	        0.8149223977	       -0.1119833237	       -0.0000009774	        0.0006839553	        0.0033184263	        0.0036871404	        0.0010481819	        0.1000000000	        0.0010000000	        0.0666666667	        0.1000000000	        0.0010000000
        0.2614037844	        0.9512679021	        0.8074870920	       -0.1012580764	       -0.0000010827	        0.0007452998	        0.0036403029	        0.0040447810	        0.0011011048	        0.1000000000	        0.0010000000	        0.0666666667	        0.1000000000	        0.0010000000
        0.2906806794	        0.9710935592	        0.7996728744	       -0.0934027647	       -0.0000011756	        0.0008042928	        0.0039480538	        0.0043867265	        0.0011526722	        0.1000000000	        0.0010000000	        0.0666666667	        0.1000000000	        0.0010000000
        0.3225708876	        0.9903886450	        0.7914243020	       -0.0849387802	       -0.0000012310	        0.0008597499	        0.0042378309	        0.0047087010	        0.0012030462	        0.1000000000	        0.0010000000	        0.0666666667	        0.1000000000	        0.0010000000
        0.3571742551	        1.0091472921	        0.7826916699	       -0.0759530565	       -0.0000012687	        0.0009110949	        0.0045058010	        0.0050064455	        0.0012515498	        0.1000000000	        0.0010000000	        0.0666666667	        0.1000000000	        0.0010000000
        0.3945651751	        1.0273325949	        0.7734315997	       -0.0620231564	       -0.0000012550	        0.0009579544	        0.0047481266	        0.0052756963	        0.0012960248	        0.1000000000	        0.0010000000	        0.0666666667	        0.1000000000	        0.0010000000
        0.4347863703	        1.0448793115	        0.7636275662	       -0.0449625891	       -0.0000012358	        0.0009998394	        0.0049610285	        0.0055122539	        0.0013331312	        0.1000000000	        0.0010000000	        0.0666666667	        0.1000000000	        0.0010000000
        0.4778426900	        1.0616958270	        0.7532897623	       -0.0362575537	       -0.0000012975	        0.0010365716	        0.0051409207	        0.0057121341	        0.0013634038	        0.1000000000	        0.0010000000	        0.0666666667	        0.1000000000	        0.0010000000
        0.5236952751	        1.0776656411	        0.7424013374	       -0.0328042277	       -0.0000015305	        0.0010684160	        0.0052846112	        0.0058717902	        0.0013903899	        0.1000000000	        0.0010000000	        0.0666666667	        0.1000000000	        0.0010000000
        0.5722565058	        1.0926486176	        0.7309244331	       -0.0279874100	       -0.0000018465	        0.0010962819	        0.0053895597	        0.0059883997	        0.0014148594	        0.1000000000	        0.0010000000	        0.0666666667	        0.1000000000	        0.0010000000
        0.6233861842	        1.1064822186	        0.7188345190	       -0.0267408592	       -0.0000022018	        0.0011212735	        0.0054541894	        0.0060602105	        0.0014373454	        0.1000000000	        0.0010000000	        0.0666666667	        0.1000000000	        0.0010000000
        0.6768894010	        1.1189829748	        0.7060902755	       -0.0334836889	       -0.0000024238	        0.0011450567	        0.0054782546	        0.0060869495	        0.0014622902	        0.1000000000	        0.0010000000	        0.0666666667	        0.1000000000	        0.0010000000
        0.7325164896	        1.1299485393	        0.6925955962	       -0.0437189619	       -0.0000023436	        0.0011695795	        0.0054632762	        0.0060703069	        0.0014945051	        0.1000000000	        0.0010000000	        0.0666666667	        0.1000000000	        0.0010000000
        0.7899653716	        1.1391609004	        0.6782242122	       -0.0486839087	       -0.0000021525	        0.0011964353	        0.0054130782	        0.0060145313	        0.0015333484	        0.1000000000	        0.0010000000	        0.0666666667	        0.1000000000	        0.0010000000
        0.8488864424	        1.1463917809	        0.6628966061	       -0.0522249588	       -0.0000017777	        0.0012269267	        0.0053345120	        0.0059272355	        0.0015759422	        0.1000000000	        0.0010000000	        0.0666666667	        0.1000000000	        0.0010000000
        0.9088899606	        1.1514120447	        0.6465682843	       -0.0537313899	       -0.0000012769	        0.0012634718	        0.0052386966	        0.0058207740	        0.0016203715	        0.1000000000	        0.0010000000	        0.0666666667	        0.1000000000	        0.0010000000
        0.9695556872	        1.1540080798	        0.6292649201	       -0.0490269094	       -0.0000009195	        0.0013085072	        0.0051450769	        0.0057167521	        0.0016581240	        0.1000000000	        0.0010000000	        0.0666666667	        0.1000000000	        0.0010000000
        1.0304443128	        1.1540080798	        0.6112688318	       -0.0459383272	       -0.0000008199	        0.0013639450	        0.0051450769	        0.0057167521	        0.0017015431	        0.1000000000	        0.0010000000	        0.0666666667	        0.1000000000	        0.0010000000
        1.0911100394	        1.1514120447	        0.5930411259	       -0.0581364194	       -0.0000007335	        0.0014306622	        0.0052386966	        0.0058207740	        0.0017586800	        0.1000000000	        0.0010000000	        0.0666666667	        0.1000000000	        0.0010000000
        1.1511135576	        1.1463917809	        0.5747664780	       -0.0720779306	       -0.0000004167	        0.0015073063	        0.0053345120	        0.0059272355	        0.0018217292	        0.1000000000	        0.0010000000	        0.0666666667	        0.1000000000	        0.0010000000
        1.2100346284	        1.1391609004	        0.5564480774	       -0.0847351431	       -0.0000000178	        0.0015914766	        0.0054130782	        0.0060145313	        0.0018945877	        0.1000000000	        0.0010000000	        0.0666666667	        0.1000000000	        0.0010000000
        1.2674835104	        1.1299485393	        0.5380707465	       -0.1046017818	        0.0000003777	        0.0016785447	        0.0054632762	        0.0060703069	        0.0019787911	        0.1000000000	        0.0010000000	        0.0666666667	        0.1000000000	        0.0010000000
        1.3231105990	        1.1189829748	        0.5195521732	       -0.1126162435	        0.0000005146	        0.0017644540	        0.0054782546	        0.0060869495	        0.0020712218	        0.1000000000	        0.0010000000	        0.0666666667	        0.1000000000	        0.0010000000
        1.3766138158	        1.1064822186	        0.5009053267	       -0.0996142430	        0.0000005070	        0.0018445266	        0.0054541894	        0.0060602105	        0.0021571901	        0.1000000000	        0.0010000000	        0.0666666667	        0.1000000000	        0.0010000000
        1.4277434942	        1.0926486176	        0.4822806877	       -0.0943779076	        0.0000005382	        0.0019138534	        0.0053895597	        0.0059883997	        0.0022306792	        0.1000000000	        0.0010000000	        0.0666666667	        0.1000000000	        0.0010000000
        1.4763047249	        1.0776656411	        0.4637496817	       -0.0939173127	        0.0000006972	        0.0019684069	        0.0052846112	        0.0058717902	        0.0022965925	        0.1000000000	        0.0010000000	        0.0666666667	        0.1000000000	        0.0010000000
        1.5221573100	        1.0616958270	        0.4453384970	       -0.0747362963	        0.0000006210	        0.0020079178	        0.0051409207	        0.0057121341	        0.0023503302	        0.1000000000	        0.0010000000	        0.0666666667	        0.1000000000	        0.0010000000
        1.5652136297	        1.0448793115	        0.4271584329	       -0.0358928516	        0.0000003677	        0.0020316420	        0.0049610285	        0.0055122539	        0.0023799596	        0.1000000000	        0.0010000000	        0.0666666667	        0.1000000000	        0.0010000000
        1.6054348249	        1.0273325949	        0.4093804777	        0.0112143683	        0.0000000804	        0.0020385372	        0.0047481266	        0.0052756963	        0.0023791992	        0.1000000000	        0.0010000000	        0.0666666667	        0.1000000000	        0.0010000000
        1.6428257449	        1.0091472921	        0.3921611849	        0.0548185007	       -0.0000001310	        0.0020275939	        0.0045058010	        0.0050064455	        0.0023502306	        0.1000000000	        0.0010000000	        0.0666666667	        0.1000000000	        0.0010000000
        1.6774291124	        0.9903886450	        0.3755927699	        0.0936434979	       -0.0000003214	        0.0019985005	        0.0042378309	        0.0047087010	        0.0022990311	        0.1000000000	        0.0010000000	        0.0666666667	        0.1000000000	        0.0010000000
        1.7093193206	        0.9710935592	        0.3597099638	        0.1306471633	       -0.0000005566	        0.0019516707	        0.0039480538	        0.0043867265	        0.0022304995	        0.1000000000	        0.0010000000	        0.0666666667	        0.1000000000	        0.0010000000
        1.7385962156	        0.9512679021	        0.3445101732	        0.1702904818	       -0.0000007587	        0.0018875169	        0.0036403029	        0.0040447810	        0.0021472439	        0.1000000000	        0.0010000000	        0.0666666667	        0.1000000000	        0.0010000000
        1.7653791443	        0.9308827613	        0.3299721539	        0.2107214098	       -0.0000007223	        0.0018076762	        0.0033184263	        0.0036871404	        0.0020509987	        0.1000000000	        0.0010000000	        0.0666666667	        0.1000000000	        0.0010000000
        1.7898014704	        0.9098693418	        0.3160526205	        0.2508455786	       -0.0000005712	        0.0017138319	        0.0029863939	        0.0033182155	        0.0019438314	        0.1000000000	        0.0010000000	        0.0666666667	        0.1000000000	        0.0010000000
        1.8120056873	        0.8881122013	        0.3026864880	        0.2883519465	       -0.0000003809	        0.0016088984	        0.0026484827	        0.0029427586	        0.0018279054	        0.1000000000	        0.0010000000	        0.0666666667	        0.1000000000	        0.0010000000
        1.8321391985	        0.8654406505	        0.2897851778	        0.3253735933	       -0.0000001760	        0.0014961742	        0.0023095129	        0.0025661254	        0.0017047849	        0.1000000000	        0.0010000000	        0.0666666667	        0.1000000000	        0.0010000000
        1.8503507799	        0.8416185281	        0.2772451244	        0.3629222701	       -0.0000000330	        0.0013801087	        0.0019750684	        0.0021945205	        0.0015749717	        0.1000000000	        0.0010000000	        0.0666666667	        0.1000000000	        0.0010000000
        1.8667877045	        0.8163334547	        0.2649533846	        0.3972056720	        0.0000000737	        0.0012649297	        0.0016515954	        0.0018351060	        0.0014387958	        0.1000000000	        0.0010000000	        0.0666666667	        0.1000000000	        0.0010000000
        1.8815934821	        0.7891885940	        0.2527864754	        0.4220350137	        0.0000001462	        0.0011544919	        0.0013462428	        0.0014958253	        0.0012970654	        0.1000000000	        0.0010000000	        0.0666666667	        0.1000000000	        0.0010000000
        1.8949061510	        0.7597036129	        0.2406102052	        0.4314024535	        0.0000001900	        0.0010520163	        0.0010663385	        0.0011848206	        0.0011509432	        0.1000000000	        0.0010000000	        0.0666666667	        0.1000000000	        0.0010000000
        1.9068570493	        0.7273375822	        0.2282866173	        0.4217911356	        0.0000002093	        0.0009593959	        0.0008185022	        0.0009094469	        0.0010016315	        0.1000000000	        0.0010000000	        0.0666666667	        0.1000000000	        0.0010000000
        1.9175699947	        0.6915538803	        0.2156930876	        0.3914517050	        0.0000002027	        0.0008795313	        0.0006075741	        0.0006750824	        0.0008505470	        0.1000000000	        0.0010000000	        0.0666666667	        0.1000000000	        0.0010000000
        1.9271607996	        0.6519490537	        0.2027525192	        0.3388982754	        0.0000001822	        0.0008132437	        0.0004357010	        0.0004841122	        0.0007001965	        0.1000000000	        0.0010000000	        0.0666666667	        0.1000000000	        0.0010000000
        1.9357370589	        0.6084475061	        0.1894670092	        0.2622080100	        0.0000001533	        0.0007609872	        0.0003019345	        0.0003354827	        0.0005550903	        0.1000000000	        0.0010000000	        0.0666666667	        0.1000000000	        0.0010000000
        1.9433981504	        0.5615049574	        0.1759387354	        0.1590090884	        0.0000001274	        0.0007237294	        0.0002025298	        0.0002250332	        0.0004216057	        0.1000000000	        0.0010000000	        0.0666666667	        0.1000000000	        0.0010000000
        1.9502353978	        0.5121910088	        0.1623585433	        0.0267882486	        0.0000001021	        0.0007009123	        0.0001318545	        0.0001465050	        0.0003062360	        0.1000000000	        0.0010000000	        0.0666666667	        0.1000000000	        0.0010000000
        1.9563323538	        0.4620333585	        0.1489582505	       -0.1367044758	        0.0000000760	        0.0006923849	        0.0000835777	        0.0000928641	        0.0002131477	        0.1000000000	        0.0010000000	        0.0666666667	        0.1000000000	        0.0010000000
        1.9617651675	        0.4126628302	        0.1359501768	       -0.3329632543	        0.0000000516	        0.0006977002	        0.0000517277	        0.0000574752	        0.0001428469	        0.1000000000	        0.0010000000	        0.0666666667	        0.1000000000	        0.0010000000
        1.9666030060	        0.3654562649	        0.1234864434	       -0.5623261226	        0.0000000299	        0.0007158308	        0.0000313293	        0.0000348103	        0.0000927131	        0.1000000000	        0.0010000000	        0.0666666667	        0.1000000000	        0.0010000000
        1.9709085097	        0.3213476030	        0.1116508277	       -0.8235828407	        0.0000000111	        0.0007455580	        0.0000185944	        0.0000206604	        0.0000585736	        0.1000000000	        0.0010000000	        0.0666666667	        0.1000000000	        0.0010000000
        1.9747382607	        0.2808247947	        0.1004732362	       -1.1139621460	       -0.0000000043	        0.0007856671	        0.0000108210	        0.0000120234	        0.0000361438	        0.1000000000	        0.0010000000	        0.0666666667	        0.1000000000	        0.0010000000
        1.9781432525	        0.2440300019	        0.0899506710	       -1.4298775471	       -0.0000000153	        0.0008351617	        0.0000061731	        0.0000068589	        0.0000218157	        0.1000000000	        0.0010000000	        0.0666666667	        0.1000000000	        0.0010000000
        1.9811693494	        0.2108802556	        0.0800644367	       -1.7661841898	       -0.0000000234	        0.0008921460	        0.0000034482	        0.0000038313	        0.0000128748	        0.1000000000	        0.0010000000	        0.0666666667	        0.1000000000	        0.0010000000
        1.9838577298	        0.1811662134	        0.0707911324	       -2.1169544343	       -0.0000000309	        0.0009540880	        0.0000018820	        0.0000020911	        0.0000074143	        0.1000000000	        0.0010000000	        0.0666666667	        0.1000000000	        0.0010000000
        1.9862453073	        0.1546193790	        0.0621080145	       -2.4767946630	       -0.0000000373	        0.0010195393	        0.0000010004	        0.0000011116	        0.0000041519	        0.1000000000	        0.0010000000	        0.0666666667	        0.1000000000	        0.0010000000
        1.9883651267	        0.1309528663	        0.0539945327	       -2.8408326492	       -0.0000000406	        0.0010876424	        0.0000005156	        0.0000005729	        0.0000022495	        0.1000000000	        0.0010000000	        0.0666666667	        0.1000000000	        0.0010000000
        1.9902467340	        0.1098840054	        0.0464319924	       -3.2032606693	       -0.0000000407	        0.0011570637	        0.0000002559	        0.0000002844	        0.0000011712	        0.1000000000	        0.0010000000	        0.0666666667	        0.1000000000	        0.0010000000
        1.9919165179	        0.0911457630	        0.0394026998	       -3.5581017379	       -0.0000000395	        0.0012262246	        0.0000001213	        0.0000001347	        0.0000005805	        0.1000000000	        0.0010000000	        0.0666666667	        0.1000000000	        0.0010000000
        1.9933980257	        0.0744917308	        0.0328890032	       -3.9005916244	       -0.0000000379	        0.0012938481	        0.0000000541	        0.0000000602	        0.0000002703	        0.1000000000	        0.0010000000	        0.0666666667	        0.1000000000	        0.0010000000
        1.9947122508	        0.0596976092	        0.0268724395	       -4.2272316392	       -0.0000000367	        0.0013589818	        0.0000000223	        0.0000000248	        0.0000001159	        0.1000000000	        0.0010000000	        0.0666666667	        0.1000000000	        0.0010000000
        1.9958778967	        0.0465608776	        0.0213331808	       -4.5356343270	       -0.0000000361	        0.0014209529	        0.0000000083	        0.0000000092	        0.0000000445	        0.1000000000	        0.0010000000	        0.0666666667	        0.1000000000	        0.0010000000
        1.9969116151	        0.0348995893	        0.0162498154	       -4.8243460366	       -0.0000000362	        0.0014793208	        0.0000000026	        0.0000000029	        0.0000000145	        0.1000000000	        0.0010000000	        0.0666666667	        0.1000000000	        0.0010000000
        1.9978282231	        0.0245507994	        0.0115994104	       -5.0926702718	       -0.0000000370	        0.0015338321	        0.0000000006	        0.0000000007	        0.0000000037	        0.1000000000	        0.0010000000	        0.0666666667	        0.1000000000	        0.0010000000
        1.9986408981	        0.0153688860	        0.0073577716	       -5.3405048285	       -0.0000000382	        0.0015843807	        0.0000000001	        0.0000000001	        0.0000000006	        0.1000000000	        0.0010000000	        0.0666666667	        0.1000000000	        0.0010000000
        1.9993613540	        0.0072238993	        0.0034998173	       -5.5681988389	       -0.0000000399	        0.0016309729	        0.0000000000	        0.0000000000	        0.0000000000	        0.1000000000	        0.0010000000	        0.0666666667	        0.1000000000	        0.0010000000
        2.0000000000	        0.0000000000	        0.0000000000	       -5.7764316435	       -0.0000000419	        0.0016736979	        0.0000000000	        0.0000000000	        0.0000000000	        0.0000000000	        0.0010000000	        0.0000000000	        0.1000000000	        0.0010000000
