        0.0000000000	        0.0000000000	        1.0000000000	        6.9495858012	       30.1630057611	        0.0010992882	        0.0000000000	        0.0000000000	        0.0000000000	        0.0000000000	        0.0010000000	        0.0000000000	        0.1000000000	        0.0010000000
        0.0006386460	        0.0072238993	        0.9978612364	        6.4501859320	       30.1484984921	        0.0010319476	        0.0000000000	        0.0000000000	        0.0000000000	        0.1000000000	        0.0010000000	        0.0666666667	        0.1000000000	        0.0010000000
        0.0013591019	        0.0153688860	        0.9955532903	        5.9229948323	       30.1325126020	        0.0009611015	        0.0000000001	        0.0000000001	        0.0000000003	        0.1000000000	        0.0010000000	        0.0666666667	        0.1000000000	        0.0010000000
        0.0021717769	        0.0245507994	        0.9930724015	        5.3724063584	       30.1149307036	        0.0008874070	        0.0000000006	        0.0000000007	        0.0000000021	        0.1000000000	        0.0010000000	        0.0666666667	        0.1000000000	        0.0010000000
        0.0030883849	        0.0348995893	        0.9904155987	        4.8046803171	       30.0956256332	        0.0008117762	        0.0000000026	        0.0000000029	        0.0000000082	        0.1000000000	        0.0010000000	        0.0666666667	        0.1000000000	        0.0010000000
        0.0041221033	        0.0465608776	        0.9875802004	        4.2281582222	       30.0744543417	        0.0007353980	        0.0000000083	        0.0000000092	        0.0000000245	        0.1000000000	        0.0010000000	        0.0666666667	        0.1000000000	        0.0010000000
        0.0052877492	        0.0596976092	        0.9845629973	        3.6533379346	       30.0512469820	        0.0006597360	        0.0000000223	        0.0000000248	        0.0000000624	        0.1000000000	        0.0010000000	        0.0666666667	        0.1000000000	        0.0010000000
        0.0066019743	        0.0744917308	        0.9813590973	        3.0926746499	       30.0257883466	        0.0005864799	        0.0000000541	        0.0000000602	        0.0000001424	        0.1000000000	        0.0010000000	        0.0666666667	        0.1000000000	        0.0010000000
        0.0080834821	        0.0911457630	        0.9779604860	        2.5598993021	       29.9977873673	        0.0005174197	        0.0000001213	        0.0000001347	        0.0000003002	        0.1000000000	        0.0010000000	        0.0666666667	        0.1000000000	        0.0010000000
        0.0097532660	        0.1098840054	        0.9743544551	        2.0685318245	       29.9668282869	        0.0004541904	        0.0000002559	        0.0000002844	        0.0000005970	        0.1000000000	        0.0010000000	        0.0666666667	        0.1000000000	        0.0010000000
        0.0116348733	        0.1309528663	        0.9705221418	        1.6290993251	       29.9322940559	        0.0003978132	        0.0000005156	        0.0000005729	        0.0000011361	        0.1000000000	        0.0010000000	        0.0666666667	        0.1000000000	        0.0010000000
        0.0137546927	        0.1546193790	        0.9664373601	        1.2458327624	       29.8933336822	        0.0003482258	        0.0000010004	        0.0000011116	        0.0000020904	        0.1000000000	        0.0010000000	        0.0666666667	        0.1000000000	        0.0010000000
        0.0161422702	        0.1811662134	        0.9620655907	        0.9228799604	       29.8494848101	        0.0003059029	        0.0000018820	        0.0000020911	        0.0000037463	        0.1000000000	        0.0010000000	        0.0666666667	        0.1000000000	        0.0010000000
        0.0188306506	        0.2108802556	        0.9573643768	        0.6587126465	       29.8007387718	        0.0002712208	        0.0000034482	        0.0000038313	        0.0000065724	        0.1000000000	        0.0010000000	        0.0666666667	        0.1000000000	        0.0010000000
        0.0218567475	        0.2440300019	        0.9522849829	        0.4491873779	       29.7468730468	        0.0002440533	        0.0000061731	        0.0000068589	        0.0000113178	        0.1000000000	        0.0010000000	        0.0666666667	        0.1000000000	        0.0010000000
        0.0252617393	        0.2808247947	        0.9467764431	        0.2896393152	       29.6871583847	        0.0002237248	        0.0000108210	        0.0000120234	        0.0000191398	        0.1000000000	        0.0010000000	        0.0666666667	        0.1000000000	        0.0010000000
        0.0290914903	        0.3213476030	        0.9407937616	        0.1727776605	       29.6209490779	        0.0002094490	        0.0000185944	        0.0000206604	        0.0000317283	        0.1000000000	        0.0010000000	        0.0666666667	        0.1000000000	        0.0010000000
        0.0333969940	        0.3654562649	        0.9343105900	        0.0889887993	       29.5477214246	        0.0002004113	        0.0000313293	        0.0000348103	        0.0000513498	        0.1000000000	        0.0010000000	        0.0666666667	        0.1000000000	        0.0010000000
        0.0382348325	        0.4126628302	        0.9273354064	        0.0300807209	       29.4668096613	        0.0001958705	        0.0000517277	        0.0000574752	        0.0000806519	        0.1000000000	        0.0010000000	        0.0666666667	        0.1000000000	        0.0010000000
        0.0436676462	        0.4620333585	        0.9199291078	       -0.0115861227	       29.3772947395	        0.0001951844	        0.0000835777	        0.0000928641	        0.0001220415	        0.1000000000	        0.0010000000	        0.0666666667	        0.1000000000	        0.0010000000
        0.0497646022	        0.5121910088	        0.9122148323	       -0.0422154113	       29.2789850453	        0.0001979709	        0.0001318545	        0.0001465050	        0.0001766211	        0.1000000000	        0.0010000000	        0.0666666667	        0.1000000000	        0.0010000000
        0.0566018496	        0.5615049574	        0.9043681580	       -0.0661450429	       29.1710555716	        0.0002041300	        0.0002025298	        0.0002250332	        0.0002431300	        0.1000000000	        0.0010000000	        0.0666666667	        0.1000000000	        0.0010000000
        0.0642629411	        0.6084475061	        0.8965820239	       -0.0860920568	       29.0510736797	        0.0002137635	        0.0003019345	        0.0003354827	        0.0003177699	        0.1000000000	        0.0010000000	        0.0666666667	        0.1000000000	        0.0010000000
        0.0728392004	        0.6519490537	        0.8890182010	       -0.1034170397	       28.9191895575	        0.0002271498	        0.0004357010	        0.0004841122	        0.0003954383	        0.1000000000	        0.0010000000	        0.0666666667	        0.1000000000	        0.0010000000
        0.0824300053	        0.6915538803	        0.8817707587	       -0.1185366680	       28.7740416729	        0.0002446735	        0.0006075741	        0.0006750824	        0.0004716776	        0.1000000000	        0.0010000000	        0.0666666667	        0.1000000000	        0.0010000000
        0.0931429507	        0.7273375822	        0.8748580647	       -0.1312836283	       28.6144829494	        0.0002667108	        0.0008185022	        0.0009094469	        0.0005439762	        0.1000000000	        0.0010000000	        0.0666666667	        0.1000000000	        0.0010000000
        0.1050938490	        0.7597036129	        0.8682385189	       -0.1412660546	       28.4371399264	        0.0002935079	        0.0010663385	        0.0011848206	        0.0006118213	        0.1000000000	        0.0010000000	        0.0666666667	        0.1000000000	        0.0010000000
        0.1184065179	        0.7891885940	        0.8618343668	       -0.1481505858	       28.2426830536	        0.0003252483	        0.0013462428	        0.0014958253	        0.0006759742	        0.1000000000	        0.0010000000	        0.0666666667	        0.1000000000	        0.0010000000
        0.1332122955	        0.8163334547	        0.8555519094	       -0.1517082085	       28.0284940882	        0.0003617626	        0.0016515954	        0.0018351060	        0.0007376606	        0.1000000000	        0.0010000000	        0.0666666667	        0.1000000000	        0.0010000000
        0.1496492201	        0.8416185281	        0.8492945882	       -0.1518722360	       27.7925897278	        0.0004028212	        0.0019750684	        0.0021945205	        0.0007980152	        0.1000000000	        0.0010000000	        0.0666666667	        0.1000000000	        0.0010000000
        0.1678608015	        0.8654406505	        0.8429700019	       -0.1486558984	       27.5341611459	        0.0004478534	        0.0023095129	        0.0025661254	        0.0008577946	        0.1000000000	        0.0010000000	        0.0666666667	        0.1000000000	        0.0010000000
        0.1879943127	        0.8881122013	        0.8364932880	       -0.1424280223	       27.2508513407	        0.0004960495	        0.0026484827	        0.0029427586	        0.0009173003	        0.1000000000	        0.0010000000	        0.0666666667	        0.1000000000	        0.0010000000
        0.2101985296	        0.9098693418	        0.8297881754	       -0.1339224538	       26.9410764428	        0.0005465090	        0.0029863939	        0.0033182155	        0.0009764665	        0.1000000000	        0.0010000000	        0.0666666667	        0.1000000000	        0.0010000000
        0.2346208557	        0.9308827613	        0.8227865752	       -0.1236632945	       26.6038045457	        0.0005982477	        0.0033184263	        0.0036871404	        0.0010349457	        0.1000000000	        0.0010000000	        0.0666666667	        0.1000000000	        0.0010000000
        0.2614037844	        0.9512679021	        0.8154283317	       -0.1123544433	       26.2363599057	        0.0006502058	        0.0036403029	        0.0040447810	        0.0010921974	        0.1000000000	        0.0010000000	        0.0666666667	        0.1000000000	        0.0010000000
        0.2906806794	        0.9710935592	        0.8076604137	       -0.1005898197	       25.8383624894	        0.0007014167	        0.0039480538	        0.0043867265	        0.0011476043	        0.1000000000	        0.0010000000	        0.0666666667	        0.1000000000	        0.0010000000
        0.3225708876	        0.9903886450	        0.7994361639	       -0.0887076595	       25.4071686017	        0.0007509641	        0.0042378309	        0.0047087010	        0.0012005027	        0.1000000000	        0.0010000000	        0.0666666667	        0.1000000000	        0.0010000000
        0.3571742551	        1.0091472921	        0.7907151116	       -0.0771268724	       24.9433344209	        0.0007979368	        0.0045058010	        0.0050064455	        0.0012502376	        0.1000000000	        0.0010000000	        0.0666666667	        0.1000000000	        0.0010000000
        0.3945651751	        1.0273325949	        0.7814623270	       -0.0662424814	       24.4449556290	        0.0008417824	        0.0047481266	        0.0052756963	        0.0012962671	        0.1000000000	        0.0010000000	        0.0666666667	        0.1000000000	        0.0010000000
        0.4347863703	        1.0448793115	        0.7716474437	       -0.0557729102	       23.9129297516	        0.0008819342	        0.0049610285	        0.0055122539	        0.0013380383	        0.1000000000	        0.0010000000	        0.0666666667	        0.1000000000	        0.0010000000
        0.4778426900	        1.0616958270	        0.7612463510	       -0.0462534565	       23.3462149302	        0.0009179344	        0.0051409207	        0.0057121341	        0.0013750923	        0.1000000000	        0.0010000000	        0.0666666667	        0.1000000000	        0.0010000000
        0.5236952751	        1.0776656411	        0.7502392417	       -0.0381483009	       22.7446129743	        0.0009497813	        0.0052846112	        0.0058717902	        0.0014073614	        0.1000000000	        0.0010000000	        0.0666666667	        0.1000000000	        0.0010000000
        0.5722565058	        1.0926486176	        0.7386080232	       -0.0320327561	       22.1102982080	        0.0009777782	        0.0053895597	        0.0059883997	        0.0014352974	        0.1000000000	        0.0010000000	        0.0666666667	        0.1000000000	        0.0010000000
        0.6233861842	        1.1064822186	        0.7263319939	       -0.0277897191	       21.4454032100	        0.0010027738	        0.0054541894	        0.0060602105	        0.0014597305	        0.1000000000	        0.0010000000	        0.0666666667	        0.1000000000	        0.0010000000
        0.6768894010	        1.1189829748	        0.7133871013	       -0.0253700877	       20.7519871997	        0.0010258982	        0.0054782546	        0.0060869495	        0.0014816590	        0.1000000000	        0.0010000000	        0.0666666667	        0.1000000000	        0.0010000000
        0.7325164896	        1.1299485393	        0.6997455237	       -0.0253253990	       20.0325668278	        0.0010488013	        0.0054632762	        0.0060703069	        0.0015025083	        0.1000000000	        0.0010000000	        0.0666666667	        0.1000000000	        0.0010000000
        0.7899653716	        1.1391609004	        0.6853718132	       -0.0285266187	       19.2922110404	        0.0010738862	        0.0054130782	        0.0060145313	        0.0015245184	        0.1000000000	        0.0010000000	        0.0666666667	        0.1000000000	        0.0010000000
        0.8488864424	        1.1463917809	        0.6702175587	       -0.0349002835	       18.5354979544	        0.0011042837	        0.0053345120	        0.0059272355	        0.0015504395	        0.1000000000	        0.0010000000	        0.0666666667	        0.1000000000	        0.0010000000
        0.9088899606	        1.1514120447	        0.6542281574	       -0.0433231251	       17.7696500808	        0.0011426086	        0.0052386966	        0.0058207740	        0.0015824292	        0.1000000000	        0.0010000000	        0.0666666667	        0.1000000000	        0.0010000000
        0.9695556872	        1.1540080798	        0.6373733843	       -0.0517774031	       16.9993944997	        0.0011899993	        0.0051450769	        0.0057167521	        0.0016169979	        0.1000000000	        0.0010000000	        0.0666666667	        0.1000000000	        0.0010000000
        1.0304443128	        1.1540080798	        0.6198042281	       -0.0599023572	       16.2334396917	        0.0012456335	        0.0051450769	        0.0057167521	        0.0016680592	        0.1000000000	        0.0010000000	        0.0666666667	        0.1000000000	        0.0010000000
        1.0911100394	        1.1514120447	        0.6018624228	       -0.0688459925	       15.4767075551	        0.0013091928	        0.0052386966	        0.0058207740	        0.0017363366	        0.1000000000	        0.0010000000	        0.0666666667	        0.1000000000	        0.0010000000
        1.1511135576	        1.1463917809	        0.5837656228	       -0.0767843937	       14.7366656790	        0.0013803878	        0.0053345120	        0.0059272355	        0.0018064006	        0.1000000000	        0.0010000000	        0.0666666667	        0.1000000000	        0.0010000000
        1.2100346284	        1.1391609004	        0.5655772804	       -0.0828492907	       14.0179141167	        0.0014574704	        0.0054130782	        0.0060145313	        0.0018805789	        0.1000000000	        0.0010000000	        0.0666666667	        0.1000000000	        0.0010000000
        1.2674835104	        1.1299485393	        0.5473412247	       -0.0888935478	       13.3271927106	        0.0015390813	        0.0054632762	        0.0060703069	        0.0019572928	        0.1000000000	        0.0010000000	        0.0666666667	        0.1000000000	        0.0010000000
        1.3231105990	        1.1189829748	        0.5290822271	       -0.0939483741	       12.6673043125	        0.0016233678	        0.0054782546	        0.0060869495	        0.0020352337	        0.1000000000	        0.0010000000	        0.0666666667	        0.1000000000	        0.0010000000
        1.3766138158	        1.1064822186	        0.5108215666	       -0.0951014741	       12.0423067861	        0.0017066584	        0.0054541894	        0.0060602105	        0.0021115579	        0.1000000000	        0.0010000000	        0.0666666667	        0.1000000000	        0.0010000000
        1.4277434942	        1.0926486176	        0.4925991659	       -0.0909367297	       11.4523093449	        0.0017846254	        0.0053895597	        0.0059883997	        0.0021819819	        0.1000000000	        0.0010000000	        0.0666666667	        0.1000000000	        0.0010000000
        1.4763047249	        1.0776656411	        0.4744770562	       -0.0816732531	       10.8999149690	        0.0018535869	        0.0052846112	        0.0058717902	        0.0022423422	        0.1000000000	        0.0010000000	        0.0666666667	        0.1000000000	        0.0010000000
        1.5221573100	        1.0616958270	        0.4565296261	       -0.0662416201	       10.3846760904	        0.0019097328	        0.0051409207	        0.0057121341	        0.0022889433	        0.1000000000	        0.0010000000	        0.0666666667	        0.1000000000	        0.0010000000
        1.5652136297	        1.0448793115	        0.4388415134	       -0.0453521803	        9.9051085916	        0.0019498320	        0.0049610285	        0.0055122539	        0.0023187802	        0.1000000000	        0.0010000000	        0.0666666667	        0.1000000000	        0.0010000000
        1.6054348249	        1.0273325949	        0.4214959450	       -0.0185251167	        9.4603067977	        0.0019714589	        0.0047481266	        0.0052756963	        0.0023297956	        0.1000000000	        0.0010000000	        0.0666666667	        0.1000000000	        0.0010000000
        1.6428257449	        1.0091472921	        0.4045709768	        0.0133729330	        9.0480124814	        0.0019733191	        0.0045058010	        0.0050064455	        0.0023208156	        0.1000000000	        0.0010000000	        0.0666666667	        0.1000000000	        0.0010000000
        1.6774291124	        0.9903886450	        0.3881311173	        0.0487659098	        8.6664766246	        0.0019563232	        0.0042378309	        0.0047087010	        0.0022919787	        0.1000000000	        0.0010000000	        0.0666666667	        0.1000000000	        0.0010000000
        1.7093193206	        0.9710935592	        0.3722193015	        0.0889885764	        8.3136302674	        0.0019211315	        0.0039480538	        0.0043867265	        0.0022439438	        0.1000000000	        0.0010000000	        0.0666666667	        0.1000000000	        0.0010000000
        1.7385962156	        0.9512679021	        0.3568611703	        0.1355502298	        7.9871907588	        0.0018678428	        0.0036403029	        0.0040447810	        0.0021770528	        0.1000000000	        0.0010000000	        0.0666666667	        0.1000000000	        0.0010000000
        1.7653791443	        0.9308827613	        0.3420686592	        0.1864986961	        7.6859260476	        0.0017976201	        0.0033184263	        0.0036871404	        0.0020920590	        0.1000000000	        0.0010000000	        0.0666666667	        0.1000000000	        0.0010000000
        1.7898014704	        0.9098693418	        0.3278339079	        0.2389259911	        7.4071735243	        0.0017125944	        0.0029863939	        0.0033182155	        0.0019907847	        0.1000000000	        0.0010000000	        0.0666666667	        0.1000000000	        0.0010000000
        1.8120056873	        0.8881122013	        0.3141239079	        0.2898449753	        7.1499723186	        0.0016166950	        0.0026484827	        0.0029427586	        0.0018758178	        0.1000000000	        0.0010000000	        0.0666666667	        0.1000000000	        0.0010000000
        1.8321391985	        0.8654406505	        0.3008779533	        0.3364932930	        6.9116949510	        0.0015133568	        0.0023095129	        0.0025661254	        0.0017500027	        0.1000000000	        0.0010000000	        0.0666666667	        0.1000000000	        0.0010000000
        1.8503507799	        0.8416185281	        0.2880077373	        0.3759393429	        6.6913456560	        0.0014069195	        0.0019750684	        0.0021945205	        0.0016160301	        0.1000000000	        0.0010000000	        0.0666666667	        0.1000000000	        0.0010000000
        1.8667877045	        0.8163334547	        0.2753988117	        0.4051705635	        6.4879103773	        0.0013016837	        0.0016515954	        0.0018351060	        0.0014761597	        0.1000000000	        0.0010000000	        0.0666666667	        0.1000000000	        0.0010000000
        1.8815934821	        0.7891885940	        0.2629139252	        0.4214046966	        6.3004992801	        0.0012014035	        0.0013462428	        0.0014958253	        0.0013320043	        0.1000000000	        0.0010000000	        0.0666666667	        0.1000000000	        0.0010000000
        1.8949061510	        0.7597036129	        0.2503999028	        0.4223236997	        6.1276418759	        0.0011092734	        0.0010663385	        0.0011848206	        0.0011844609	        0.1000000000	        0.0010000000	        0.0666666667	        0.1000000000	        0.0010000000
        1.9068570493	        0.7273375822	        0.2377005826	        0.4060355157	        5.9675741949	        0.0010274315	        0.0008185022	        0.0009094469	        0.0010339588	        0.1000000000	        0.0010000000	        0.0666666667	        0.1000000000	        0.0010000000
        1.9175699947	        0.6915538803	        0.2246785958	        0.3711245676	        5.8210178529	        0.0009588335	        0.0006075741	        0.0006750824	        0.0008811626	        0.1000000000	        0.0010000000	        0.0666666667	        0.1000000000	        0.0010000000
        1.9271607996	        0.6519490537	        0.2112473816	        0.3158299420	        5.6865745088	        0.0009044398	        0.0004357010	        0.0004841122	        0.0007281122	        0.1000000000	        0.0010000000	        0.0666666667	        0.1000000000	        0.0010000000
        1.9357370589	        0.6084475061	        0.1974069247	        0.2375542497	        5.5628733041	        0.0008648995	        0.0003019345	        0.0003354827	        0.0005792579	        0.1000000000	        0.0010000000	        0.0666666667	        0.1000000000	        0.0010000000
        1.9433981504	        0.5615049574	        0.1832661759	        0.1350863466	        5.4507009587	        0.0008411033	        0.0002025298	        0.0002250332	        0.0004412783	        0.1000000000	        0.0010000000	        0.0666666667	        0.1000000000	        0.0010000000
        1.9502353978	        0.5121910088	        0.1690335514	        0.0038786247	        5.3477692311	        0.0008328584	        0.0001318545	        0.0001465050	        0.0003212407	        0.1000000000	        0.0010000000	        0.0666666667	        0.1000000000	        0.0010000000
        1.9563323538	        0.4620333585	        0.1549637198	       -0.1566089830	        5.2546839529	        0.0008399535	        0.0000835777	        0.0000928641	        0.0002238936	        0.1000000000	        0.0010000000	        0.0666666667	        0.1000000000	        0.0010000000
        1.9617651675	        0.4126628302	        0.1412938034	       -0.3498843871	        5.1700450700	        0.0008621914	        0.0000517277	        0.0000574752	        0.0001501148	        0.1000000000	        0.0010000000	        0.0666666667	        0.1000000000	        0.0010000000
        1.9666030060	        0.3654562649	        0.1281959379	       -0.5754428414	        5.0935197181	        0.0008985208	        0.0000313293	        0.0000348103	        0.0000973934	        0.1000000000	        0.0010000000	        0.0666666667	        0.1000000000	        0.0010000000
        1.9709085097	        0.3213476030	        0.1157677915	       -0.8304312805	        5.0253348931	        0.0009475780	        0.0000185944	        0.0000206604	        0.0000614620	        0.1000000000	        0.0010000000	        0.0666666667	        0.1000000000	        0.0010000000
        1.9747382607	        0.2808247947	        0.1040479109	       -1.1148272474	        4.9639737956	        0.0010083131	        0.0000108210	        0.0000120234	        0.0000378616	        0.1000000000	        0.0010000000	        0.0666666667	        0.1000000000	        0.0010000000
        1.9781432525	        0.2440300019	        0.0930362649	       -1.4277072050	        4.9088834212	        0.0010797234	        0.0000061731	        0.0000068589	        0.0000228061	        0.1000000000	        0.0010000000	        0.0666666667	        0.1000000000	        0.0010000000
        1.9811693494	        0.2108802556	        0.0827125417	       -1.7625447166	        4.8598855066	        0.0011596066	        0.0000034482	        0.0000038313	        0.0000134306	        0.1000000000	        0.0010000000	        0.0666666667	        0.1000000000	        0.0010000000
        1.9838577298	        0.1811662134	        0.0730496781	       -2.1090686731	        4.8168561086	        0.0012449485	        0.0000018820	        0.0000020911	        0.0000077178	        0.1000000000	        0.0010000000	        0.0666666667	        0.1000000000	        0.0010000000
        1.9862453073	        0.1546193790	        0.0640212699	       -2.4629106384	        4.7792133763	        0.0013340833	        0.0000010004	        0.0000011116	        0.0000043126	        0.1000000000	        0.0010000000	        0.0666666667	        0.1000000000	        0.0010000000
        1.9883651267	        0.1309528663	        0.0556029974	       -2.8226119750	        4.7461798804	        0.0014260618	        0.0000005156	        0.0000005729	        0.0000023318	        0.1000000000	        0.0010000000	        0.0666666667	        0.1000000000	        0.0010000000
        1.9902467340	        0.1098840054	        0.0477720106	       -3.1828354324	        4.7171383646	        0.0015192800	        0.0000002559	        0.0000002844	        0.0000012117	        0.1000000000	        0.0010000000	        0.0666666667	        0.1000000000	        0.0010000000
        1.9919165179	        0.0911457630	        0.0405064363	       -3.5356430319	        4.6916134020	        0.0016117945	        0.0000001213	        0.0000001347	        0.0000005995	        0.1000000000	        0.0010000000	        0.0666666667	        0.1000000000	        0.0010000000
        1.9933980257	        0.0744917308	        0.0337848281	       -3.8751081107	        4.6691843685	        0.0017020202	        0.0000000541	        0.0000000602	        0.0000002787	        0.1000000000	        0.0010000000	        0.0666666667	        0.1000000000	        0.0010000000
        1.9947122508	        0.0596976092	        0.0275853938	       -4.1972942826	        4.6494755836	        0.0017887700	        0.0000000223	        0.0000000248	        0.0000001194	        0.1000000000	        0.0010000000	        0.0666666667	        0.1000000000	        0.0010000000
        1.9958778967	        0.0465608776	        0.0218853948	       -4.4997883936	        4.6321539776	        0.0018712046	        0.0000000083	        0.0000000092	        0.0000000457	        0.1000000000	        0.0010000000	        0.0666666667	        0.1000000000	        0.0010000000
        1.9969116151	        0.0348995893	        0.0166608561	       -4.7813257250	        4.6169257951	        0.0019487769	        0.0000000026	        0.0000000029	        0.0000000149	        0.1000000000	        0.0010000000	        0.0666666667	        0.1000000000	        0.0010000000
        1.9978282231	        0.0245507994	        0.0118865690	       -5.0414922533	        4.6035328902	        0.0020211770	        0.0000000006	        0.0000000007	        0.0000000038	        0.1000000000	        0.0010000000	        0.0666666667	        0.1000000000	        0.0010000000
        1.9986408981	        0.0153688860	        0.0075363080	       -5.2804904374	        4.5917489624	        0.0020882822	        0.0000000001	        0.0000000001	        0.0000000006	        0.1000000000	        0.0010000000	        0.0666666667	        0.1000000000	        0.0010000000
        1.9993613540	        0.0072238993	        0.0035831752	       -5.4989567933	        4.5813759343	        0.0021501133	        0.0000000000	        0.0000000000	        0.0000000000	        0.1000000000	        0.0010000000	        0.0666666667	        0.1000000000	        0.0010000000
        2.0000000000	        0.0000000000	        0.0000000000	       -5.6978212781	        4.5722405834	        0.0022067976	        0.0000000000	        0.0000000000	        0.0000000000	        0.0000000000	        0.0010000000	        0.0000000000	        0.1000000000	        0.0010000000
