        0.0000000000	        0.0000000000	        1.0000000000	        5.5755156360	        7.2921207094	        0.0004018098	        0.0000000000	        0.0000000000	        0.0000000000	        0.0000000000	        0.0010000000	        0.0000000000	        0.1000000000	        0.0010000000
        0.0006386460	        0.0109557784	        0.9965043324	        5.0207482499	        7.3020885712	        0.0003649718	        0.0000000000	        0.0000000000	        0.0000000001	        0.1000000000	        0.0010000000	        0.0666666667	        0.1000000000	        0.0010000000
        0.0013591019	        0.0233077816	        0.9927649077	        4.4531476750	        7.3123665962	        0.0003274870	        0.0000000002	        0.0000000002	        0.0000000012	        0.1000000000	        0.0010000000	        0.0666666667	        0.1000000000	        0.0010000000
        0.0021717769	        0.0372313632	        0.9887771598	        3.8820417117	        7.3228171401	        0.0002900112	        0.0000000014	        0.0000000015	        0.0000000073	        0.1000000000	        0.0010000000	        0.0666666667	        0.1000000000	        0.0010000000
        0.0030883849	        0.0529230297	        0.9845349591	        3.3187652270	        7.3332748391	        0.0002533211	        0.0000000057	        0.0000000063	        0.0000000283	        0.1000000000	        0.0010000000	        0.0666666667	        0.1000000000	        0.0010000000
        0.0041221033	        0.0706024788	        0.9800288420	        2.7761921416	        7.3435569271	        0.0002182680	        0.0000000180	        0.0000000200	        0.0000000846	        0.1000000000	        0.0010000000	        0.0666666667	        0.1000000000	        0.0010000000
        0.0052877492	        0.0905143465	        0.9752439628	        2.2676049189	        7.3534857635	        0.0001856786	        0.0000000488	        0.0000000542	        0.0000002162	        0.1000000000	        0.0010000000	        0.0666666667	        0.1000000000	        0.0010000000
        0.0066019743	        0.1129290900	        0.9701580610	        1.8044820826	        7.3629310927	        0.0001561700	        0.0000001186	        0.0000001318	        0.0000004962	        0.1000000000	        0.0010000000	        0.0666666667	        0.1000000000	        0.0010000000
        0.0080834821	        0.1381418589	        0.9647397915	        1.3940317099	        7.3718473298	        0.0001299947	        0.0000002664	        0.0000002960	        0.0000010555	        0.1000000000	        0.0010000000	        0.0666666667	        0.1000000000	        0.0010000000
        0.0097532660	        0.1664671492	        0.9589477219	        1.0416864536	        7.3801708921	        0.0001075370	        0.0000005636	        0.0000006262	        0.0000021225	        0.1000000000	        0.0010000000	        0.0666666667	        0.1000000000	        0.0010000000
        0.0116348733	        0.1982251934	        0.9527313722	        0.7478496384	        7.3879042307	        0.0000889889	        0.0000011371	        0.0000012635	        0.0000040867	        0.1000000000	        0.0010000000	        0.0666666667	        0.1000000000	        0.0010000000
        0.0137546927	        0.2337131157	        0.9460351343	        0.5122797462	        7.3951430134	        0.0000743214	        0.0000022069	        0.0000024521	        0.0000075918	        0.1000000000	        0.0010000000	        0.0666666667	        0.1000000000	        0.0010000000
        0.0161422702	        0.2731500724	        0.9388083749	        0.3310167876	        7.4019684522	        0.0000632938	        0.0000041440	        0.0000046044	        0.0000136483	        0.1000000000	        0.0010000000	        0.0666666667	        0.1000000000	        0.0010000000
        0.0188306506	        0.3165829528	        0.9310236500	        0.1970097403	        7.4084528557	        0.0000555558	        0.0000075573	        0.0000083970	        0.0000237180	        0.1000000000	        0.0010000000	        0.0666666667	        0.1000000000	        0.0010000000
        0.0218567475	        0.3637444851	        0.9227041011	        0.1020359985	        7.4148494452	        0.0000506574	        0.0000134132	        0.0000149036	        0.0000396415	        0.1000000000	        0.0010000000	        0.0666666667	        0.1000000000	        0.0010000000
        0.0252617393	        0.4138825900	        0.9139563132	        0.0371031946	        7.4213531495	        0.0000481314	        0.0000231851	        0.0000257612	        0.0000632075	        0.1000000000	        0.0010000000	        0.0666666667	        0.1000000000	        0.0010000000
        0.0290914903	        0.4656407311	        0.9049925297	       -0.0062755502	        7.4281145040	        0.0000475597	        0.0000390043	        0.0000433381	        0.0000952532	        0.1000000000	        0.0010000000	        0.0666666667	        0.1000000000	        0.0010000000
        0.0333969940	        0.5171358110	        0.8961150911	       -0.0352779942	        7.4353524443	        0.0000486164	        0.0000637350	        0.0000708167	        0.0001346435	        0.1000000000	        0.0010000000	        0.0666666667	        0.1000000000	        0.0010000000
        0.0382348325	        0.5663417148	        0.8876460455	       -0.0552418885	        7.4431202396	        0.0000510988	        0.0001008413	        0.0001120459	        0.0001780452	        0.1000000000	        0.0010000000	        0.0666666667	        0.1000000000	        0.0010000000
        0.0436676462	        0.6116532022	        0.8798294965	       -0.0696645861	        7.4517118429	        0.0000549120	        0.0001539264	        0.0001710293	        0.0002211318	        0.1000000000	        0.0010000000	        0.0666666667	        0.1000000000	        0.0010000000
        0.0497646022	        0.6522777640	        0.8727699454	       -0.0804529754	        7.4611300362	        0.0000600348	        0.0002259901	        0.0002511002	        0.0002604733	        0.1000000000	        0.0010000000	        0.0666666667	        0.1000000000	        0.0010000000
        0.0566018496	        0.6882285815	        0.8664400620	       -0.0884533691	        7.4714551406	        0.0000664896	        0.0003186654	        0.0003540727	        0.0002945896	        0.1000000000	        0.0010000000	        0.0666666667	        0.1000000000	        0.0010000000
        0.0642629411	        0.7200377522	        0.8607315150	       -0.0939796892	        7.4829328700	        0.0000742930	        0.0004317636	        0.0004797373	        0.0003236753	        0.1000000000	        0.0010000000	        0.0666666667	        0.1000000000	        0.0010000000
        0.0728392004	        0.7484413071	        0.8555062748	       -0.0971936473	        7.4956706098	        0.0000834382	        0.0005633432	        0.0006259369	        0.0003487527	        0.1000000000	        0.0010000000	        0.0666666667	        0.1000000000	        0.0010000000
        0.0824300053	        0.7741714986	        0.8506286050	       -0.0982805324	        7.5097624282	        0.0000938870	        0.0007102636	        0.0007891818	        0.0003709972	        0.1000000000	        0.0010000000	        0.0666666667	        0.1000000000	        0.0010000000
        0.0931429507	        0.7978612083	        0.8459789146	       -0.0975174541	        7.5253012848	        0.0001055756	        0.0008689534	        0.0009655038	        0.0003914165	        0.1000000000	        0.0010000000	        0.0666666667	        0.1000000000	        0.0010000000
        0.1050938490	        0.8200185134	        0.8414568534	       -0.0951154023	        7.5425845853	        0.0001184145	        0.0010360717	        0.0011511908	        0.0004107572	        0.1000000000	        0.0010000000	        0.0666666667	        0.1000000000	        0.0010000000
        0.1184065179	        0.8410340466	        0.8369797920	       -0.0910289646	        7.5617784091	        0.0001322249	        0.0012088748	        0.0013431942	        0.0004294915	        0.1000000000	        0.0010000000	        0.0666666667	        0.1000000000	        0.0010000000
        0.1332122955	        0.8611994539	        0.8324802491	       -0.0854926032	        7.5830713166	        0.0001467679	        0.0013852823	        0.0015392025	        0.0004478500	        0.1000000000	        0.0010000000	        0.0666666667	        0.1000000000	        0.0010000000
        0.1496492201	        0.8807269097	        0.8279030239	       -0.0790372630	        7.6068100123	        0.0001617999	        0.0015637464	        0.0017374960	        0.0004659055	        0.1000000000	        0.0010000000	        0.0666666667	        0.1000000000	        0.0010000000
        0.1678608015	        0.8997659206	        0.8232023630	       -0.0724152497	        7.6332135478	        0.0001771400	        0.0017430427	        0.0019367141	        0.0004836742	        0.1000000000	        0.0010000000	        0.0666666667	        0.1000000000	        0.0010000000
        0.1879943127	        0.9184165171	        0.8183391000	       -0.0656051077	        7.6626106703	        0.0001926350	        0.0019220648	        0.0021356276	        0.0005011215	        0.1000000000	        0.0010000000	        0.0666666667	        0.1000000000	        0.0010000000
        0.2101985296	        0.9367390578	        0.8132795177	       -0.0584510980	        7.6953029357	        0.0002080853	        0.0020996624	        0.0023329583	        0.0005181034	        0.1000000000	        0.0010000000	        0.0666666667	        0.1000000000	        0.0010000000
        0.2346208557	        0.9547612287	        0.8079950636	       -0.0516408872	        7.7316887613	        0.0002231952	        0.0022745323	        0.0025272582	        0.0005344662	        0.1000000000	        0.0010000000	        0.0666666667	        0.1000000000	        0.0010000000
        0.2614037844	        0.9724828391	        0.8024603836	       -0.0453874456	        7.7722865350	        0.0002378143	        0.0024451622	        0.0027168469	        0.0005501244	        0.1000000000	        0.0010000000	        0.0666666667	        0.1000000000	        0.0010000000
        0.2906806794	        0.9898789485	        0.7966523131	       -0.0403569160	        7.8174620655	        0.0002519970	        0.0026098168	        0.0028997965	        0.0005651195	        0.1000000000	        0.0010000000	        0.0666666667	        0.1000000000	        0.0010000000
        0.3225708876	        1.0069017651	        0.7905471820	       -0.0368944551	        7.8678078423	        0.0002659706	        0.0027665637	        0.0030739597	        0.0005796959	        0.1000000000	        0.0010000000	        0.0666666667	        0.1000000000	        0.0010000000
        0.3571742551	        1.0234816648	        0.7841183222	       -0.0337572733	        7.9236480814	        0.0002800245	        0.0029133327	        0.0032370363	        0.0005940055	        0.1000000000	        0.0010000000	        0.0666666667	        0.1000000000	        0.0010000000
        0.3945651751	        1.0395276459	        0.7773396802	       -0.0313810704	        7.9857478935	        0.0002940081	        0.0030480001	        0.0033866668	        0.0006081124	        0.1000000000	        0.0010000000	        0.0666666667	        0.1000000000	        0.0010000000
        0.4347863703	        1.0549274670	        0.7701837310	       -0.0300945944	        8.0545838530	        0.0003082437	        0.0031685120	        0.0035205689	        0.0006222720	        0.1000000000	        0.0010000000	        0.0666666667	        0.1000000000	        0.0010000000
        0.4778426900	        1.0695476845	        0.7626191730	       -0.0290302527	        8.1307171596	        0.0003229760	        0.0032730413	        0.0036367126	        0.0006366690	        0.1000000000	        0.0010000000	        0.0666666667	        0.1000000000	        0.0010000000
        0.5236952751	        1.0832338623	        0.7546150628	       -0.0277960757	        8.2148688114	        0.0003382872	        0.0033601730	        0.0037335256	        0.0006512256	        0.1000000000	        0.0010000000	        0.0666666667	        0.1000000000	        0.0010000000
        0.5722565058	        1.0958112688	        0.7461443201	       -0.0276310872	        8.3076931112	        0.0003542713	        0.0034291285	        0.0038101428	        0.0006660888	        0.1000000000	        0.0010000000	        0.0666666667	        0.1000000000	        0.0010000000
        0.6233861842	        1.1070864399	        0.7371773564	       -0.0283510356	        8.4099185971	        0.0003714134	        0.0034800484	        0.0038667204	        0.0006817021	        0.1000000000	        0.0010000000	        0.0666666667	        0.1000000000	        0.0010000000
        0.6768894010	        1.1168502337	        0.7276844837	       -0.0312540690	        8.5221950479	        0.0003905262	        0.0035143173	        0.0039047970	        0.0006989030	        0.1000000000	        0.0010000000	        0.0666666667	        0.1000000000	        0.0010000000
        0.7325164896	        1.1248833090	        0.7176280847	       -0.0364754181	        8.6451638556	        0.0004130452	        0.0035349873	        0.0039277636	        0.0007190220	        0.1000000000	        0.0010000000	        0.0666666667	        0.1000000000	        0.0010000000
        0.7899653716	        1.1309654349	        0.7069646762	       -0.0439243622	        8.7795628172	        0.0004404718	        0.0035473673	        0.0039415192	        0.0007434667	        0.1000000000	        0.0010000000	        0.0666666667	        0.1000000000	        0.0010000000
        0.8488864424	        1.1348905558	        0.6956545198	       -0.0555468905	        8.9257210594	        0.0004748706	        0.0035603057	        0.0039558953	        0.0007738352	        0.1000000000	        0.0010000000	        0.0666666667	        0.1000000000	        0.0010000000
        0.9088899606	        1.1364884978	        0.6836746145	       -0.0712649026	        9.0841360137	        0.0005192352	        0.0035962701	        0.0039958556	        0.0008124043	        0.1000000000	        0.0010000000	        0.0666666667	        0.1000000000	        0.0010000000
        0.9695556872	        1.1356775744	        0.6710917572	       -0.0906550222	        9.2547954420	        0.0005761898	        0.0037005583	        0.0041117314	        0.0008682451	        0.1000000000	        0.0010000000	        0.0666666667	        0.1000000000	        0.0010000000
        1.0304443128	        1.1325444907	        0.6579755139	       -0.1080672734	        9.4370827697	        0.0006461412	        0.0038296305	        0.0042551450	        0.0009360810	        0.1000000000	        0.0010000000	        0.0666666667	        0.1000000000	        0.0010000000
        1.0911100394	        1.1272618978	        0.6443186116	       -0.1246452396	        9.6310781121	        0.0007267085	        0.0039503703	        0.0043893003	        0.0010133856	        0.1000000000	        0.0010000000	        0.0666666667	        0.1000000000	        0.0010000000
        1.1511135576	        1.1200231927	        0.6300825784	       -0.1436543821	        9.8354965450	        0.0008180414	        0.0040543706	        0.0045048562	        0.0011011483	        0.1000000000	        0.0010000000	        0.0666666667	        0.1000000000	        0.0010000000
        1.2100346284	        1.1110315178	        0.6152160092	       -0.1572618057	       10.0495516240	        0.0009182300	        0.0041361519	        0.0045957244	        0.0011975843	        0.1000000000	        0.0010000000	        0.0666666667	        0.1000000000	        0.0010000000
        1.2674835104	        1.1004907319	        0.5997258665	       -0.1679609743	       10.2709763394	        0.0010231345	        0.0041920479	        0.0046578310	        0.0012989916	        0.1000000000	        0.0010000000	        0.0666666667	        0.1000000000	        0.0010000000
        1.3231105990	        1.0885996044	        0.5836505966	       -0.1720809647	       10.4993074962	        0.0011299439	        0.0042198636	        0.0046887373	        0.0014014820	        0.1000000000	        0.0010000000	        0.0666666667	        0.1000000000	        0.0010000000
        1.3766138158	        1.0755478812	        0.5670788317	       -0.1696706479	       10.7321423187	        0.0012325154	        0.0042185874	        0.0046873193	        0.0015003482	        0.1000000000	        0.0010000000	        0.0666666667	        0.1000000000	        0.0010000000
        1.4277434942	        1.0615134230	        0.5501352672	       -0.1624523909	       10.9696678021	        0.0013276007	        0.0041882173	        0.0046535748	        0.0015918803	        0.1000000000	        0.0010000000	        0.0666666667	        0.1000000000	        0.0010000000
        1.4763047249	        1.0466601634	        0.5329577995	       -0.1522049070	       11.2090467683	        0.0014117900	        0.0041296185	        0.0045884650	        0.0016738549	        0.1000000000	        0.0010000000	        0.0666666667	        0.1000000000	        0.0010000000
        1.5221573100	        1.0311367422	        0.5156796837	       -0.1423476779	       11.4500908272	        0.0014854709	        0.0040443784	        0.0044937538	        0.0017457870	        0.1000000000	        0.0010000000	        0.0666666667	        0.1000000000	        0.0010000000
        1.5652136297	        1.0150757338	        0.4984093377	       -0.1302215062	       11.6913098593	        0.0015495577	        0.0039346776	        0.0043718641	        0.0018076944	        0.1000000000	        0.0010000000	        0.0666666667	        0.1000000000	        0.0010000000
        1.6054348249	        0.9985933225	        0.4812436005	       -0.1142191984	       11.9313682727	        0.0016031860	        0.0038031053	        0.0042256726	        0.0018588380	        0.1000000000	        0.0010000000	        0.0666666667	        0.1000000000	        0.0010000000
        1.6428257449	        0.9817892517	        0.4642720851	       -0.0929853143	       12.1699874760	        0.0016457996	        0.0036525045	        0.0040583383	        0.0018982307	        0.1000000000	        0.0010000000	        0.0666666667	        0.1000000000	        0.0010000000
        1.6774291124	        0.9647469870	        0.4475786108	       -0.0684672600	       12.4062688584	        0.0016770949	        0.0034858319	        0.0038731466	        0.0019254085	        0.1000000000	        0.0010000000	        0.0666666667	        0.1000000000	        0.0010000000
        1.7093193206	        0.9475340356	        0.4312316120	       -0.0379107692	       12.6382744057	        0.0016945172	        0.0033060531	        0.0036733923	        0.0019401981	        0.1000000000	        0.0010000000	        0.0666666667	        0.1000000000	        0.0010000000
        1.7385962156	        0.9302022965	        0.4152911064	       -0.0014063194	       12.8654458153	        0.0016983369	        0.0031160248	        0.0034622498	        0.0019423234	        0.1000000000	        0.0010000000	        0.0666666667	        0.1000000000	        0.0010000000
        1.7653791443	        0.9127882832	        0.3998058532	        0.0439213796	       13.0881000651	        0.0016903167	        0.0029184167	        0.0032426852	        0.0019315320	        0.1000000000	        0.0010000000	        0.0666666667	        0.1000000000	        0.0010000000
        1.7898014704	        0.8953130916	        0.3848178447	        0.1002264772	       13.3047955834	        0.0016698993	        0.0027156391	        0.0030173768	        0.0019073295	        0.1000000000	        0.0010000000	        0.0666666667	        0.1000000000	        0.0010000000
        1.8120056873	        0.8777819152	        0.3703632153	        0.1677497853	       13.5154314502	        0.0016367589	        0.0025097978	        0.0027886642	        0.0018694424	        0.1000000000	        0.0010000000	        0.0666666667	        0.1000000000	        0.0010000000
        1.8321391985	        0.8601829165	        0.3564690525	        0.2437434152	       13.7201606013	        0.0015907441	        0.0023026731	        0.0025585256	        0.0018183372	        0.1000000000	        0.0010000000	        0.0666666667	        0.1000000000	        0.0010000000
        1.8503507799	        0.8424852032	        0.3431466499	        0.3284453735	       13.9184409369	        0.0015325881	        0.0020957272	        0.0023285858	        0.0017550373	        0.1000000000	        0.0010000000	        0.0666666667	        0.1000000000	        0.0010000000
        1.8667877045	        0.8246355385	        0.3303913643	        0.4190731336	       14.1122362479	        0.0014635682	        0.0018901328	        0.0021001476	        0.0016808815	        0.1000000000	        0.0010000000	        0.0666666667	        0.1000000000	        0.0010000000
        1.8815934821	        0.8065533046	        0.3181787653	        0.5196077664	       14.2975311256	        0.0013864817	        0.0016868485	        0.0018742761	        0.0015971061	        0.1000000000	        0.0010000000	        0.0666666667	        0.1000000000	        0.0010000000
        1.8949061510	        0.7881231152	        0.3064694189	        0.6284202250	       14.4792128818	        0.0013005802	        0.0014867408	        0.0016519342	        0.0015046701	        0.1000000000	        0.0010000000	        0.0666666667	        0.1000000000	        0.0010000000
        1.9068570493	        0.7691843599	        0.2952061302	        0.7342822898	       14.6531235974	        0.0012101522	        0.0012907807	        0.0014342008	        0.0014051881	        0.1000000000	        0.0010000000	        0.0666666667	        0.1000000000	        0.0010000000
        1.9175699947	        0.7495170762	        0.2843031981	        0.8336123961	       14.8241395818	        0.0011157016	        0.0011003100	        0.0012225666	        0.0013006549	        0.1000000000	        0.0010000000	        0.0666666667	        0.1000000000	        0.0010000000
        1.9271607996	        0.7288238537	        0.2736451501	        0.9204071052	       14.9901400729	        0.0010212406	        0.0009173146	        0.0010192385	        0.0011927467	        0.1000000000	        0.0010000000	        0.0666666667	        0.1000000000	        0.0010000000
        1.9357370589	        0.7067086383	        0.2630838573	        0.9897678428	       15.1511625966	        0.0009298098	        0.0007446136	        0.0008273485	        0.0010826939	        0.1000000000	        0.0010000000	        0.0666666667	        0.1000000000	        0.0010000000
        1.9433981504	        0.6826565076	        0.2524380212	        1.0371596398	       15.3077754939	        0.0008429375	        0.0005857946	        0.0006508829	        0.0009710818	        0.1000000000	        0.0010000000	        0.0666666667	        0.1000000000	        0.0010000000
        1.9502353978	        0.6560254132	        0.2414965786	        1.0566885136	       15.4629618770	        0.0007621260	        0.0004447495	        0.0004941661	        0.0008578931	        0.1000000000	        0.0010000000	        0.0666666667	        0.1000000000	        0.0010000000
        1.9563323538	        0.6260736511	        0.2300298614	        1.0420048784	       15.6136890634	        0.0006905456	        0.0003248229	        0.0003609144	        0.0007427784	        0.1000000000	        0.0010000000	        0.0666666667	        0.1000000000	        0.0010000000
        1.9617651675	        0.5920630850	        0.2178175644	        0.9879280814	       15.7593467996	        0.0006296972	        0.0002278544	        0.0002531716	        0.0006256483	        0.1000000000	        0.0010000000	        0.0666666667	        0.1000000000	        0.0010000000
        1.9666030060	        0.5534792751	        0.2047028037	        0.8861315996	       15.9037128047	        0.0005788730	        0.0001535691	        0.0001706324	        0.0005078470	        0.1000000000	        0.0010000000	        0.0666666667	        0.1000000000	        0.0010000000
        1.9709085097	        0.5103518728	        0.1906636085	        0.7241542071	       16.0474888372	        0.0005396089	        0.0000996491	        0.0001107212	        0.0003933541	        0.1000000000	        0.0010000000	        0.0666666667	        0.1000000000	        0.0010000000
        1.9747382607	        0.4635204639	        0.1758646466	        0.4972403022	       16.1886062256	        0.0005133343	        0.0000624322	        0.0000693691	        0.0002884852	        0.1000000000	        0.0010000000	        0.0666666667	        0.1000000000	        0.0010000000
        1.9781432525	        0.4145985166	        0.1606435148	        0.1918457189	       16.3288990427	        0.0004999852	        0.0000378603	        0.0000420670	        0.0001996863	        0.1000000000	        0.0010000000	        0.0666666667	        0.1000000000	        0.0010000000
        1.9811693494	        0.3655589338	        0.1454059074	       -0.2028612624	       16.4713592206	        0.0004998128	        0.0000222498	        0.0000247219	        0.0001306978	        0.1000000000	        0.0010000000	        0.0666666667	        0.1000000000	        0.0010000000
        1.9838577298	        0.3181927513	        0.1305013981	       -0.6983171142	       16.6161117990	        0.0005131429	        0.0000126680	        0.0000140755	        0.0000813039	        0.1000000000	        0.0010000000	        0.0666666667	        0.1000000000	        0.0010000000
        1.9862453073	        0.2737642352	        0.1161530801	       -1.2671512661	       16.7570223754	        0.0005379919	        0.0000069757	        0.0000077508	        0.0000483094	        0.1000000000	        0.0010000000	        0.0666666667	        0.1000000000	        0.0010000000
        1.9883651267	        0.2329552333	        0.1024725616	       -1.9475459672	       16.9028141956	        0.0005758424	        0.0000037031	        0.0000041145	        0.0000274906	        0.1000000000	        0.0010000000	        0.0666666667	        0.1000000000	        0.0010000000
        1.9902467340	        0.1959882586	        0.0894801947	       -2.7252214978	       17.0531045420	        0.0006249697	        0.0000018852	        0.0000020947	        0.0000149688	        0.1000000000	        0.0010000000	        0.0666666667	        0.1000000000	        0.0010000000
        1.9919165179	        0.1627922962	        0.0771532544	       -3.5471689473	       17.1995903988	        0.0006814546	        0.0000009131	        0.0000010146	        0.0000077499	        0.1000000000	        0.0010000000	        0.0666666667	        0.1000000000	        0.0010000000
        1.9933980257	        0.1331386714	        0.0654650023	       -4.4441161115	       17.3475141064	        0.0007465147	        0.0000004157	        0.0000004619	        0.0000037701	        0.1000000000	        0.0010000000	        0.0666666667	        0.1000000000	        0.0010000000
        1.9947122508	        0.1067304705	        0.0543879149	       -5.4225301314	       17.4995043709	        0.0008198762	        0.0000001746	        0.0000001940	        0.0000016914	        0.1000000000	        0.0010000000	        0.0666666667	        0.1000000000	        0.0010000000
        1.9958778967	        0.0832538575	        0.0438984097	       -6.4351157394	       17.6512055554	        0.0008981468	        0.0000000657	        0.0000000730	        0.0000006791	        0.1000000000	        0.0010000000	        0.0666666667	        0.1000000000	        0.0010000000
        1.9969116151	        0.0624044265	        0.0339828012	       -7.4418680389	       17.7987226310	        0.0009782584	        0.0000000211	        0.0000000234	        0.0000002318	        0.1000000000	        0.0010000000	        0.0666666667	        0.1000000000	        0.0010000000
        1.9978282231	        0.0438990948	        0.0246360048	       -8.4165324243	       17.9395273091	        0.0010579271	        0.0000000052	        0.0000000058	        0.0000000612	        0.1000000000	        0.0010000000	        0.0666666667	        0.1000000000	        0.0010000000
        1.9986408981	        0.0274802887	        0.0158573263	       -9.3426363478	       18.0720806856	        0.0011355022	        0.0000000008	        0.0000000009	        0.0000000101	        0.1000000000	        0.0010000000	        0.0666666667	        0.1000000000	        0.0010000000
        1.9993613540	        0.0129163144	        0.0076463547	      -10.2106156676	       18.1955533830	        0.0012098358	        0.0000000000	        0.0000000000	        0.0000000005	        0.1000000000	        0.0010000000	        0.0666666667	        0.1000000000	        0.0010000000
        2.0000000000	        0.0000000000	        0.0000000000	      -11.0157355755	       18.3096183519	        0.0012801732	        0.0000000000	        0.0000000000	        0.0000000000	        0.0000000000	        0.0010000000	        0.0000000000	        0.1000000000	        0.0010000000
