        0.0000000000	        0.0000000000	        1.0000000000	        5.7635441826	       30.0682954833	        0.0005644290	        0.0000000000	        0.0000000000	        0.0000000000	        0.0000000000	        0.0010000000	        0.0000000000	        0.1000000000	        0.0010000000
        0.0006386460	        0.0063979136	        0.9980786582	        5.3981606935	       30.0557065462	        0.0005334044	        0.0000000000	        0.0000000000	        0.0000000000	        0.1000000000	        0.0010000000	        0.0666666667	        0.1000000000	        0.0010000000
        0.0013591019	        0.0136111512	        0.9959988720	        5.0101464601	       30.0419478024	        0.0005005786	        0.0000000000	        0.0000000000	        0.0000000001	        0.1000000000	        0.0010000000	        0.0666666667	        0.1000000000	        0.0010000000
        0.0021717769	        0.0217421318	        0.9937564501	        4.6019797109	       30.0269422574	        0.0004661923	        0.0000000002	        0.0000000003	        0.0000000007	        0.1000000000	        0.0010000000	        0.0666666667	        0.1000000000	        0.0010000000
        0.0030883849	        0.0309057263	        0.9913483177	        4.1773701433	       30.0106014672	        0.0004305908	        0.0000000009	        0.0000000010	        0.0000000027	        0.1000000000	        0.0010000000	        0.0666666667	        0.1000000000	        0.0010000000
        0.0041221033	        0.0412306454	        0.9887723374	        3.7414240877	       29.9928143045	        0.0003942335	        0.0000000030	        0.0000000033	        0.0000000081	        0.1000000000	        0.0010000000	        0.0666666667	        0.1000000000	        0.0010000000
        0.0052877492	        0.0528609285	        0.9860269031	        3.3007290622	       29.9734276306	        0.0003576933	        0.0000000081	        0.0000000090	        0.0000000207	        0.1000000000	        0.0010000000	        0.0666666667	        0.1000000000	        0.0010000000
        0.0066019743	        0.0659575106	        0.9831102636	        2.8632758932	       29.9522143406	        0.0003216376	        0.0000000198	        0.0000000220	        0.0000000473	        0.1000000000	        0.0010000000	        0.0666666667	        0.1000000000	        0.0010000000
        0.0080834821	        0.0806998072	        0.9800195651	        2.4380885636	       29.9288220298	        0.0002867763	        0.0000000444	        0.0000000494	        0.0000000999	        0.1000000000	        0.0010000000	        0.0666666667	        0.1000000000	        0.0010000000
        0.0097532660	        0.0972872020	        0.9767496551	        2.0343603642	       29.9026922909	        0.0002537569	        0.0000000941	        0.0000001045	        0.0000001985	        0.1000000000	        0.0010000000	        0.0666666667	        0.1000000000	        0.0010000000
        0.0116348733	        0.1159402096	        0.9732917280	        1.6599923938	       29.8729837101	        0.0002230112	        0.0000001902	        0.0000002113	        0.0000003768	        0.1000000000	        0.0010000000	        0.0666666667	        0.1000000000	        0.0010000000
        0.0137546927	        0.1369008893	        0.9696318834	        1.3219459357	       29.8391521721	        0.0001950252	        0.0000003705	        0.0000004117	        0.0000006904	        0.1000000000	        0.0010000000	        0.0666666667	        0.1000000000	        0.0010000000
        0.0161422702	        0.1604317312	        0.9657499105	        1.0240089412	       29.8012069411	        0.0001702595	        0.0000007000	        0.0000007778	        0.0000012307	        0.1000000000	        0.0010000000	        0.0666666667	        0.1000000000	        0.0010000000
        0.0188306506	        0.1868116255	        0.9616183371	        0.7682565359	       29.7591358512	        0.0001490029	        0.0000012888	        0.0000014320	        0.0000021468	        0.1000000000	        0.0010000000	        0.0666666667	        0.1000000000	        0.0010000000
        0.0218567475	        0.2163265228	        0.9572023537	        0.5561248663	       29.7126561558	        0.0001313524	        0.0000023206	        0.0000025785	        0.0000036795	        0.1000000000	        0.0010000000	        0.0666666667	        0.1000000000	        0.0010000000
        0.0252617393	        0.2492508760	        0.9524617441	        0.3863697109	       29.6610596984	        0.0001172571	        0.0000040963	        0.0000045515	        0.0000062086	        0.1000000000	        0.0010000000	        0.0666666667	        0.1000000000	        0.0010000000
        0.0290914903	        0.2858140086	        0.9473554582	        0.2546989499	       29.6034584987	        0.0001064954	        0.0000070992	        0.0000078880	        0.0000103124	        0.1000000000	        0.0010000000	        0.0666666667	        0.1000000000	        0.0010000000
        0.0333969940	        0.3261439958	        0.9418494434	        0.1560942137	       29.5398048002	        0.0000987755	        0.0000120880	        0.0000134311	        0.0000168212	        0.1000000000	        0.0010000000	        0.0666666667	        0.1000000000	        0.0010000000
        0.0382348325	        0.3701830301	        0.9359291352	        0.0844177164	       29.4706140868	        0.0000937312	        0.0000202208	        0.0000224676	        0.0000268195	        0.1000000000	        0.0010000000	        0.0666666667	        0.1000000000	        0.0010000000
        0.0436676462	        0.4175779644	        0.9296155620	        0.0332270048	       29.3940662825	        0.0000909979	        0.0000332017	        0.0000368908	        0.0000415168	        0.1000000000	        0.0010000000	        0.0666666667	        0.1000000000	        0.0010000000
        0.0497646022	        0.4675743875	        0.9229808148	       -0.0033796292	       29.3100557947	        0.0000902760	        0.0000534223	        0.0000593581	        0.0000619065	        0.1000000000	        0.0010000000	        0.0666666667	        0.1000000000	        0.0010000000
        0.0566018496	        0.5189793490	        0.9161537843	       -0.0303312179	       29.2178052325	        0.0000913696	        0.0000840303	        0.0000933670	        0.0000882466	        0.1000000000	        0.0010000000	        0.0666666667	        0.1000000000	        0.0010000000
        0.0642629411	        0.5702746147	        0.9093051199	       -0.0513183947	       29.1148203133	        0.0000942029	        0.0001288267	        0.0001431407	        0.0001196355	        0.1000000000	        0.0010000000	        0.0666666667	        0.1000000000	        0.0010000000
        0.0728392004	        0.6199030206	        0.9026093362	       -0.0688090223	       29.0030553877	        0.0000988266	        0.0001918958	        0.0002132175	        0.0001541018	        0.1000000000	        0.0010000000	        0.0666666667	        0.1000000000	        0.0010000000
        0.0824300053	        0.6666175876	        0.8961999033	       -0.0841870420	       28.8786108803	        0.0001053856	        0.0002769806	        0.0003077563	        0.0001893278	        0.1000000000	        0.0010000000	        0.0666666667	        0.1000000000	        0.0010000000
        0.0931429507	        0.7097073998	        0.8901416321	       -0.0980352251	       28.7419320250	        0.0001140985	        0.0003867568	        0.0004297298	        0.0002235458	        0.1000000000	        0.0010000000	        0.0666666667	        0.1000000000	        0.0010000000
        0.1050938490	        0.7490050142	        0.8844309394	       -0.1103868982	       28.5906446163	        0.0001252049	        0.0005222382	        0.0005802647	        0.0002559972	        0.1000000000	        0.0010000000	        0.0666666667	        0.1000000000	        0.0010000000
        0.1184065179	        0.7847363908	        0.8790148065	       -0.1209599313	       28.4245057491	        0.0001389407	        0.0006825039	        0.0007583376	        0.0002868116	        0.1000000000	        0.0010000000	        0.0666666667	        0.1000000000	        0.0010000000
        0.1332122955	        0.8173340469	        0.8738132418	       -0.1293586891	       28.2403253077	        0.0001554731	        0.0008648182	        0.0009609091	        0.0003166049	        0.1000000000	        0.0010000000	        0.0666666667	        0.1000000000	        0.0010000000
        0.1496492201	        0.8472913118	        0.8687363062	       -0.1351700201	       28.0379779288	        0.0001748504	        0.0010650779	        0.0011834199	        0.0003461018	        0.1000000000	        0.0010000000	        0.0666666667	        0.1000000000	        0.0010000000
        0.1678608015	        0.8750757348	        0.8636941871	       -0.1381587576	       27.8157078208	        0.0001970284	        0.0012784177	        0.0014204642	        0.0003759044	        0.1000000000	        0.0010000000	        0.0666666667	        0.1000000000	        0.0010000000
        0.1879943127	        0.9010888177	        0.8586019591	       -0.1383432395	       27.5704914735	        0.0002218087	        0.0014997883	        0.0016664315	        0.0004063998	        0.1000000000	        0.0010000000	        0.0666666667	        0.1000000000	        0.0010000000
        0.2101985296	        0.9256536155	        0.8533811930	       -0.1359799043	       27.3015097997	        0.0002488963	        0.0017243756	        0.0019159729	        0.0004377546	        0.1000000000	        0.0010000000	        0.0666666667	        0.1000000000	        0.0010000000
        0.2346208557	        0.9490162327	        0.8479599914	       -0.1315832635	       27.0070266501	        0.0002778924	        0.0019478204	        0.0021642449	        0.0004699601	        0.1000000000	        0.0010000000	        0.0666666667	        0.1000000000	        0.0010000000
        0.2614037844	        0.9713528797	        0.8422721564	       -0.1254431947	       26.6853994653	        0.0003084326	        0.0021662702	        0.0024069669	        0.0005028617	        0.1000000000	        0.0010000000	        0.0666666667	        0.1000000000	        0.0010000000
        0.2906806794	        0.9927782176	        0.8362568867	       -0.1179045025	       26.3345370927	        0.0003400310	        0.0023763262	        0.0026403624	        0.0005361733	        0.1000000000	        0.0010000000	        0.0666666667	        0.1000000000	        0.0010000000
        0.3225708876	        1.0133530846	        0.8298585663	       -0.1097588584	       25.9528438103	        0.0003721988	        0.0025749523	        0.0028610581	        0.0005695729	        0.1000000000	        0.0010000000	        0.0666666667	        0.1000000000	        0.0010000000
        0.3571742551	        1.0330909238	        0.8230253607	       -0.1018301226	       25.5398090080	        0.0004045773	        0.0027593991	        0.0030659990	        0.0006028243	        0.1000000000	        0.0010000000	        0.0666666667	        0.1000000000	        0.0010000000
        0.3945651751	        1.0519628269	        0.8157072610	       -0.0946278421	       25.0924981233	        0.0004370043	        0.0029271715	        0.0032524128	        0.0006358149	        0.1000000000	        0.0010000000	        0.0666666667	        0.1000000000	        0.0010000000
        0.4347863703	        1.0699013804	        0.8078545809	       -0.0882897027	       24.6117000858	        0.0004694072	        0.0030760552	        0.0034178391	        0.0006685134	        0.1000000000	        0.0010000000	        0.0666666667	        0.1000000000	        0.0010000000
        0.4778426900	        1.0868036224	        0.7994175312	       -0.0835121750	       24.0955545789	        0.0005019413	        0.0032042053	        0.0035602281	        0.0007010502	        0.1000000000	        0.0010000000	        0.0666666667	        0.1000000000	        0.0010000000
        0.5236952751	        1.1025334573	        0.7903432964	       -0.0799412999	       23.5443140533	        0.0005348674	        0.0033103079	        0.0036781199	        0.0007336588	        0.1000000000	        0.0010000000	        0.0666666667	        0.1000000000	        0.0010000000
        0.5722565058	        1.1169239674	        0.7805776791	       -0.0781571749	       22.9577674785	        0.0005684762	        0.0033938017	        0.0037708907	        0.0007666876	        0.1000000000	        0.0010000000	        0.0666666667	        0.1000000000	        0.0010000000
        0.6233861842	        1.1297801834	        0.7700630634	       -0.0796979331	       22.3384943557	        0.0006036562	        0.0034551811	        0.0038390902	        0.0008010105	        0.1000000000	        0.0010000000	        0.0666666667	        0.1000000000	        0.0010000000
        0.6768894010	        1.1408830997	        0.7587309763	       -0.0860041234	       21.6860890874	        0.0006422670	        0.0034963970	        0.0038848856	        0.0008382868	        0.1000000000	        0.0010000000	        0.0666666667	        0.1000000000	        0.0010000000
        0.7325164896	        1.1499962072	        0.7464948571	       -0.0968918140	       21.0054976849	        0.0006868292	        0.0035213832	        0.0039126480	        0.0008806265	        0.1000000000	        0.0010000000	        0.0666666667	        0.1000000000	        0.0010000000
        0.7899653716	        1.1568765533	        0.7332562331	       -0.1122129956	       20.2997762865	        0.0007396041	        0.0035368134	        0.0039297927	        0.0009301718	        0.1000000000	        0.0010000000	        0.0666666667	        0.1000000000	        0.0010000000
        0.8488864424	        1.1612931376	        0.7189210861	       -0.1296062639	       19.5753840198	        0.0008022799	        0.0035537864	        0.0039486515	        0.0009877213	        0.1000000000	        0.0010000000	        0.0666666667	        0.1000000000	        0.0010000000
        0.9088899606	        1.1630537170	        0.7034743205	       -0.1459504014	       18.8384218821	        0.0008751733	        0.0036022009	        0.0040024455	        0.0010537082	        0.1000000000	        0.0010000000	        0.0666666667	        0.1000000000	        0.0010000000
        0.9695556872	        1.1620785766	        0.6871150380	       -0.1600845131	       18.0949252176	        0.0009573223	        0.0037331141	        0.0041479046	        0.0011371090	        0.1000000000	        0.0010000000	        0.0666666667	        0.1000000000	        0.0010000000
        1.0304443128	        1.1584972001	        0.6701106619	       -0.1705975963	       17.3531432866	        0.0010466107	        0.0038926421	        0.0043251579	        0.0012269576	        0.1000000000	        0.0010000000	        0.0666666667	        0.1000000000	        0.0010000000
        1.0911100394	        1.1525324149	        0.6525904978	       -0.1774455056	       16.6200368752	        0.0011398437	        0.0040413134	        0.0044903483	        0.0013187866	        0.1000000000	        0.0010000000	        0.0666666667	        0.1000000000	        0.0010000000
        1.1511135576	        1.1444184322	        0.6346285630	       -0.1828758969	       15.9001792695	        0.0012356014	        0.0041692783	        0.0046325314	        0.0014123191	        0.1000000000	        0.0010000000	        0.0666666667	        0.1000000000	        0.0010000000
        1.2100346284	        1.1343905912	        0.6162926048	       -0.1868154457	       15.1999194306	        0.0013323151	        0.0042701926	        0.0047446585	        0.0015060711	        0.1000000000	        0.0010000000	        0.0666666667	        0.1000000000	        0.0010000000
        1.2674835104	        1.1226772923	        0.5976505857	       -0.1884994448	       14.5239962607	        0.0014280452	        0.0043399308	        0.0048221453	        0.0015983616	        0.1000000000	        0.0010000000	        0.0666666667	        0.1000000000	        0.0010000000
        1.3231105990	        1.1094955015	        0.5787759930	       -0.1852932371	       13.8772338470	        0.0015208596	        0.0043760471	        0.0048622746	        0.0016868264	        0.1000000000	        0.0010000000	        0.0666666667	        0.1000000000	        0.0010000000
        1.3766138158	        1.0950478662	        0.5597589781	       -0.1730821394	       13.2598945536	        0.0016060973	        0.0043774361	        0.0048638179	        0.0017678345	        0.1000000000	        0.0010000000	        0.0666666667	        0.1000000000	        0.0010000000
        1.4277434942	        1.0795205153	        0.5407184912	       -0.1589673983	       12.6747308129	        0.0016813815	        0.0043440580	        0.0048267312	        0.0018387832	        0.1000000000	        0.0010000000	        0.0666666667	        0.1000000000	        0.0010000000
        1.4763047249	        1.0630813245	        0.5217596532	       -0.1465279459	       12.1223935106	        0.0017475721	        0.0042768208	        0.0047520231	        0.0018997776	        0.1000000000	        0.0010000000	        0.0666666667	        0.1000000000	        0.0010000000
        1.5221573100	        1.0458786746	        0.5029583646	       -0.1295985754	       11.6022461376	        0.0018050011	        0.0041774195	        0.0046415772	        0.0019506654	        0.1000000000	        0.0010000000	        0.0666666667	        0.1000000000	        0.0010000000
        1.5652136297	        1.0280404100	        0.4843861385	       -0.1062929915	       11.1152750480	        0.0018512159	        0.0040481023	        0.0044978914	        0.0019899884	        0.1000000000	        0.0010000000	        0.0666666667	        0.1000000000	        0.0010000000
        1.6054348249	        1.0096728248	        0.4661118024	       -0.0748816035	       10.6577316067	        0.0018841245	        0.0038915029	        0.0043238921	        0.0020161412	        0.1000000000	        0.0010000000	        0.0666666667	        0.1000000000	        0.0010000000
        1.6428257449	        0.9908596627	        0.4482011050	       -0.0320203898	       10.2317527404	        0.0019016871	        0.0037104902	        0.0041227669	        0.0020273036	        0.1000000000	        0.0010000000	        0.0666666667	        0.1000000000	        0.0010000000
        1.6774291124	        0.9716609611	        0.4307195858	        0.0210263766	        9.8322667307	        0.0019037572	        0.0035080308	        0.0038978120	        0.0020220087	        0.1000000000	        0.0010000000	        0.0666666667	        0.1000000000	        0.0010000000
        1.7093193206	        0.9521115854	        0.4137225190	        0.0874480134	        9.4576461569	        0.0018886897	        0.0032871129	        0.0036523476	        0.0019992660	        0.1000000000	        0.0010000000	        0.0666666667	        0.1000000000	        0.0010000000
        1.7385962156	        0.9322192297	        0.3972574089	        0.1656417727	        9.1062311416	        0.0018560617	        0.0030506805	        0.0033896450	        0.0019585105	        0.1000000000	        0.0010000000	        0.0666666667	        0.1000000000	        0.0010000000
        1.7653791443	        0.9119615870	        0.3813561253	        0.2545781870	        8.7764106078	        0.0018062737	        0.0028016419	        0.0031129354	        0.0019000677	        0.1000000000	        0.0010000000	        0.0666666667	        0.1000000000	        0.0010000000
        1.7898014704	        0.8912824208	        0.3660310897	        0.3516709659	        8.4636219907	        0.0017403677	        0.0025429262	        0.0028254736	        0.0018249967	        0.1000000000	        0.0010000000	        0.0666666667	        0.1000000000	        0.0010000000
        1.8120056873	        0.8700862010	        0.3512710310	        0.4519789639	        8.1683872631	        0.0016611107	        0.0022776053	        0.0025306725	        0.0017351782	        0.1000000000	        0.0010000000	        0.0666666667	        0.1000000000	        0.0010000000
        1.8321391985	        0.8482310583	        0.3370358407	        0.5517392359	        7.8894415598	        0.0015714970	        0.0020090731	        0.0022323034	        0.0016330463	        0.1000000000	        0.0010000000	        0.0666666667	        0.1000000000	        0.0010000000
        1.8503507799	        0.8255199952	        0.3232558175	        0.6483755866	        7.6233632738	        0.0014738598	        0.0017412446	        0.0019347162	        0.0015210463	        0.1000000000	        0.0010000000	        0.0666666667	        0.1000000000	        0.0010000000
        1.8667877045	        0.8016907746	        0.3098338845	        0.7368099924	        7.3735019704	        0.0013729855	        0.0014787141	        0.0016430157	        0.0014014852	        0.1000000000	        0.0010000000	        0.0666666667	        0.1000000000	        0.0010000000
        1.8815934821	        0.7764061041	        0.2966460383	        0.8130435193	        7.1351707303	        0.0012706152	        0.0012267825	        0.0013630916	        0.0012764258	        0.1000000000	        0.0010000000	        0.0666666667	        0.1000000000	        0.0010000000
        1.8949061510	        0.7492480840	        0.2835453233	        0.8703269818	        6.9099646334	        0.0011707073	        0.0009912325	        0.0011013695	        0.0011476023	        0.1000000000	        0.0010000000	        0.0666666667	        0.1000000000	        0.0010000000
        1.9068570493	        0.7197251015	        0.2703663231	        0.9031979459	        6.6981865895	        0.0010764371	        0.0007777906	        0.0008642118	        0.0010164070	        0.1000000000	        0.0010000000	        0.0666666667	        0.1000000000	        0.0010000000
        1.9175699947	        0.6873056395	        0.2569371779	        0.9073766922	        6.4993981690	        0.0009902449	        0.0005913176	        0.0006570195	        0.0008838724	        0.1000000000	        0.0010000000	        0.0666666667	        0.1000000000	        0.0010000000
        1.9271607996	        0.6514992011	        0.2431022796	        0.8787897842	        6.3119351237	        0.0009135994	        0.0004349413	        0.0004832681	        0.0007510555	        0.1000000000	        0.0010000000	        0.0666666667	        0.1000000000	        0.0010000000
        1.9357370589	        0.6120005852	        0.2287570211	        0.8129600052	        6.1358568983	        0.0008483006	        0.0003094435	        0.0003438261	        0.0006197926	        0.1000000000	        0.0010000000	        0.0666666667	        0.1000000000	        0.0010000000
        1.9433981504	        0.5688831667	        0.2138895490	        0.7078745104	        5.9739556400	        0.0007965112	        0.0002131633	        0.0002368481	        0.0004934069	        0.1000000000	        0.0010000000	        0.0666666667	        0.1000000000	        0.0010000000
        1.9502353978	        0.5227635899	        0.1986144455	        0.5572152773	        5.8220238408	        0.0007575987	        0.0001424702	        0.0001583003	        0.0003768111	        0.1000000000	        0.0010000000	        0.0666666667	        0.1000000000	        0.0010000000
        1.9563323538	        0.4748116243	        0.1831648206	        0.3560779868	        5.6801371381	        0.0007321828	        0.0000926309	        0.0001029232	        0.0002753222	        0.1000000000	        0.0010000000	        0.0666666667	        0.1000000000	        0.0010000000
        1.9617651675	        0.4265362596	        0.1678367244	        0.1088843897	        5.5522841261	        0.0007207067	        0.0000587365	        0.0000652628	        0.0001926209	        0.1000000000	        0.0010000000	        0.0666666667	        0.1000000000	        0.0010000000
        1.9666030060	        0.3794383546	        0.1529160892	       -0.1913673959	        5.4349175310	        0.0007221987	        0.0000363950	        0.0000404389	        0.0001295248	        0.1000000000	        0.0010000000	        0.0666666667	        0.1000000000	        0.0010000000
        1.9709085097	        0.3347164054	        0.1386143444	       -0.5518448355	        5.3258013174	        0.0007361619	        0.0000220652	        0.0000245169	        0.0000841718	        0.1000000000	        0.0010000000	        0.0666666667	        0.1000000000	        0.0010000000
        1.9747382607	        0.2931412328	        0.1250474525	       -0.9682365915	        5.2265501668	        0.0007618405	        0.0000130964	        0.0000145515	        0.0000531360	        0.1000000000	        0.0010000000	        0.0666666667	        0.1000000000	        0.0010000000
        1.9781432525	        0.2550835195	        0.1122549412	       -1.4381828549	        5.1365931202	        0.0007980190	        0.0000076084	        0.0000084537	        0.0000326986	        0.1000000000	        0.0010000000	        0.0666666667	        0.1000000000	        0.0010000000
        1.9811693494	        0.2206152839	        0.1002283076	       -1.9647041546	        5.0551618782	        0.0008439906	        0.0000043222	        0.0000048024	        0.0000196430	        0.1000000000	        0.0010000000	        0.0666666667	        0.1000000000	        0.0010000000
        1.9838577298	        0.1896190193	        0.0889343890	       -2.5385054881	        4.9821519974	        0.0008979680	        0.0000023963	        0.0000026626	        0.0000115109	        0.1000000000	        0.0010000000	        0.0666666667	        0.1000000000	        0.0010000000
        1.9862453073	        0.1618737113	        0.0783339308	       -3.1392101516	        4.9179306196	        0.0009571982	        0.0000012927	        0.0000014363	        0.0000065609	        0.1000000000	        0.0010000000	        0.0666666667	        0.1000000000	        0.0010000000
        1.9883651267	        0.1371124005	        0.0683924202	       -3.7670965315	        4.8614894032	        0.0010208153	        0.0000006754	        0.0000007505	        0.0000036195	        0.1000000000	        0.0010000000	        0.0666666667	        0.1000000000	        0.0010000000
        1.9902467340	        0.1150567285	        0.0590805433	       -4.4285066999	        4.8113200590	        0.0010886255	        0.0000003397	        0.0000003775	        0.0000019197	        0.1000000000	        0.0010000000	        0.0666666667	        0.1000000000	        0.0010000000
        1.9919165179	        0.0954358709	        0.0503725525	       -5.1142302728	        4.7665441890	        0.0011594764	        0.0000001630	        0.0000001811	        0.0000009696	        0.1000000000	        0.0010000000	        0.0666666667	        0.1000000000	        0.0010000000
        1.9933980257	        0.0779958968	        0.0422459668	       -5.8069022415	        4.7267052923	        0.0012317802	        0.0000000736	        0.0000000818	        0.0000004602	        0.1000000000	        0.0010000000	        0.0666666667	        0.1000000000	        0.0010000000
        1.9947122508	        0.0625036404	        0.0346809464	       -6.4918790070	        4.6913535767	        0.0013040634	        0.0000000307	        0.0000000341	        0.0000002013	        0.1000000000	        0.0010000000	        0.0666666667	        0.1000000000	        0.0010000000
        1.9958778967	        0.0487475990	        0.0276589423	       -7.1578249746	        4.6600433078	        0.0013750788	        0.0000000115	        0.0000000128	        0.0000000787	        0.1000000000	        0.0010000000	        0.0666666667	        0.1000000000	        0.0010000000
        1.9969116151	        0.0365373105	        0.0211613654	       -7.7963830447	        4.6323493027	        0.0014438340	        0.0000000037	        0.0000000041	        0.0000000262	        0.1000000000	        0.0010000000	        0.0666666667	        0.1000000000	        0.0010000000
        1.9978282231	        0.0257020197	        0.0151686211	       -8.4017539935	        4.6078758898	        0.0015095847	        0.0000000009	        0.0000000010	        0.0000000067	        0.1000000000	        0.0010000000	        0.0666666667	        0.1000000000	        0.0010000000
        1.9986408981	        0.0160890634	        0.0096595869	       -8.9702575425	        4.5862609965	        0.0015718101	        0.0000000001	        0.0000000002	        0.0000000011	        0.1000000000	        0.0010000000	        0.0666666667	        0.1000000000	        0.0010000000
        1.9993613540	        0.0075622013	        0.0046114779	       -9.4999161264	        4.5671771647	        0.0016301809	        0.0000000000	        0.0000000000	        0.0000000001	        0.1000000000	        0.0010000000	        0.0666666667	        0.1000000000	        0.0010000000
        2.0000000000	        0.0000000000	        0.0000000000	       -9.9900821251	        4.5503307030	        0.0016845253	        0.0000000000	        0.0000000000	        0.0000000000	        0.0000000000	        0.0010000000	        0.0000000000	        0.1000000000	        0.0010000000
