        0.0000000000	        0.0000000000	        1.0000000000	        8.9658905180	       30.4043084579	        0.0007720205	        0.0000000000	        0.0000000000	        0.0000000000	        0.0000000000	        0.0010000000	        0.0000000000	        0.1000000000	        0.0010000000
        0.0006386460	        0.0072238993	        0.9980280163	        8.1351373265	       30.3838870232	        0.0007139638	        0.0000000000	        0.0000000000	        0.0000000000	        0.1000000000	        0.0010000000	        0.0666666667	        0.1000000000	        0.0010000000
        0.0013591019	        0.0153688860	        0.9959357096	        7.2718392166	       30.3615111251	        0.0006539175	        0.0000000001	        0.0000000001	        0.0000000003	        0.1000000000	        0.0010000000	        0.0666666667	        0.1000000000	        0.0010000000
        0.0021717769	        0.0245507994	        0.9937260776	        6.3873772480	       30.3370594152	        0.0005927522	        0.0000000006	        0.0000000007	        0.0000000019	        0.1000000000	        0.0010000000	        0.0666666667	        0.1000000000	        0.0010000000
        0.0030883849	        0.0348995893	        0.9914020538	        5.4967696681	       30.3104068438	        0.0005315960	        0.0000000026	        0.0000000029	        0.0000000071	        0.1000000000	        0.0010000000	        0.0666666667	        0.1000000000	        0.0010000000
        0.0041221033	        0.0465608776	        0.9889652426	        4.6188337075	       30.2814172120	        0.0004718373	        0.0000000083	        0.0000000092	        0.0000000209	        0.1000000000	        0.0010000000	        0.0666666667	        0.1000000000	        0.0010000000
        0.0052877492	        0.0596976092	        0.9864142501	        3.7759003107	       30.2499284976	        0.0004150889	        0.0000000223	        0.0000000248	        0.0000000524	        0.1000000000	        0.0010000000	        0.0666666667	        0.1000000000	        0.0010000000
        0.0066019743	        0.0744917308	        0.9837427435	        2.9927348983	       30.2157264748	        0.0003630877	        0.0000000541	        0.0000000602	        0.0000001181	        0.1000000000	        0.0010000000	        0.0666666667	        0.1000000000	        0.0010000000
        0.0080834821	        0.0911457630	        0.9809375509	        2.2941270942	       30.1784998533	        0.0003174836	        0.0000001213	        0.0000001347	        0.0000002471	        0.1000000000	        0.0010000000	        0.0666666667	        0.1000000000	        0.0010000000
        0.0097532660	        0.1098840054	        0.9779772990	        1.7003314742	       30.1377667914	        0.0002794557	        0.0000002559	        0.0000002844	        0.0000004900	        0.1000000000	        0.0010000000	        0.0666666667	        0.1000000000	        0.0010000000
        0.0116348733	        0.1309528663	        0.9748321080	        1.2191300392	       30.0927577451	        0.0002490562	        0.0000005156	        0.0000005729	        0.0000009346	        0.1000000000	        0.0010000000	        0.0666666667	        0.1000000000	        0.0010000000
        0.0137546927	        0.1546193790	        0.9714642513	        0.8376201536	       30.0423504658	        0.0002246205	        0.0000010004	        0.0000011116	        0.0000017313	        0.1000000000	        0.0010000000	        0.0666666667	        0.1000000000	        0.0010000000
        0.0161422702	        0.1811662134	        0.9678282153	        0.5474203080	       29.9858949757	        0.0002056003	        0.0000018820	        0.0000020911	        0.0000031345	        0.1000000000	        0.0010000000	        0.0666666667	        0.1000000000	        0.0010000000
        0.0188306506	        0.2108802556	        0.9638729369	        0.3340043775	       29.9232635824	        0.0001920055	        0.0000034482	        0.0000038313	        0.0000055659	        0.1000000000	        0.0010000000	        0.0666666667	        0.1000000000	        0.0010000000
        0.0218567475	        0.2440300019	        0.9595453569	        0.1797468592	       29.8541578622	        0.0001833683	        0.0000061731	        0.0000068589	        0.0000097030	        0.1000000000	        0.0010000000	        0.0666666667	        0.1000000000	        0.0010000000
        0.0252617393	        0.2808247947	        0.9547956545	        0.0711301477	       29.7778331537	        0.0001786956	        0.0000108210	        0.0000120234	        0.0000165872	        0.1000000000	        0.0010000000	        0.0666666667	        0.1000000000	        0.0010000000
        0.0290914903	        0.3213476030	        0.9495866892	       -0.0058615880	       29.6932546459	        0.0001773352	        0.0000185944	        0.0000206604	        0.0000277144	        0.1000000000	        0.0010000000	        0.0666666667	        0.1000000000	        0.0010000000
        0.0333969940	        0.3654562649	        0.9439068468	       -0.0639515348	       29.5993633705	        0.0001791502	        0.0000313293	        0.0000348103	        0.0000450293	        0.1000000000	        0.0010000000	        0.0666666667	        0.1000000000	        0.0010000000
        0.0382348325	        0.4126628302	        0.9377848723	       -0.1110068430	       29.4960543423	        0.0001840886	        0.0000517277	        0.0000574752	        0.0000706813	        0.1000000000	        0.0010000000	        0.0666666667	        0.1000000000	        0.0010000000
        0.0436676462	        0.4620333585	        0.9313032861	       -0.1524915950	       29.3814065498	        0.0001923617	        0.0000835777	        0.0000928641	        0.0001064242	        0.1000000000	        0.0010000000	        0.0666666667	        0.1000000000	        0.0010000000
        0.0497646022	        0.5121910088	        0.9245992301	       -0.1915964167	       29.2542096724	        0.0002044642	        0.0001318545	        0.0001465050	        0.0001527853	        0.1000000000	        0.0010000000	        0.0666666667	        0.1000000000	        0.0010000000
        0.0566018496	        0.5615049574	        0.9178423528	       -0.2295924409	       29.1143401148	        0.0002210562	        0.0002025298	        0.0002250332	        0.0002085189	        0.1000000000	        0.0010000000	        0.0666666667	        0.1000000000	        0.0010000000
        0.0642629411	        0.6084475061	        0.9111918512	       -0.2665570271	       28.9581696183	        0.0002429554	        0.0003019345	        0.0003354827	        0.0002709675	        0.1000000000	        0.0010000000	        0.0666666667	        0.1000000000	        0.0010000000
        0.0728392004	        0.6519490537	        0.9047531982	       -0.3016580355	       28.7856228782	        0.0002710296	        0.0004357010	        0.0004841122	        0.0003372976	        0.1000000000	        0.0010000000	        0.0666666667	        0.1000000000	        0.0010000000
        0.0824300053	        0.6915538803	        0.8985582648	       -0.3334394045	       28.5961137482	        0.0003061240	        0.0006075741	        0.0006750824	        0.0004057141	        0.1000000000	        0.0010000000	        0.0666666667	        0.1000000000	        0.0010000000
        0.0931429507	        0.7273375822	        0.8925733382	       -0.3600976793	       28.3869926039	        0.0003489511	        0.0008185022	        0.0009094469	        0.0004758235	        0.1000000000	        0.0010000000	        0.0666666667	        0.1000000000	        0.0010000000
        0.1050938490	        0.7597036129	        0.8867214265	       -0.3798063394	       28.1569958295	        0.0003999090	        0.0010663385	        0.0011848206	        0.0005481869	        0.1000000000	        0.0010000000	        0.0666666667	        0.1000000000	        0.0010000000
        0.1184065179	        0.7891885940	        0.8809042121	       -0.3910372150	       27.9058754455	        0.0004590909	        0.0013462428	        0.0014958253	        0.0006236224	        0.1000000000	        0.0010000000	        0.0666666667	        0.1000000000	        0.0010000000
        0.1332122955	        0.8163334547	        0.8750173509	       -0.3930809837	       27.6321848165	        0.0005259479	        0.0016515954	        0.0018351060	        0.0007026863	        0.1000000000	        0.0010000000	        0.0666666667	        0.1000000000	        0.0010000000
        0.1496492201	        0.8416185281	        0.8689589741	       -0.3858191256	       27.3354367795	        0.0005996629	        0.0019750684	        0.0021945205	        0.0007854151	        0.1000000000	        0.0010000000	        0.0666666667	        0.1000000000	        0.0010000000
        0.1678608015	        0.8654406505	        0.8626341020	       -0.3698145220	       27.0157390551	        0.0006788135	        0.0023095129	        0.0025661254	        0.0008712495	        0.1000000000	        0.0010000000	        0.0666666667	        0.1000000000	        0.0010000000
        0.1879943127	        0.8881122013	        0.8559568786	       -0.3463955764	       26.6696885053	        0.0007616822	        0.0026484827	        0.0029427586	        0.0009591044	        0.1000000000	        0.0010000000	        0.0666666667	        0.1000000000	        0.0010000000
        0.2101985296	        0.9098693418	        0.8488515394	       -0.3170270267	       26.2995842890	        0.0008463583	        0.0029863939	        0.0033182155	        0.0010474828	        0.1000000000	        0.0010000000	        0.0666666667	        0.1000000000	        0.0010000000
        0.2346208557	        0.9308827613	        0.8412533062	       -0.2837070330	       25.9039273722	        0.0009306806	        0.0033184263	        0.0036871404	        0.0011346393	        0.1000000000	        0.0010000000	        0.0666666667	        0.1000000000	        0.0010000000
        0.2614037844	        0.9512679021	        0.8331084495	       -0.2495858380	       25.4816950711	        0.0010127530	        0.0036403029	        0.0040447810	        0.0012189598	        0.1000000000	        0.0010000000	        0.0666666667	        0.1000000000	        0.0010000000
        0.2906806794	        0.9710935592	        0.8243715739	       -0.2169907939	       25.0332585687	        0.0010912992	        0.0039480538	        0.0043867265	        0.0012992629	        0.1000000000	        0.0010000000	        0.0666666667	        0.1000000000	        0.0010000000
        0.3225708876	        0.9903886450	        0.8150028798	       -0.1852726465	       24.5581659699	        0.0011651480	        0.0042378309	        0.0047087010	        0.0013744481	        0.1000000000	        0.0010000000	        0.0666666667	        0.1000000000	        0.0010000000
        0.3571742551	        1.0091472921	        0.8049710019	       -0.1545348762	       24.0550707576	        0.0012329413	        0.0045058010	        0.0050064455	        0.0014432310	        0.1000000000	        0.0010000000	        0.0666666667	        0.1000000000	        0.0010000000
        0.3945651751	        1.0273325949	        0.7942545039	       -0.1265293159	       23.5257367057	        0.0012933968	        0.0047481266	        0.0052756963	        0.0015046377	        0.1000000000	        0.0010000000	        0.0666666667	        0.1000000000	        0.0010000000
        0.4347863703	        1.0448793115	        0.7828382698	       -0.1019035860	       22.9674135556	        0.0013459601	        0.0049610285	        0.0055122539	        0.0015582546	        0.1000000000	        0.0010000000	        0.0666666667	        0.1000000000	        0.0010000000
        0.4778426900	        1.0616958270	        0.7707113528	       -0.0807022229	       22.3818320284	        0.0013910086	        0.0051409207	        0.0057121341	        0.0016040284	        0.1000000000	        0.0010000000	        0.0666666667	        0.1000000000	        0.0010000000
        0.5236952751	        1.0776656411	        0.7578658628	       -0.0626298061	       21.7683337871	        0.0014285934	        0.0052846112	        0.0058717902	        0.0016421165	        0.1000000000	        0.0010000000	        0.0666666667	        0.1000000000	        0.0010000000
        0.5722565058	        1.0926486176	        0.7442968361	       -0.0484024780	       21.1283544896	        0.0014597794	        0.0053895597	        0.0059883997	        0.0016730949	        0.1000000000	        0.0010000000	        0.0666666667	        0.1000000000	        0.0010000000
        0.6233861842	        1.1064822186	        0.7299977046	       -0.0371395038	       20.4614429182	        0.0014855152	        0.0054541894	        0.0060602105	        0.0016978066	        0.1000000000	        0.0010000000	        0.0666666667	        0.1000000000	        0.0010000000
        0.6768894010	        1.1189829748	        0.7149624837	       -0.0297313342	       19.7705614019	        0.0015061288	        0.0054782546	        0.0060869495	        0.0017174426	        0.1000000000	        0.0010000000	        0.0666666667	        0.1000000000	        0.0010000000
        0.7325164896	        1.1299485393	        0.6991803994	       -0.0251477482	       19.0583595047	        0.0015229529	        0.0054632762	        0.0060703069	        0.0017334344	        0.1000000000	        0.0010000000	        0.0666666667	        0.1000000000	        0.0010000000
        0.7899653716	        1.1391609004	        0.6826414219	       -0.0237638667	       18.3276313983	        0.0015374217	        0.0054130782	        0.0060145313	        0.0017472862	        0.1000000000	        0.0010000000	        0.0666666667	        0.1000000000	        0.0010000000
        0.8488864424	        1.1463917809	        0.6653377088	       -0.0290116554	       17.5841622842	        0.0015532985	        0.0053345120	        0.0059272355	        0.0017619220	        0.1000000000	        0.0010000000	        0.0666666667	        0.1000000000	        0.0010000000
        0.9088899606	        1.1514120447	        0.6472497207	       -0.0394900550	       16.8335278592	        0.0015756705	        0.0052386966	        0.0058207740	        0.0017808821	        0.1000000000	        0.0010000000	        0.0666666667	        0.1000000000	        0.0010000000
        0.9695556872	        1.1540080798	        0.6283745376	       -0.0515869976	       16.0838749914	        0.0016068228	        0.0051450769	        0.0057167521	        0.0018013008	        0.1000000000	        0.0010000000	        0.0666666667	        0.1000000000	        0.0010000000
        1.0304443128	        1.1540080798	        0.6089022070	       -0.0671075017	       15.3438014143	        0.0016484061	        0.0051450769	        0.0057167521	        0.0018402109	        0.1000000000	        0.0010000000	        0.0666666667	        0.1000000000	        0.0010000000
        1.0911100394	        1.1514120447	        0.5891986742	       -0.0828072833	       14.6223308691	        0.0017011938	        0.0052386966	        0.0058207740	        0.0018991256	        0.1000000000	        0.0010000000	        0.0666666667	        0.1000000000	        0.0010000000
        1.1511135576	        1.1463917809	        0.5694848271	       -0.0935529029	       13.9278881394	        0.0017623211	        0.0053345120	        0.0059272355	        0.0019600946	        0.1000000000	        0.0010000000	        0.0666666667	        0.1000000000	        0.0010000000
        1.2100346284	        1.1391609004	        0.5498262816	       -0.0992565397	       13.2667899947	        0.0018283701	        0.0054130782	        0.0060145313	        0.0020243256	        0.1000000000	        0.0010000000	        0.0666666667	        0.1000000000	        0.0010000000
        1.2674835104	        1.1299485393	        0.5302762393	       -0.1024238926	       12.6430281464	        0.0018958377	        0.0054632762	        0.0060703069	        0.0020889354	        0.1000000000	        0.0010000000	        0.0666666667	        0.1000000000	        0.0010000000
        1.3231105990	        1.1189829748	        0.5108766618	       -0.1006882015	       12.0587777626	        0.0019603445	        0.0054782546	        0.0060869495	        0.0021511057	        0.1000000000	        0.0010000000	        0.0666666667	        0.1000000000	        0.0010000000
        1.3766138158	        1.1064822186	        0.4916774068	       -0.0905933420	       11.5167999594	        0.0020178598	        0.0054541894	        0.0060602105	        0.0022065817	        0.1000000000	        0.0010000000	        0.0666666667	        0.1000000000	        0.0010000000
        1.4277434942	        1.0926486176	        0.4727517993	       -0.0734472100	       11.0114483279	        0.0020648196	        0.0053895597	        0.0059883997	        0.0022510204	        0.1000000000	        0.0010000000	        0.0666666667	        0.1000000000	        0.0010000000
        1.4763047249	        1.0776656411	        0.4541829462	       -0.0557175295	       10.5444849210	        0.0021006345	        0.0052846112	        0.0058717902	        0.0022828206	        0.1000000000	        0.0010000000	        0.0666666667	        0.1000000000	        0.0010000000
        1.5221573100	        1.0616958270	        0.4360311382	       -0.0348283758	       10.1108404855	        0.0021250716	        0.0051409207	        0.0057121341	        0.0023019224	        0.1000000000	        0.0010000000	        0.0666666667	        0.1000000000	        0.0010000000
        1.5652136297	        1.0448793115	        0.4183453372	       -0.0078306217	        9.7068885488	        0.0021361186	        0.0049610285	        0.0055122539	        0.0023072461	        0.1000000000	        0.0010000000	        0.0666666667	        0.1000000000	        0.0010000000
        1.6054348249	        1.0273325949	        0.4011717229	        0.0206204018	        9.3308018717	        0.0021341231	        0.0047481266	        0.0052756963	        0.0022984837	        0.1000000000	        0.0010000000	        0.0666666667	        0.1000000000	        0.0010000000
        1.6428257449	        1.0091472921	        0.3845353874	        0.0532234047	        8.9793826806	        0.0021190747	        0.0045058010	        0.0050064455	        0.0022761608	        0.1000000000	        0.0010000000	        0.0666666667	        0.1000000000	        0.0010000000
        1.6774291124	        0.9903886450	        0.3684488670	        0.0926105991	        8.6502718196	        0.0020906405	        0.0042378309	        0.0047087010	        0.0022400045	        0.1000000000	        0.0010000000	        0.0666666667	        0.1000000000	        0.0010000000
        1.7093193206	        0.9710935592	        0.3529173372	        0.1426406584	        8.3412283734	        0.0020484980	        0.0039480538	        0.0043867265	        0.0021890180	        0.1000000000	        0.0010000000	        0.0666666667	        0.1000000000	        0.0010000000
        1.7385962156	        0.9512679021	        0.3379443249	        0.2015444517	        8.0496630525	        0.0019918020	        0.0036403029	        0.0040447810	        0.0021224116	        0.1000000000	        0.0010000000	        0.0666666667	        0.1000000000	        0.0010000000
        1.7653791443	        0.9308827613	        0.3235234369	        0.2669330821	        7.7741934385	        0.0019210216	        0.0033184263	        0.0036871404	        0.0020405464	        0.1000000000	        0.0010000000	        0.0666666667	        0.1000000000	        0.0010000000
        1.7898014704	        0.9098693418	        0.3096317974	        0.3406434390	        7.5128841834	        0.0018367106	        0.0029863939	        0.0033182155	        0.0019441498	        0.1000000000	        0.0010000000	        0.0666666667	        0.1000000000	        0.0010000000
        1.8120056873	        0.8881122013	        0.2962333023	        0.4208222886	        7.2650270641	        0.0017401382	        0.0026484827	        0.0029427586	        0.0018340628	        0.1000000000	        0.0010000000	        0.0666666667	        0.1000000000	        0.0010000000
        1.8321391985	        0.8654406505	        0.2832758725	        0.5029602123	        7.0288994404	        0.0016333392	        0.0023095129	        0.0025661254	        0.0017118193	        0.1000000000	        0.0010000000	        0.0666666667	        0.1000000000	        0.0010000000
        1.8503507799	        0.8416185281	        0.2706869619	        0.5821484279	        6.8042225927	        0.0015194845	        0.0019750684	        0.0021945205	        0.0015795760	        0.1000000000	        0.0010000000	        0.0666666667	        0.1000000000	        0.0010000000
        1.8667877045	        0.8163334547	        0.2583714843	        0.6523173516	        6.5909648131	        0.0014025157	        0.0016515954	        0.0018351060	        0.0014398124	        0.1000000000	        0.0010000000	        0.0666666667	        0.1000000000	        0.0010000000
        1.8815934821	        0.7891885940	        0.2462110311	        0.7077634943	        6.3892380296	        0.0012864026	        0.0013462428	        0.0014958253	        0.0012950076	        0.1000000000	        0.0010000000	        0.0666666667	        0.1000000000	        0.0010000000
        1.8949061510	        0.7597036129	        0.2340669257	        0.7444860334	        6.1989973584	        0.0011749327	        0.0010663385	        0.0011848206	        0.0011472392	        0.1000000000	        0.0010000000	        0.0666666667	        0.1000000000	        0.0010000000
        1.9068570493	        0.7273375822	        0.2217900179	        0.7596851275	        6.0190028919	        0.0010706470	        0.0008185022	        0.0009094469	        0.0009980360	        0.1000000000	        0.0010000000	        0.0666666667	        0.1000000000	        0.0010000000
        1.9175699947	        0.6915538803	        0.2092392522	        0.7510324164	        5.8515740750	        0.0009772591	        0.0006075741	        0.0006750824	        0.0008487088	        0.1000000000	        0.0010000000	        0.0666666667	        0.1000000000	        0.0010000000
        1.9271607996	        0.6519490537	        0.1963111035	        0.7173175190	        5.6958708973	        0.0008960332	        0.0004357010	        0.0004841122	        0.0007011014	        0.1000000000	        0.0010000000	        0.0666666667	        0.1000000000	        0.0010000000
        1.9357370589	        0.6084475061	        0.1829792798	        0.6574527964	        5.5509802347	        0.0008276940	        0.0003019345	        0.0003354827	        0.0005585421	        0.1000000000	        0.0010000000	        0.0666666667	        0.1000000000	        0.0010000000
        1.9433981504	        0.5615049574	        0.1693305798	        0.5720005878	        5.4185975656	        0.0007735788	        0.0002025298	        0.0002250332	        0.0004262400	        0.1000000000	        0.0010000000	        0.0666666667	        0.1000000000	        0.0010000000
        1.9502353978	        0.5121910088	        0.1555728374	        0.4587800799	        5.2962725904	        0.0007327967	        0.0001318545	        0.0001465050	        0.0003103206	        0.1000000000	        0.0010000000	        0.0666666667	        0.1000000000	        0.0010000000
        1.9563323538	        0.4620333585	        0.1419902278	        0.3182884630	        5.1849345498	        0.0007053531	        0.0000835777	        0.0000928641	        0.0002155535	        0.1000000000	        0.0010000000	        0.0666666667	        0.1000000000	        0.0010000000
        1.9617651675	        0.4126628302	        0.1288664076	        0.1471167813	        5.0832218080	        0.0006906198	        0.0000517277	        0.0000574752	        0.0001434341	        0.1000000000	        0.0010000000	        0.0666666667	        0.1000000000	        0.0010000000
        1.9666030060	        0.3654562649	        0.1164137181	       -0.0562195078	        4.9907133751	        0.0006877778	        0.0000313293	        0.0000348103	        0.0000920271	        0.1000000000	        0.0010000000	        0.0666666667	        0.1000000000	        0.0010000000
        1.9709085097	        0.3213476030	        0.1047468530	       -0.2924432131	        4.9077115129	        0.0006961107	        0.0000185944	        0.0000206604	        0.0000573125	        0.1000000000	        0.0010000000	        0.0666666667	        0.1000000000	        0.0010000000
        1.9747382607	        0.2808247947	        0.0938959670	       -0.5656533158	        4.8326426282	        0.0007146676	        0.0000108210	        0.0000120234	        0.0000348311	        0.1000000000	        0.0010000000	        0.0666666667	        0.1000000000	        0.0010000000
        1.9781432525	        0.2440300019	        0.0838348023	       -0.8810008285	        4.7648210757	        0.0007430096	        0.0000061731	        0.0000068589	        0.0000207245	        0.1000000000	        0.0010000000	        0.0666666667	        0.1000000000	        0.0010000000
        1.9811693494	        0.2108802556	        0.0745080123	       -1.2363955613	        4.7040975114	        0.0007800143	        0.0000034482	        0.0000038313	        0.0000120837	        0.1000000000	        0.0010000000	        0.0666666667	        0.1000000000	        0.0010000000
        1.9838577298	        0.1811662134	        0.0658525223	       -1.6240665246	        4.6505114522	        0.0008239780	        0.0000018820	        0.0000020911	        0.0000068947	        0.1000000000	        0.0010000000	        0.0666666667	        0.1000000000	        0.0010000000
        1.9862453073	        0.1546193790	        0.0578100290	       -2.0428744366	        4.6034584062	        0.0008739138	        0.0000010004	        0.0000011116	        0.0000038368	        0.1000000000	        0.0010000000	        0.0666666667	        0.1000000000	        0.0010000000
        1.9883651267	        0.1309528663	        0.0503305366	       -2.4937128802	        4.5620362295	        0.0009291343	        0.0000005156	        0.0000005729	        0.0000020718	        0.1000000000	        0.0010000000	        0.0666666667	        0.1000000000	        0.0010000000
        1.9902467340	        0.1098840054	        0.0433723171	       -2.9689389496	        4.5255391840	        0.0009883911	        0.0000002559	        0.0000002844	        0.0000010779	        0.1000000000	        0.0010000000	        0.0666666667	        0.1000000000	        0.0010000000
        1.9919165179	        0.0911457630	        0.0369014635	       -3.4558473168	        4.4934431674	        0.0010502513	        0.0000001213	        0.0000001347	        0.0000005350	        0.1000000000	        0.0010000000	        0.0666666667	        0.1000000000	        0.0010000000
        1.9933980257	        0.0744917308	        0.0308906828	       -3.9431174353	        4.4652605190	        0.0011132861	        0.0000000541	        0.0000000602	        0.0000002499	        0.1000000000	        0.0010000000	        0.0666666667	        0.1000000000	        0.0010000000
        1.9947122508	        0.0596976092	        0.0253173837	       -4.4216157143	        4.4405366070	        0.0011762095	        0.0000000223	        0.0000000248	        0.0000001077	        0.1000000000	        0.0010000000	        0.0666666667	        0.1000000000	        0.0010000000
        1.9958778967	        0.0465608776	        0.0201617781	       -4.8843256690	        4.4188567034	        0.0012379445	        0.0000000083	        0.0000000092	        0.0000000415	        0.1000000000	        0.0010000000	        0.0666666667	        0.1000000000	        0.0010000000
        1.9969116151	        0.0348995893	        0.0154053621	       -5.3261377019	        4.3998480849	        0.0012976411	        0.0000000026	        0.0000000029	        0.0000000136	        0.1000000000	        0.0010000000	        0.0666666667	        0.1000000000	        0.0010000000
        1.9978282231	        0.0245507994	        0.0110298784	       -5.7435784283	        4.3831792570	        0.0013546670	        0.0000000006	        0.0000000007	        0.0000000035	        0.1000000000	        0.0010000000	        0.0666666667	        0.1000000000	        0.0010000000
        1.9986408981	        0.0153688860	        0.0070167207	       -6.1345273899	        4.3685575515	        0.0014085840	        0.0000000001	        0.0000000001	        0.0000000005	        0.1000000000	        0.0010000000	        0.0666666667	        0.1000000000	        0.0010000000
        1.9993613540	        0.0072238993	        0.0033466906	       -6.4979481369	        4.3557259000	        0.0014591190	        0.0000000000	        0.0000000000	        0.0000000000	        0.1000000000	        0.0010000000	        0.0666666667	        0.1000000000	        0.0010000000
        2.0000000000	        0.0000000000	        0.0000000000	       -6.8336473605	        4.3444592947	        0.0015061341	        0.0000000000	        0.0000000000	        0.0000000000	        0.0000000000	        0.0010000000	        0.0000000000	        0.1000000000	        0.0010000000
