     0.23093E-02     0.12181E-04    -0.16557E-02     0.48277E-06     0.00000E+00     0.00000E+00    -0.24179E-04     0.16308E-02     0.00000E+00     0.00000E+00     0.00000E+00     0.00000E+00     0.00000E+00
     0.70633E-02     0.11589E-03    -0.16161E-02     0.16348E-04     0.00000E+00     0.00000E+00     0.36056E-04     0.15645E-02     0.00000E+00     0.00000E+00     0.00000E+00     0.00000E+00     0.00000E+00
     0.12087E-01     0.33652E-03    -0.16065E-02     0.86044E-04     0.00000E+00     0.00000E+00     0.12821E-03     0.13882E-02     0.00000E+00     0.00000E+00     0.00000E+00     0.00000E+00     0.00000E+00
     0.17376E-01     0.67691E-03    -0.15641E-02     0.25287E-03     0.00000E+00     0.00000E+00     0.30554E-03     0.10079E-02     0.00000E+00     0.00000E+00     0.00000E+00     0.00000E+00     0.00000E+00
     0.22928E-01     0.11207E-02    -0.15053E-02     0.53992E-03     0.00000E+00     0.00000E+00     0.47559E-03     0.49637E-03     0.00000E+00     0.00000E+00     0.00000E+00     0.00000E+00     0.00000E+00
     0.28739E-01     0.16322E-02    -0.14563E-02     0.93111E-03     0.00000E+00     0.00000E+00     0.54868E-03    -0.13352E-04     0.00000E+00     0.00000E+00     0.00000E+00     0.00000E+00     0.00000E+00
     0.34807E-01     0.21654E-02    -0.14337E-02     0.13731E-02     0.00000E+00     0.00000E+00     0.47765E-03    -0.40485E-03     0.00000E+00     0.00000E+00     0.00000E+00     0.00000E+00     0.00000E+00
     0.41127E-01     0.26761E-02    -0.14406E-02     0.17969E-02     0.00000E+00     0.00000E+00     0.28670E-03    -0.63060E-03     0.00000E+00     0.00000E+00     0.00000E+00     0.00000E+00     0.00000E+00
     0.47696E-01     0.31309E-02    -0.14662E-02     0.21436E-02     0.00000E+00     0.00000E+00     0.39025E-04    -0.70533E-03     0.00000E+00     0.00000E+00     0.00000E+00     0.00000E+00     0.00000E+00
     0.54512E-01     0.35106E-02    -0.14967E-02     0.23799E-02     0.00000E+00     0.00000E+00    -0.20012E-03    -0.67429E-03     0.00000E+00     0.00000E+00     0.00000E+00     0.00000E+00     0.00000E+00
     0.61570E-01     0.38088E-02    -0.15209E-02     0.24997E-02     0.00000E+00     0.00000E+00    -0.38653E-03    -0.58626E-03     0.00000E+00     0.00000E+00     0.00000E+00     0.00000E+00     0.00000E+00
     0.68868E-01     0.40285E-02    -0.15325E-02     0.25170E-02     0.00000E+00     0.00000E+00    -0.50282E-03    -0.47837E-03     0.00000E+00     0.00000E+00     0.00000E+00     0.00000E+00     0.00000E+00
     0.76401E-01     0.41778E-02    -0.15301E-02     0.24555E-02     0.00000E+00     0.00000E+00    -0.55229E-03    -0.37289E-03     0.00000E+00     0.00000E+00     0.00000E+00     0.00000E+00     0.00000E+00
     0.84168E-01     0.42675E-02    -0.15149E-02     0.23407E-02     0.00000E+00     0.00000E+00    -0.54861E-03    -0.28023E-03     0.00000E+00     0.00000E+00     0.00000E+00     0.00000E+00     0.00000E+00
     0.92164E-01     0.43084E-02    -0.14895E-02     0.21951E-02     0.00000E+00     0.00000E+00    -0.50836E-03    -0.20344E-03     0.00000E+00     0.00000E+00     0.00000E+00     0.00000E+00     0.00000E+00
     0.10039E+00     0.43110E-02    -0.14566E-02     0.20361E-02     0.00000E+00     0.00000E+00    -0.44623E-03    -0.14203E-03     0.00000E+00     0.00000E+00     0.00000E+00     0.00000E+00     0.00000E+00
     0.10883E+00     0.42846E-02    -0.14179E-02     0.18758E-02     0.00000E+00     0.00000E+00    -0.37356E-03    -0.94750E-04     0.00000E+00     0.00000E+00     0.00000E+00     0.00000E+00     0.00000E+00
     0.11749E+00     0.42369E-02    -0.13752E-02     0.17220E-02     0.00000E+00     0.00000E+00    -0.29800E-03    -0.59803E-04     0.00000E+00     0.00000E+00     0.00000E+00     0.00000E+00     0.00000E+00
     0.12637E+00     0.41744E-02    -0.13298E-02     0.15789E-02     0.00000E+00     0.00000E+00    -0.22574E-03    -0.34850E-04     0.00000E+00     0.00000E+00     0.00000E+00     0.00000E+00     0.00000E+00
     0.13547E+00     0.41020E-02    -0.12829E-02     0.14487E-02     0.00000E+00     0.00000E+00    -0.16109E-03    -0.16587E-04     0.00000E+00     0.00000E+00     0.00000E+00     0.00000E+00     0.00000E+00
     0.14477E+00     0.40237E-02    -0.12356E-02     0.13319E-02     0.00000E+00     0.00000E+00    -0.10449E-03    -0.32478E-05     0.00000E+00     0.00000E+00     0.00000E+00     0.00000E+00     0.00000E+00
     0.15428E+00     0.39428E-02    -0.11884E-02     0.12282E-02     0.00000E+00     0.00000E+00    -0.56191E-04     0.58568E-05     0.00000E+00     0.00000E+00     0.00000E+00     0.00000E+00     0.00000E+00
     0.16399E+00     0.38617E-02    -0.11418E-02     0.11367E-02     0.00000E+00     0.00000E+00    -0.16064E-04     0.11053E-04     0.00000E+00     0.00000E+00     0.00000E+00     0.00000E+00     0.00000E+00
     0.17390E+00     0.37820E-02    -0.10965E-02     0.10568E-02     0.00000E+00     0.00000E+00     0.16484E-04     0.13934E-04     0.00000E+00     0.00000E+00     0.00000E+00     0.00000E+00     0.00000E+00
     0.18401E+00     0.37048E-02    -0.10534E-02     0.98752E-03     0.00000E+00     0.00000E+00     0.40646E-04     0.16338E-04     0.00000E+00     0.00000E+00     0.00000E+00     0.00000E+00     0.00000E+00
     0.19431E+00     0.36311E-02    -0.10124E-02     0.92758E-03     0.00000E+00     0.00000E+00     0.57261E-04     0.18434E-04     0.00000E+00     0.00000E+00     0.00000E+00     0.00000E+00     0.00000E+00
     0.20480E+00     0.35618E-02    -0.97320E-03     0.87550E-03     0.00000E+00     0.00000E+00     0.69063E-04     0.19089E-04     0.00000E+00     0.00000E+00     0.00000E+00     0.00000E+00     0.00000E+00
     0.21547E+00     0.34975E-02    -0.93605E-03     0.83001E-03     0.00000E+00     0.00000E+00     0.78116E-04     0.18432E-04     0.00000E+00     0.00000E+00     0.00000E+00     0.00000E+00     0.00000E+00
     0.22633E+00     0.34384E-02    -0.90112E-03     0.79000E-03     0.00000E+00     0.00000E+00     0.84851E-04     0.17607E-04     0.00000E+00     0.00000E+00     0.00000E+00     0.00000E+00     0.00000E+00
     0.23737E+00     0.33844E-02    -0.86857E-03     0.75464E-03     0.00000E+00     0.00000E+00     0.89318E-04     0.17209E-04     0.00000E+00     0.00000E+00     0.00000E+00     0.00000E+00     0.00000E+00
     0.24859E+00     0.33358E-02    -0.83789E-03     0.72317E-03     0.00000E+00     0.00000E+00     0.92145E-04     0.16621E-04     0.00000E+00     0.00000E+00     0.00000E+00     0.00000E+00     0.00000E+00
     0.25997E+00     0.32927E-02    -0.80903E-03     0.69485E-03     0.00000E+00     0.00000E+00     0.93201E-04     0.15952E-04     0.00000E+00     0.00000E+00     0.00000E+00     0.00000E+00     0.00000E+00
     0.27153E+00     0.32551E-02    -0.78184E-03     0.66925E-03     0.00000E+00     0.00000E+00     0.92136E-04     0.15111E-04     0.00000E+00     0.00000E+00     0.00000E+00     0.00000E+00     0.00000E+00
     0.28325E+00     0.32229E-02    -0.75645E-03     0.64613E-03     0.00000E+00     0.00000E+00     0.90296E-04     0.14377E-04     0.00000E+00     0.00000E+00     0.00000E+00     0.00000E+00     0.00000E+00
     0.29514E+00     0.31960E-02    -0.73276E-03     0.62536E-03     0.00000E+00     0.00000E+00     0.90186E-04     0.12520E-04     0.00000E+00     0.00000E+00     0.00000E+00     0.00000E+00     0.00000E+00
     0.30719E+00     0.31740E-02    -0.71107E-03     0.60712E-03     0.00000E+00     0.00000E+00     0.90546E-04     0.10425E-04     0.00000E+00     0.00000E+00     0.00000E+00     0.00000E+00     0.00000E+00
     0.31939E+00     0.31563E-02    -0.69149E-03     0.59128E-03     0.00000E+00     0.00000E+00     0.89024E-04     0.92997E-05     0.00000E+00     0.00000E+00     0.00000E+00     0.00000E+00     0.00000E+00
     0.33174E+00     0.31424E-02    -0.67367E-03     0.57734E-03     0.00000E+00     0.00000E+00     0.84887E-04     0.92172E-05     0.00000E+00     0.00000E+00     0.00000E+00     0.00000E+00     0.00000E+00
     0.34425E+00     0.31326E-02    -0.65731E-03     0.56495E-03     0.00000E+00     0.00000E+00     0.79421E-04     0.97677E-05     0.00000E+00     0.00000E+00     0.00000E+00     0.00000E+00     0.00000E+00
     0.35690E+00     0.31271E-02    -0.64196E-03     0.55371E-03     0.00000E+00     0.00000E+00     0.75610E-04     0.97343E-05     0.00000E+00     0.00000E+00     0.00000E+00     0.00000E+00     0.00000E+00
     0.36969E+00     0.31261E-02    -0.62773E-03     0.54342E-03     0.00000E+00     0.00000E+00     0.73781E-04     0.88444E-05     0.00000E+00     0.00000E+00     0.00000E+00     0.00000E+00     0.00000E+00
     0.38262E+00     0.31294E-02    -0.61486E-03     0.53426E-03     0.00000E+00     0.00000E+00     0.72609E-04     0.78063E-05     0.00000E+00     0.00000E+00     0.00000E+00     0.00000E+00     0.00000E+00
     0.39569E+00     0.31366E-02    -0.60325E-03     0.52607E-03     0.00000E+00     0.00000E+00     0.70639E-04     0.75370E-05     0.00000E+00     0.00000E+00     0.00000E+00     0.00000E+00     0.00000E+00
     0.40890E+00     0.31476E-02    -0.59239E-03     0.51850E-03     0.00000E+00     0.00000E+00     0.67079E-04     0.74932E-05     0.00000E+00     0.00000E+00     0.00000E+00     0.00000E+00     0.00000E+00
     0.42223E+00     0.31627E-02    -0.58236E-03     0.51166E-03     0.00000E+00     0.00000E+00     0.62792E-04     0.75503E-05     0.00000E+00     0.00000E+00     0.00000E+00     0.00000E+00     0.00000E+00
     0.43569E+00     0.31818E-02    -0.57340E-03     0.50570E-03     0.00000E+00     0.00000E+00     0.58743E-04     0.74797E-05     0.00000E+00     0.00000E+00     0.00000E+00     0.00000E+00     0.00000E+00
     0.44927E+00     0.32050E-02    -0.56538E-03     0.50050E-03     0.00000E+00     0.00000E+00     0.54947E-04     0.73524E-05     0.00000E+00     0.00000E+00     0.00000E+00     0.00000E+00     0.00000E+00
     0.46297E+00     0.32325E-02    -0.55811E-03     0.49590E-03     0.00000E+00     0.00000E+00     0.51417E-04     0.71813E-05     0.00000E+00     0.00000E+00     0.00000E+00     0.00000E+00     0.00000E+00
     0.47679E+00     0.32641E-02    -0.55170E-03     0.49222E-03     0.00000E+00     0.00000E+00     0.48827E-04     0.65841E-05     0.00000E+00     0.00000E+00     0.00000E+00     0.00000E+00     0.00000E+00
     0.49072E+00     0.32997E-02    -0.54643E-03     0.48972E-03     0.00000E+00     0.00000E+00     0.45908E-04     0.65233E-05     0.00000E+00     0.00000E+00     0.00000E+00     0.00000E+00     0.00000E+00
     0.50476E+00     0.33393E-02    -0.54193E-03     0.48828E-03     0.00000E+00     0.00000E+00     0.42304E-04     0.65868E-05     0.00000E+00     0.00000E+00     0.00000E+00     0.00000E+00     0.00000E+00
     0.51891E+00     0.33830E-02    -0.53793E-03     0.48783E-03     0.00000E+00     0.00000E+00     0.38579E-04     0.64753E-05     0.00000E+00     0.00000E+00     0.00000E+00     0.00000E+00     0.00000E+00
     0.53316E+00     0.34307E-02    -0.53435E-03     0.48845E-03     0.00000E+00     0.00000E+00     0.35439E-04     0.60566E-05     0.00000E+00     0.00000E+00     0.00000E+00     0.00000E+00     0.00000E+00
     0.54751E+00     0.34825E-02    -0.53133E-03     0.48985E-03     0.00000E+00     0.00000E+00     0.34066E-04     0.56019E-05     0.00000E+00     0.00000E+00     0.00000E+00     0.00000E+00     0.00000E+00
     0.56196E+00     0.35379E-02    -0.52864E-03     0.49142E-03     0.00000E+00     0.00000E+00     0.33355E-04     0.50996E-05     0.00000E+00     0.00000E+00     0.00000E+00     0.00000E+00     0.00000E+00
     0.57649E+00     0.35969E-02    -0.52649E-03     0.49288E-03     0.00000E+00     0.00000E+00     0.31871E-04     0.48981E-05     0.00000E+00     0.00000E+00     0.00000E+00     0.00000E+00     0.00000E+00
     0.59112E+00     0.36592E-02    -0.52466E-03     0.49473E-03     0.00000E+00     0.00000E+00     0.29243E-04     0.38015E-05     0.00000E+00     0.00000E+00     0.00000E+00     0.00000E+00     0.00000E+00
     0.60584E+00     0.37242E-02    -0.52360E-03     0.49770E-03     0.00000E+00     0.00000E+00     0.25264E-04     0.30555E-05     0.00000E+00     0.00000E+00     0.00000E+00     0.00000E+00     0.00000E+00
     0.62064E+00     0.37917E-02    -0.52344E-03     0.50158E-03     0.00000E+00     0.00000E+00     0.19326E-04     0.35063E-05     0.00000E+00     0.00000E+00     0.00000E+00     0.00000E+00     0.00000E+00
     0.63552E+00     0.38616E-02    -0.52337E-03     0.50567E-03     0.00000E+00     0.00000E+00     0.13858E-04     0.32622E-05     0.00000E+00     0.00000E+00     0.00000E+00     0.00000E+00     0.00000E+00
     0.65047E+00     0.39341E-02    -0.52345E-03     0.50968E-03     0.00000E+00     0.00000E+00     0.10055E-04     0.28232E-05     0.00000E+00     0.00000E+00     0.00000E+00     0.00000E+00     0.00000E+00
     0.66550E+00     0.40088E-02    -0.52377E-03     0.51356E-03     0.00000E+00     0.00000E+00     0.56089E-05     0.27348E-05     0.00000E+00     0.00000E+00     0.00000E+00     0.00000E+00     0.00000E+00
     0.68060E+00     0.40856E-02    -0.52415E-03     0.51744E-03     0.00000E+00     0.00000E+00     0.74119E-06     0.23123E-05     0.00000E+00     0.00000E+00     0.00000E+00     0.00000E+00     0.00000E+00
     0.69576E+00     0.41643E-02    -0.52501E-03     0.52175E-03     0.00000E+00     0.00000E+00    -0.23363E-05     0.20028E-05     0.00000E+00     0.00000E+00     0.00000E+00     0.00000E+00     0.00000E+00
     0.71099E+00     0.42446E-02    -0.52635E-03     0.52673E-03     0.00000E+00     0.00000E+00    -0.23767E-05     0.12349E-05     0.00000E+00     0.00000E+00     0.00000E+00     0.00000E+00     0.00000E+00
     0.72628E+00     0.43260E-02    -0.52767E-03     0.53217E-03     0.00000E+00     0.00000E+00    -0.11901E-05    -0.36715E-06     0.00000E+00     0.00000E+00     0.00000E+00     0.00000E+00     0.00000E+00
     0.74162E+00     0.44075E-02    -0.52905E-03     0.53767E-03     0.00000E+00     0.00000E+00    -0.25051E-05    -0.13278E-05     0.00000E+00     0.00000E+00     0.00000E+00     0.00000E+00     0.00000E+00
     0.75702E+00     0.44885E-02    -0.53067E-03     0.54335E-03     0.00000E+00     0.00000E+00    -0.64778E-05    -0.18133E-05     0.00000E+00     0.00000E+00     0.00000E+00     0.00000E+00     0.00000E+00
     0.77247E+00     0.45685E-02    -0.53279E-03     0.54937E-03     0.00000E+00     0.00000E+00    -0.12511E-04    -0.12505E-05     0.00000E+00     0.00000E+00     0.00000E+00     0.00000E+00     0.00000E+00
     0.78796E+00     0.46477E-02    -0.53466E-03     0.55565E-03     0.00000E+00     0.00000E+00    -0.18477E-04    -0.20460E-05     0.00000E+00     0.00000E+00     0.00000E+00     0.00000E+00     0.00000E+00
     0.80350E+00     0.47257E-02    -0.53641E-03     0.56241E-03     0.00000E+00     0.00000E+00    -0.22278E-04    -0.43048E-05     0.00000E+00     0.00000E+00     0.00000E+00     0.00000E+00     0.00000E+00
     0.81907E+00     0.48010E-02    -0.53869E-03     0.56966E-03     0.00000E+00     0.00000E+00    -0.26692E-04    -0.54614E-05     0.00000E+00     0.00000E+00     0.00000E+00     0.00000E+00     0.00000E+00
     0.83469E+00     0.48725E-02    -0.54133E-03     0.57705E-03     0.00000E+00     0.00000E+00    -0.31750E-04    -0.59142E-05     0.00000E+00     0.00000E+00     0.00000E+00     0.00000E+00     0.00000E+00
     0.85033E+00     0.49401E-02    -0.54378E-03     0.58405E-03     0.00000E+00     0.00000E+00    -0.35270E-04    -0.68774E-05     0.00000E+00     0.00000E+00     0.00000E+00     0.00000E+00     0.00000E+00
     0.86601E+00     0.50028E-02    -0.54590E-03     0.59007E-03     0.00000E+00     0.00000E+00    -0.37814E-04    -0.78019E-05     0.00000E+00     0.00000E+00     0.00000E+00     0.00000E+00     0.00000E+00
     0.88171E+00     0.50601E-02    -0.54779E-03     0.59489E-03     0.00000E+00     0.00000E+00    -0.39698E-04    -0.80672E-05     0.00000E+00     0.00000E+00     0.00000E+00     0.00000E+00     0.00000E+00
     0.89744E+00     0.51117E-02    -0.54941E-03     0.59861E-03     0.00000E+00     0.00000E+00    -0.39166E-04    -0.86392E-05     0.00000E+00     0.00000E+00     0.00000E+00     0.00000E+00     0.00000E+00
     0.91319E+00     0.51572E-02    -0.55094E-03     0.60144E-03     0.00000E+00     0.00000E+00    -0.36601E-04    -0.95050E-05     0.00000E+00     0.00000E+00     0.00000E+00     0.00000E+00     0.00000E+00
     0.92895E+00     0.51959E-02    -0.55231E-03     0.60337E-03     0.00000E+00     0.00000E+00    -0.34684E-04    -0.96875E-05     0.00000E+00     0.00000E+00     0.00000E+00     0.00000E+00     0.00000E+00
     0.94473E+00     0.52276E-02    -0.55323E-03     0.60437E-03     0.00000E+00     0.00000E+00    -0.33763E-04    -0.99573E-05     0.00000E+00     0.00000E+00     0.00000E+00     0.00000E+00     0.00000E+00
     0.96051E+00     0.52521E-02    -0.55352E-03     0.60466E-03     0.00000E+00     0.00000E+00    -0.33947E-04    -0.11483E-04     0.00000E+00     0.00000E+00     0.00000E+00     0.00000E+00     0.00000E+00
     0.97631E+00     0.52683E-02    -0.55376E-03     0.60436E-03     0.00000E+00     0.00000E+00    -0.36610E-04    -0.12152E-04     0.00000E+00     0.00000E+00     0.00000E+00     0.00000E+00     0.00000E+00
     0.99210E+00     0.52758E-02    -0.55395E-03     0.60357E-03     0.00000E+00     0.00000E+00    -0.39247E-04    -0.12283E-04     0.00000E+00     0.00000E+00     0.00000E+00     0.00000E+00     0.00000E+00
     0.10079E+01     0.52744E-02    -0.55391E-03     0.60242E-03     0.00000E+00     0.00000E+00    -0.39236E-04    -0.12655E-04     0.00000E+00     0.00000E+00     0.00000E+00     0.00000E+00     0.00000E+00
     0.10237E+01     0.52638E-02    -0.55399E-03     0.60109E-03     0.00000E+00     0.00000E+00    -0.38174E-04    -0.12105E-04     0.00000E+00     0.00000E+00     0.00000E+00     0.00000E+00     0.00000E+00
     0.10395E+01     0.52446E-02    -0.55404E-03     0.59965E-03     0.00000E+00     0.00000E+00    -0.37078E-04    -0.10949E-04     0.00000E+00     0.00000E+00     0.00000E+00     0.00000E+00     0.00000E+00
     0.10553E+01     0.52174E-02    -0.55381E-03     0.59782E-03     0.00000E+00     0.00000E+00    -0.35888E-04    -0.98220E-05     0.00000E+00     0.00000E+00     0.00000E+00     0.00000E+00     0.00000E+00
     0.10711E+01     0.51832E-02    -0.55319E-03     0.59531E-03     0.00000E+00     0.00000E+00    -0.33963E-04    -0.88390E-05     0.00000E+00     0.00000E+00     0.00000E+00     0.00000E+00     0.00000E+00
     0.10868E+01     0.51426E-02    -0.55209E-03     0.59207E-03     0.00000E+00     0.00000E+00    -0.30897E-04    -0.85100E-05     0.00000E+00     0.00000E+00     0.00000E+00     0.00000E+00     0.00000E+00
     0.11026E+01     0.50959E-02    -0.55039E-03     0.58822E-03     0.00000E+00     0.00000E+00    -0.27875E-04    -0.87348E-05     0.00000E+00     0.00000E+00     0.00000E+00     0.00000E+00     0.00000E+00
     0.11183E+01     0.50429E-02    -0.54847E-03     0.58407E-03     0.00000E+00     0.00000E+00    -0.25949E-04    -0.88252E-05     0.00000E+00     0.00000E+00     0.00000E+00     0.00000E+00     0.00000E+00
     0.11340E+01     0.49838E-02    -0.54684E-03     0.57979E-03     0.00000E+00     0.00000E+00    -0.24633E-04    -0.80737E-05     0.00000E+00     0.00000E+00     0.00000E+00     0.00000E+00     0.00000E+00
     0.11497E+01     0.49191E-02    -0.54553E-03     0.57529E-03     0.00000E+00     0.00000E+00    -0.23308E-04    -0.62483E-05     0.00000E+00     0.00000E+00     0.00000E+00     0.00000E+00     0.00000E+00
     0.11653E+01     0.48501E-02    -0.54413E-03     0.57054E-03     0.00000E+00     0.00000E+00    -0.21357E-04    -0.47984E-05     0.00000E+00     0.00000E+00     0.00000E+00     0.00000E+00     0.00000E+00
     0.11809E+01     0.47777E-02    -0.54247E-03     0.56564E-03     0.00000E+00     0.00000E+00    -0.19016E-04    -0.46625E-05     0.00000E+00     0.00000E+00     0.00000E+00     0.00000E+00     0.00000E+00
     0.11965E+01     0.47022E-02    -0.54139E-03     0.56091E-03     0.00000E+00     0.00000E+00    -0.16670E-04    -0.35809E-05     0.00000E+00     0.00000E+00     0.00000E+00     0.00000E+00     0.00000E+00
     0.12120E+01     0.46245E-02    -0.54062E-03     0.55631E-03     0.00000E+00     0.00000E+00    -0.13516E-04    -0.24584E-05     0.00000E+00     0.00000E+00     0.00000E+00     0.00000E+00     0.00000E+00
     0.12275E+01     0.45452E-02    -0.53969E-03     0.55146E-03     0.00000E+00     0.00000E+00    -0.10506E-04    -0.18362E-05     0.00000E+00     0.00000E+00     0.00000E+00     0.00000E+00     0.00000E+00
     0.12430E+01     0.44649E-02    -0.53853E-03     0.54648E-03     0.00000E+00     0.00000E+00    -0.82259E-05    -0.13456E-05     0.00000E+00     0.00000E+00     0.00000E+00     0.00000E+00     0.00000E+00
     0.12584E+01     0.43839E-02    -0.53735E-03     0.54172E-03     0.00000E+00     0.00000E+00    -0.56240E-05    -0.87776E-06     0.00000E+00     0.00000E+00     0.00000E+00     0.00000E+00     0.00000E+00
     0.12737E+01     0.43025E-02    -0.53616E-03     0.53710E-03     0.00000E+00     0.00000E+00    -0.30089E-05    -0.57446E-06     0.00000E+00     0.00000E+00     0.00000E+00     0.00000E+00     0.00000E+00
     0.12890E+01     0.42212E-02    -0.53506E-03     0.53246E-03     0.00000E+00     0.00000E+00    -0.16405E-06     0.71249E-07     0.00000E+00     0.00000E+00     0.00000E+00     0.00000E+00     0.00000E+00
     0.13042E+01     0.41402E-02    -0.53412E-03     0.52774E-03     0.00000E+00     0.00000E+00     0.24299E-05     0.14398E-05     0.00000E+00     0.00000E+00     0.00000E+00     0.00000E+00     0.00000E+00
     0.13194E+01     0.40605E-02    -0.53330E-03     0.52311E-03     0.00000E+00     0.00000E+00     0.56607E-05     0.31905E-05     0.00000E+00     0.00000E+00     0.00000E+00     0.00000E+00     0.00000E+00
     0.13345E+01     0.39832E-02    -0.53264E-03     0.51878E-03     0.00000E+00     0.00000E+00     0.11133E-04     0.41256E-05     0.00000E+00     0.00000E+00     0.00000E+00     0.00000E+00     0.00000E+00
     0.13495E+01     0.39090E-02    -0.53233E-03     0.51455E-03     0.00000E+00     0.00000E+00     0.16746E-04     0.40841E-05     0.00000E+00     0.00000E+00     0.00000E+00     0.00000E+00     0.00000E+00
     0.13645E+01     0.38377E-02    -0.53187E-03     0.51041E-03     0.00000E+00     0.00000E+00     0.20731E-04     0.33034E-05     0.00000E+00     0.00000E+00     0.00000E+00     0.00000E+00     0.00000E+00
     0.13794E+01     0.37690E-02    -0.53206E-03     0.50696E-03     0.00000E+00     0.00000E+00     0.22549E-04     0.36001E-05     0.00000E+00     0.00000E+00     0.00000E+00     0.00000E+00     0.00000E+00
     0.13942E+01     0.37030E-02    -0.53306E-03     0.50460E-03     0.00000E+00     0.00000E+00     0.23888E-04     0.47732E-05     0.00000E+00     0.00000E+00     0.00000E+00     0.00000E+00     0.00000E+00
     0.14089E+01     0.36404E-02    -0.53435E-03     0.50291E-03     0.00000E+00     0.00000E+00     0.26049E-04     0.55414E-05     0.00000E+00     0.00000E+00     0.00000E+00     0.00000E+00     0.00000E+00
     0.14235E+01     0.35815E-02    -0.53553E-03     0.50137E-03     0.00000E+00     0.00000E+00     0.28319E-04     0.54865E-05     0.00000E+00     0.00000E+00     0.00000E+00     0.00000E+00     0.00000E+00
     0.14380E+01     0.35263E-02    -0.53702E-03     0.50007E-03     0.00000E+00     0.00000E+00     0.30275E-04     0.54097E-05     0.00000E+00     0.00000E+00     0.00000E+00     0.00000E+00     0.00000E+00
     0.14525E+01     0.34748E-02    -0.53926E-03     0.49936E-03     0.00000E+00     0.00000E+00     0.33614E-04     0.55795E-05     0.00000E+00     0.00000E+00     0.00000E+00     0.00000E+00     0.00000E+00
     0.14668E+01     0.34270E-02    -0.54193E-03     0.49928E-03     0.00000E+00     0.00000E+00     0.38201E-04     0.50577E-05     0.00000E+00     0.00000E+00     0.00000E+00     0.00000E+00     0.00000E+00
     0.14811E+01     0.33825E-02    -0.54479E-03     0.49978E-03     0.00000E+00     0.00000E+00     0.41331E-04     0.40992E-05     0.00000E+00     0.00000E+00     0.00000E+00     0.00000E+00     0.00000E+00
     0.14952E+01     0.33407E-02    -0.54839E-03     0.50097E-03     0.00000E+00     0.00000E+00     0.42350E-04     0.40491E-05     0.00000E+00     0.00000E+00     0.00000E+00     0.00000E+00     0.00000E+00
     0.15093E+01     0.33016E-02    -0.55323E-03     0.50297E-03     0.00000E+00     0.00000E+00     0.42644E-04     0.53446E-05     0.00000E+00     0.00000E+00     0.00000E+00     0.00000E+00     0.00000E+00
     0.15232E+01     0.32658E-02    -0.55891E-03     0.50571E-03     0.00000E+00     0.00000E+00     0.44902E-04     0.63110E-05     0.00000E+00     0.00000E+00     0.00000E+00     0.00000E+00     0.00000E+00
     0.15370E+01     0.32338E-02    -0.56522E-03     0.50905E-03     0.00000E+00     0.00000E+00     0.48345E-04     0.68265E-05     0.00000E+00     0.00000E+00     0.00000E+00     0.00000E+00     0.00000E+00
     0.15507E+01     0.32058E-02    -0.57220E-03     0.51310E-03     0.00000E+00     0.00000E+00     0.51943E-04     0.76340E-05     0.00000E+00     0.00000E+00     0.00000E+00     0.00000E+00     0.00000E+00
     0.15643E+01     0.31821E-02    -0.57958E-03     0.51797E-03     0.00000E+00     0.00000E+00     0.56137E-04     0.75196E-05     0.00000E+00     0.00000E+00     0.00000E+00     0.00000E+00     0.00000E+00
     0.15778E+01     0.31627E-02    -0.58794E-03     0.52361E-03     0.00000E+00     0.00000E+00     0.59729E-04     0.75579E-05     0.00000E+00     0.00000E+00     0.00000E+00     0.00000E+00     0.00000E+00
     0.15911E+01     0.31473E-02    -0.59744E-03     0.52997E-03     0.00000E+00     0.00000E+00     0.61923E-04     0.78361E-05     0.00000E+00     0.00000E+00     0.00000E+00     0.00000E+00     0.00000E+00
     0.16043E+01     0.31360E-02    -0.60803E-03     0.53704E-03     0.00000E+00     0.00000E+00     0.63316E-04     0.79421E-05     0.00000E+00     0.00000E+00     0.00000E+00     0.00000E+00     0.00000E+00
     0.16174E+01     0.31288E-02    -0.61989E-03     0.54497E-03     0.00000E+00     0.00000E+00     0.64809E-04     0.84264E-05     0.00000E+00     0.00000E+00     0.00000E+00     0.00000E+00     0.00000E+00
     0.16303E+01     0.31258E-02    -0.63289E-03     0.55395E-03     0.00000E+00     0.00000E+00     0.67298E-04     0.90404E-05     0.00000E+00     0.00000E+00     0.00000E+00     0.00000E+00     0.00000E+00
     0.16431E+01     0.31272E-02    -0.64716E-03     0.56397E-03     0.00000E+00     0.00000E+00     0.71863E-04     0.94270E-05     0.00000E+00     0.00000E+00     0.00000E+00     0.00000E+00     0.00000E+00
     0.16558E+01     0.31329E-02    -0.66267E-03     0.57499E-03     0.00000E+00     0.00000E+00     0.77282E-04     0.97883E-05     0.00000E+00     0.00000E+00     0.00000E+00     0.00000E+00     0.00000E+00
     0.16683E+01     0.31430E-02    -0.67926E-03     0.58706E-03     0.00000E+00     0.00000E+00     0.82161E-04     0.98495E-05     0.00000E+00     0.00000E+00     0.00000E+00     0.00000E+00     0.00000E+00
     0.16806E+01     0.31574E-02    -0.69722E-03     0.60049E-03     0.00000E+00     0.00000E+00     0.86160E-04     0.98986E-05     0.00000E+00     0.00000E+00     0.00000E+00     0.00000E+00     0.00000E+00
     0.16928E+01     0.31760E-02    -0.71699E-03     0.61553E-03     0.00000E+00     0.00000E+00     0.89514E-04     0.10663E-04     0.00000E+00     0.00000E+00     0.00000E+00     0.00000E+00     0.00000E+00
     0.17049E+01     0.31988E-02    -0.73838E-03     0.63225E-03     0.00000E+00     0.00000E+00     0.92986E-04     0.11767E-04     0.00000E+00     0.00000E+00     0.00000E+00     0.00000E+00     0.00000E+00
     0.17167E+01     0.32262E-02    -0.76143E-03     0.65105E-03     0.00000E+00     0.00000E+00     0.96209E-04     0.12928E-04     0.00000E+00     0.00000E+00     0.00000E+00     0.00000E+00     0.00000E+00
     0.17285E+01     0.32583E-02    -0.78660E-03     0.67235E-03     0.00000E+00     0.00000E+00     0.98978E-04     0.14289E-04     0.00000E+00     0.00000E+00     0.00000E+00     0.00000E+00     0.00000E+00
     0.17400E+01     0.32956E-02    -0.81344E-03     0.69633E-03     0.00000E+00     0.00000E+00     0.10054E-03     0.14841E-04     0.00000E+00     0.00000E+00     0.00000E+00     0.00000E+00     0.00000E+00
     0.17514E+01     0.33380E-02    -0.84212E-03     0.72354E-03     0.00000E+00     0.00000E+00     0.10044E-03     0.15625E-04     0.00000E+00     0.00000E+00     0.00000E+00     0.00000E+00     0.00000E+00
     0.17626E+01     0.33854E-02    -0.87264E-03     0.75477E-03     0.00000E+00     0.00000E+00     0.99309E-04     0.16235E-04     0.00000E+00     0.00000E+00     0.00000E+00     0.00000E+00     0.00000E+00
     0.17737E+01     0.34379E-02    -0.90512E-03     0.79062E-03     0.00000E+00     0.00000E+00     0.95954E-04     0.16281E-04     0.00000E+00     0.00000E+00     0.00000E+00     0.00000E+00     0.00000E+00
     0.17845E+01     0.34952E-02    -0.94009E-03     0.83178E-03     0.00000E+00     0.00000E+00     0.89154E-04     0.16992E-04     0.00000E+00     0.00000E+00     0.00000E+00     0.00000E+00     0.00000E+00
     0.17952E+01     0.35571E-02    -0.97724E-03     0.87885E-03     0.00000E+00     0.00000E+00     0.79710E-04     0.17992E-04     0.00000E+00     0.00000E+00     0.00000E+00     0.00000E+00     0.00000E+00
     0.18057E+01     0.36238E-02    -0.10161E-02     0.93238E-03     0.00000E+00     0.00000E+00     0.66849E-04     0.18438E-04     0.00000E+00     0.00000E+00     0.00000E+00     0.00000E+00     0.00000E+00
     0.18160E+01     0.36949E-02    -0.10567E-02     0.99312E-03     0.00000E+00     0.00000E+00     0.48691E-04     0.17756E-04     0.00000E+00     0.00000E+00     0.00000E+00     0.00000E+00     0.00000E+00
     0.18261E+01     0.37700E-02    -0.10989E-02     0.10621E-02     0.00000E+00     0.00000E+00     0.25394E-04     0.15227E-04     0.00000E+00     0.00000E+00     0.00000E+00     0.00000E+00     0.00000E+00
     0.18360E+01     0.38480E-02    -0.11432E-02     0.11408E-02     0.00000E+00     0.00000E+00    -0.40584E-05     0.11419E-04     0.00000E+00     0.00000E+00     0.00000E+00     0.00000E+00     0.00000E+00
     0.18457E+01     0.39275E-02    -0.11892E-02     0.12306E-02     0.00000E+00     0.00000E+00    -0.42817E-04     0.59934E-05     0.00000E+00     0.00000E+00     0.00000E+00     0.00000E+00     0.00000E+00
     0.18552E+01     0.40070E-02    -0.12368E-02     0.13327E-02     0.00000E+00     0.00000E+00    -0.92187E-04    -0.11105E-05     0.00000E+00     0.00000E+00     0.00000E+00     0.00000E+00     0.00000E+00
     0.18645E+01     0.40843E-02    -0.12852E-02     0.14480E-02     0.00000E+00     0.00000E+00    -0.15065E-03    -0.12056E-04     0.00000E+00     0.00000E+00     0.00000E+00     0.00000E+00     0.00000E+00
     0.18736E+01     0.41569E-02    -0.13334E-02     0.15769E-02     0.00000E+00     0.00000E+00    -0.21648E-03    -0.29110E-04     0.00000E+00     0.00000E+00     0.00000E+00     0.00000E+00     0.00000E+00
     0.18825E+01     0.42210E-02    -0.13806E-02     0.17191E-02     0.00000E+00     0.00000E+00    -0.28880E-03    -0.53317E-04     0.00000E+00     0.00000E+00     0.00000E+00     0.00000E+00     0.00000E+00
     0.18912E+01     0.42716E-02    -0.14254E-02     0.18725E-02     0.00000E+00     0.00000E+00    -0.36477E-03    -0.87130E-04     0.00000E+00     0.00000E+00     0.00000E+00     0.00000E+00     0.00000E+00
     0.18996E+01     0.43025E-02    -0.14664E-02     0.20330E-02     0.00000E+00     0.00000E+00    -0.43851E-03    -0.13325E-03     0.00000E+00     0.00000E+00     0.00000E+00     0.00000E+00     0.00000E+00
     0.19078E+01     0.43059E-02    -0.15019E-02     0.21932E-02     0.00000E+00     0.00000E+00    -0.50185E-03    -0.19408E-03     0.00000E+00     0.00000E+00     0.00000E+00     0.00000E+00     0.00000E+00
     0.19158E+01     0.42726E-02    -0.15298E-02     0.23417E-02     0.00000E+00     0.00000E+00    -0.54398E-03    -0.27169E-03     0.00000E+00     0.00000E+00     0.00000E+00     0.00000E+00     0.00000E+00
     0.19236E+01     0.41918E-02    -0.15478E-02     0.24616E-02     0.00000E+00     0.00000E+00    -0.55053E-03    -0.36651E-03     0.00000E+00     0.00000E+00     0.00000E+00     0.00000E+00     0.00000E+00
     0.19311E+01     0.40522E-02    -0.15534E-02     0.25310E-02     0.00000E+00     0.00000E+00    -0.50460E-03    -0.47590E-03     0.00000E+00     0.00000E+00     0.00000E+00     0.00000E+00     0.00000E+00
     0.19384E+01     0.38423E-02    -0.15449E-02     0.25238E-02     0.00000E+00     0.00000E+00    -0.39151E-03    -0.59036E-03     0.00000E+00     0.00000E+00     0.00000E+00     0.00000E+00     0.00000E+00
     0.19455E+01     0.35529E-02    -0.15229E-02     0.24144E-02     0.00000E+00     0.00000E+00    -0.20644E-03    -0.68834E-03     0.00000E+00     0.00000E+00     0.00000E+00     0.00000E+00     0.00000E+00
     0.19523E+01     0.31797E-02    -0.14929E-02     0.21865E-02     0.00000E+00     0.00000E+00     0.35021E-04    -0.73221E-03     0.00000E+00     0.00000E+00     0.00000E+00     0.00000E+00     0.00000E+00
     0.19589E+01     0.27278E-02    -0.14665E-02     0.18436E-02     0.00000E+00     0.00000E+00     0.28949E-03    -0.67024E-03     0.00000E+00     0.00000E+00     0.00000E+00     0.00000E+00     0.00000E+00
     0.19652E+01     0.22153E-02    -0.14594E-02     0.14173E-02     0.00000E+00     0.00000E+00     0.48943E-03    -0.45107E-03     0.00000E+00     0.00000E+00     0.00000E+00     0.00000E+00     0.00000E+00
     0.19713E+01     0.16754E-02    -0.14843E-02     0.96736E-03     0.00000E+00     0.00000E+00     0.56751E-03    -0.53860E-04     0.00000E+00     0.00000E+00     0.00000E+00     0.00000E+00     0.00000E+00
     0.19771E+01     0.11535E-02    -0.15396E-02     0.56515E-03     0.00000E+00     0.00000E+00     0.49642E-03     0.47588E-03     0.00000E+00     0.00000E+00     0.00000E+00     0.00000E+00     0.00000E+00
     0.19826E+01     0.69801E-03    -0.16075E-02     0.26727E-03     0.00000E+00     0.00000E+00     0.32255E-03     0.10170E-02     0.00000E+00     0.00000E+00     0.00000E+00     0.00000E+00     0.00000E+00
     0.19879E+01     0.34720E-03    -0.16585E-02     0.92242E-04     0.00000E+00     0.00000E+00     0.13755E-03     0.14277E-02     0.00000E+00     0.00000E+00     0.00000E+00     0.00000E+00     0.00000E+00
     0.19929E+01     0.11945E-03    -0.16693E-02     0.17923E-04     0.00000E+00     0.00000E+00     0.39372E-04     0.16111E-02     0.00000E+00     0.00000E+00     0.00000E+00     0.00000E+00     0.00000E+00
     0.19977E+01     0.12532E-04    -0.17064E-02     0.54993E-06     0.00000E+00     0.00000E+00    -0.25693E-04     0.18295E-02     0.00000E+00     0.00000E+00     0.00000E+00     0.00000E+00     0.00000E+00
