     0.23093E-02    -0.51062E-19     0.16050E-04     0.26780E-01     0.99131E+00     0.68608E-03     0.00000E+00     0.00000E+00     0.00000E+00     0.00000E+00     0.00000E+00     0.00000E+00     0.00000E+00     0.00000E+00     0.00000E+00     0.96165E-08     0.26462E-04     0.97907E-04    -0.23616E-06
     0.70633E-02    -0.18116E-18     0.49642E-04     0.82513E-01     0.97315E+00     0.68564E-03     0.00000E+00     0.00000E+00     0.00000E+00     0.00000E+00     0.00000E+00     0.00000E+00     0.00000E+00     0.00000E+00     0.00000E+00     0.66924E-06     0.20733E-03     0.92806E-03    -0.73092E-05
     0.12087E-01    -0.16630E-18     0.85195E-04     0.14087E+00     0.95404E+00     0.68191E-03     0.00000E+00     0.00000E+00     0.00000E+00     0.00000E+00     0.00000E+00     0.00000E+00     0.00000E+00     0.00000E+00     0.00000E+00     0.45096E-05     0.50006E-03     0.26908E-02    -0.37203E-04
     0.17376E-01    -0.20394E-18     0.12251E-03     0.20124E+00     0.93415E+00     0.67145E-03     0.00000E+00     0.00000E+00     0.00000E+00     0.00000E+00     0.00000E+00     0.00000E+00     0.00000E+00     0.00000E+00     0.00000E+00     0.15138E-04     0.84974E-03     0.53997E-02    -0.10791E-03
     0.22928E-01    -0.33587E-18     0.16124E-03     0.26269E+00     0.91378E+00     0.65061E-03     0.00000E+00     0.00000E+00     0.00000E+00     0.00000E+00     0.00000E+00     0.00000E+00     0.00000E+00     0.00000E+00     0.00000E+00     0.36099E-04     0.12187E-02     0.88955E-02    -0.23262E-03
     0.28739E-01    -0.17030E-18     0.20095E-03     0.32404E+00     0.89332E+00     0.61650E-03     0.00000E+00     0.00000E+00     0.00000E+00     0.00000E+00     0.00000E+00     0.00000E+00     0.00000E+00     0.00000E+00     0.00000E+00     0.70294E-04     0.15849E-02     0.12847E-01    -0.41447E-03
     0.34807E-01    -0.13275E-18     0.24101E-03     0.38401E+00     0.87319E+00     0.56708E-03     0.00000E+00     0.00000E+00     0.00000E+00     0.00000E+00     0.00000E+00     0.00000E+00     0.00000E+00     0.00000E+00     0.00000E+00     0.11976E-03     0.19381E-02     0.16843E-01    -0.64562E-03
     0.41127E-01    -0.38192E-18     0.28031E-03     0.44145E+00     0.85379E+00     0.50118E-03     0.00000E+00     0.00000E+00     0.00000E+00     0.00000E+00     0.00000E+00     0.00000E+00     0.00000E+00     0.00000E+00     0.00000E+00     0.18568E-03     0.22747E-02     0.20505E-01    -0.91042E-03
     0.47696E-01    -0.14973E-18     0.31722E-03     0.49544E+00     0.83544E+00     0.41839E-03     0.00000E+00     0.00000E+00     0.00000E+00     0.00000E+00     0.00000E+00     0.00000E+00     0.00000E+00     0.00000E+00     0.00000E+00     0.26846E-03     0.25939E-02     0.23568E-01    -0.11903E-02
     0.54512E-01    -0.79674E-18     0.34970E-03     0.54538E+00     0.81836E+00     0.31903E-03     0.00000E+00     0.00000E+00     0.00000E+00     0.00000E+00     0.00000E+00     0.00000E+00     0.00000E+00     0.00000E+00     0.00000E+00     0.36778E-03     0.28950E-02     0.25905E-01    -0.14678E-02
     0.61570E-01     0.35922E-19     0.37583E-03     0.59100E+00     0.80267E+00     0.20406E-03     0.00000E+00     0.00000E+00     0.00000E+00     0.00000E+00     0.00000E+00     0.00000E+00     0.00000E+00     0.00000E+00     0.00000E+00     0.48269E-03     0.31768E-02     0.27501E-01    -0.17296E-02
     0.68868E-01    -0.21357E-18     0.39429E-03     0.63225E+00     0.78838E+00     0.75014E-04     0.00000E+00     0.00000E+00     0.00000E+00     0.00000E+00     0.00000E+00     0.00000E+00     0.00000E+00     0.00000E+00     0.00000E+00     0.61165E-03     0.34377E-02     0.28420E-01    -0.19670E-02
     0.76401E-01    -0.31154E-18     0.40461E-03     0.66932E+00     0.77547E+00    -0.66053E-04     0.00000E+00     0.00000E+00     0.00000E+00     0.00000E+00     0.00000E+00     0.00000E+00     0.00000E+00     0.00000E+00     0.00000E+00     0.75262E-03     0.36761E-02     0.28763E-01    -0.21754E-02
     0.84168E-01    -0.13977E-18     0.40691E-03     0.70248E+00     0.76383E+00    -0.21672E-03     0.00000E+00     0.00000E+00     0.00000E+00     0.00000E+00     0.00000E+00     0.00000E+00     0.00000E+00     0.00000E+00     0.00000E+00     0.90318E-03     0.38910E-02     0.28643E-01    -0.23536E-02
     0.92164E-01    -0.72759E-18     0.40128E-03     0.73209E+00     0.75336E+00    -0.37434E-03     0.00000E+00     0.00000E+00     0.00000E+00     0.00000E+00     0.00000E+00     0.00000E+00     0.00000E+00     0.00000E+00     0.00000E+00     0.10607E-02     0.40817E-02     0.28168E-01    -0.25027E-02
     0.10039E+00    -0.12018E-18     0.38741E-03     0.75853E+00     0.74394E+00    -0.53618E-03     0.00000E+00     0.00000E+00     0.00000E+00     0.00000E+00     0.00000E+00     0.00000E+00     0.00000E+00     0.00000E+00     0.00000E+00     0.12224E-02     0.42482E-02     0.27434E-01    -0.26249E-02
     0.10883E+00    -0.77854E-18     0.36480E-03     0.78216E+00     0.73544E+00    -0.69958E-03     0.00000E+00     0.00000E+00     0.00000E+00     0.00000E+00     0.00000E+00     0.00000E+00     0.00000E+00     0.00000E+00     0.00000E+00     0.13857E-02     0.43912E-02     0.26522E-01    -0.27232E-02
     0.11749E+00    -0.42323E-18     0.33355E-03     0.80335E+00     0.72774E+00    -0.86199E-03     0.00000E+00     0.00000E+00     0.00000E+00     0.00000E+00     0.00000E+00     0.00000E+00     0.00000E+00     0.00000E+00     0.00000E+00     0.15480E-02     0.45120E-02     0.25496E-01    -0.28005E-02
     0.12637E+00    -0.73412E-18     0.29452E-03     0.82239E+00     0.72075E+00    -0.10211E-02     0.00000E+00     0.00000E+00     0.00000E+00     0.00000E+00     0.00000E+00     0.00000E+00     0.00000E+00     0.00000E+00     0.00000E+00     0.17071E-02     0.46124E-02     0.24407E-01    -0.28597E-02
     0.13547E+00     0.80989E-19     0.24926E-03     0.83958E+00     0.71436E+00    -0.11748E-02     0.00000E+00     0.00000E+00     0.00000E+00     0.00000E+00     0.00000E+00     0.00000E+00     0.00000E+00     0.00000E+00     0.00000E+00     0.18607E-02     0.46941E-02     0.23294E-01    -0.29036E-02
     0.14477E+00     0.57215E-18     0.20010E-03     0.85516E+00     0.70849E+00    -0.13213E-02     0.00000E+00     0.00000E+00     0.00000E+00     0.00000E+00     0.00000E+00     0.00000E+00     0.00000E+00     0.00000E+00     0.00000E+00     0.20072E-02     0.47591E-02     0.22182E-01    -0.29344E-02
     0.15428E+00    -0.66620E-18     0.15000E-03     0.86935E+00     0.70307E+00    -0.14591E-02     0.00000E+00     0.00000E+00     0.00000E+00     0.00000E+00     0.00000E+00     0.00000E+00     0.00000E+00     0.00000E+00     0.00000E+00     0.21449E-02     0.48099E-02     0.21094E-01    -0.29540E-02
     0.16399E+00    -0.16981E-17     0.10187E-03     0.88233E+00     0.69804E+00    -0.15869E-02     0.00000E+00     0.00000E+00     0.00000E+00     0.00000E+00     0.00000E+00     0.00000E+00     0.00000E+00     0.00000E+00     0.00000E+00     0.22727E-02     0.48489E-02     0.20045E-01    -0.29642E-02
     0.17390E+00    -0.95096E-18     0.58216E-04     0.89427E+00     0.69333E+00    -0.17040E-02     0.00000E+00     0.00000E+00     0.00000E+00     0.00000E+00     0.00000E+00     0.00000E+00     0.00000E+00     0.00000E+00     0.00000E+00     0.23897E-02     0.48779E-02     0.19042E-01    -0.29662E-02
     0.18401E+00    -0.18026E-18     0.21853E-04     0.90530E+00     0.68891E+00    -0.18097E-02     0.00000E+00     0.00000E+00     0.00000E+00     0.00000E+00     0.00000E+00     0.00000E+00     0.00000E+00     0.00000E+00     0.00000E+00     0.24955E-02     0.48983E-02     0.18093E-01    -0.29611E-02
     0.19431E+00     0.36053E-18    -0.46049E-05     0.91556E+00     0.68473E+00    -0.19039E-02     0.00000E+00     0.00000E+00     0.00000E+00     0.00000E+00     0.00000E+00     0.00000E+00     0.00000E+00     0.00000E+00     0.00000E+00     0.25896E-02     0.49103E-02     0.17198E-01    -0.29498E-02
     0.20480E+00     0.21423E-18    -0.19870E-04     0.92516E+00     0.68076E+00    -0.19865E-02     0.00000E+00     0.00000E+00     0.00000E+00     0.00000E+00     0.00000E+00     0.00000E+00     0.00000E+00     0.00000E+00     0.00000E+00     0.26722E-02     0.49137E-02     0.16359E-01    -0.29333E-02
     0.21547E+00     0.74719E-18    -0.24146E-04     0.93417E+00     0.67695E+00    -0.20576E-02     0.00000E+00     0.00000E+00     0.00000E+00     0.00000E+00     0.00000E+00     0.00000E+00     0.00000E+00     0.00000E+00     0.00000E+00     0.27433E-02     0.49082E-02     0.15574E-01    -0.29124E-02
     0.22633E+00     0.15466E-17    -0.18725E-04     0.94269E+00     0.67330E+00    -0.21176E-02     0.00000E+00     0.00000E+00     0.00000E+00     0.00000E+00     0.00000E+00     0.00000E+00     0.00000E+00     0.00000E+00     0.00000E+00     0.28034E-02     0.48940E-02     0.14842E-01    -0.28876E-02
     0.23737E+00     0.15675E-18    -0.52154E-05     0.95077E+00     0.66978E+00    -0.21670E-02     0.00000E+00     0.00000E+00     0.00000E+00     0.00000E+00     0.00000E+00     0.00000E+00     0.00000E+00     0.00000E+00     0.00000E+00     0.28528E-02     0.48720E-02     0.14160E-01    -0.28594E-02
     0.24859E+00     0.99276E-19     0.15280E-04     0.95848E+00     0.66637E+00    -0.22065E-02     0.00000E+00     0.00000E+00     0.00000E+00     0.00000E+00     0.00000E+00     0.00000E+00     0.00000E+00     0.00000E+00     0.00000E+00     0.28923E-02     0.48431E-02     0.13525E-01    -0.28283E-02
     0.25997E+00     0.48854E-18     0.42404E-04     0.96586E+00     0.66306E+00    -0.22365E-02     0.00000E+00     0.00000E+00     0.00000E+00     0.00000E+00     0.00000E+00     0.00000E+00     0.00000E+00     0.00000E+00     0.00000E+00     0.29223E-02     0.48078E-02     0.12936E-01    -0.27945E-02
     0.27153E+00    -0.69493E-18     0.76067E-04     0.97296E+00     0.65984E+00    -0.22576E-02     0.00000E+00     0.00000E+00     0.00000E+00     0.00000E+00     0.00000E+00     0.00000E+00     0.00000E+00     0.00000E+00     0.00000E+00     0.29435E-02     0.47668E-02     0.12390E-01    -0.27584E-02
     0.28325E+00    -0.13063E-18     0.11628E-03     0.97981E+00     0.65669E+00    -0.22704E-02     0.00000E+00     0.00000E+00     0.00000E+00     0.00000E+00     0.00000E+00     0.00000E+00     0.00000E+00     0.00000E+00     0.00000E+00     0.29563E-02     0.47201E-02     0.11885E-01    -0.27204E-02
     0.29514E+00    -0.18810E-17     0.16230E-03     0.98645E+00     0.65362E+00    -0.22753E-02     0.00000E+00     0.00000E+00     0.00000E+00     0.00000E+00     0.00000E+00     0.00000E+00     0.00000E+00     0.00000E+00     0.00000E+00     0.29612E-02     0.46683E-02     0.11419E-01    -0.26805E-02
     0.30719E+00    -0.12540E-18     0.21153E-03     0.99288E+00     0.65061E+00    -0.22729E-02     0.00000E+00     0.00000E+00     0.00000E+00     0.00000E+00     0.00000E+00     0.00000E+00     0.00000E+00     0.00000E+00     0.00000E+00     0.29589E-02     0.46122E-02     0.10986E-01    -0.26388E-02
     0.31939E+00    -0.13298E-17     0.26028E-03     0.99914E+00     0.64766E+00    -0.22640E-02     0.00000E+00     0.00000E+00     0.00000E+00     0.00000E+00     0.00000E+00     0.00000E+00     0.00000E+00     0.00000E+00     0.00000E+00     0.29500E-02     0.45514E-02     0.10585E-01    -0.25956E-02
     0.33174E+00    -0.26125E-20     0.30609E-03     0.10052E+01     0.64474E+00    -0.22493E-02     0.00000E+00     0.00000E+00     0.00000E+00     0.00000E+00     0.00000E+00     0.00000E+00     0.00000E+00     0.00000E+00     0.00000E+00     0.29353E-02     0.44857E-02     0.10209E-01    -0.25509E-02
     0.34425E+00     0.78115E-18     0.34931E-03     0.10112E+01     0.64186E+00    -0.22295E-02     0.00000E+00     0.00000E+00     0.00000E+00     0.00000E+00     0.00000E+00     0.00000E+00     0.00000E+00     0.00000E+00     0.00000E+00     0.29155E-02     0.44151E-02     0.98573E-02    -0.25052E-02
     0.35690E+00    -0.13402E-17     0.39226E-03     0.10170E+01     0.63900E+00    -0.22053E-02     0.00000E+00     0.00000E+00     0.00000E+00     0.00000E+00     0.00000E+00     0.00000E+00     0.00000E+00     0.00000E+00     0.00000E+00     0.28914E-02     0.43402E-02     0.95274E-02    -0.24586E-02
     0.36969E+00     0.14918E-17     0.43711E-03     0.10227E+01     0.63618E+00    -0.21774E-02     0.00000E+00     0.00000E+00     0.00000E+00     0.00000E+00     0.00000E+00     0.00000E+00     0.00000E+00     0.00000E+00     0.00000E+00     0.28635E-02     0.42618E-02     0.92177E-02    -0.24112E-02
     0.38262E+00    -0.16720E-17     0.48401E-03     0.10283E+01     0.63337E+00    -0.21463E-02     0.00000E+00     0.00000E+00     0.00000E+00     0.00000E+00     0.00000E+00     0.00000E+00     0.00000E+00     0.00000E+00     0.00000E+00     0.28324E-02     0.41804E-02     0.89261E-02    -0.23631E-02
     0.39569E+00    -0.51467E-18     0.53138E-03     0.10338E+01     0.63059E+00    -0.21124E-02     0.00000E+00     0.00000E+00     0.00000E+00     0.00000E+00     0.00000E+00     0.00000E+00     0.00000E+00     0.00000E+00     0.00000E+00     0.27985E-02     0.40958E-02     0.86505E-02    -0.23141E-02
     0.40890E+00    -0.18366E-17     0.57742E-03     0.10392E+01     0.62782E+00    -0.20760E-02     0.00000E+00     0.00000E+00     0.00000E+00     0.00000E+00     0.00000E+00     0.00000E+00     0.00000E+00     0.00000E+00     0.00000E+00     0.27621E-02     0.40086E-02     0.83883E-02    -0.22642E-02
     0.42223E+00    -0.59043E-18     0.62015E-03     0.10445E+01     0.62506E+00    -0.20376E-02     0.00000E+00     0.00000E+00     0.00000E+00     0.00000E+00     0.00000E+00     0.00000E+00     0.00000E+00     0.00000E+00     0.00000E+00     0.27237E-02     0.39197E-02     0.81373E-02    -0.22135E-02
     0.43569E+00     0.10685E-17     0.65828E-03     0.10496E+01     0.62231E+00    -0.19973E-02     0.00000E+00     0.00000E+00     0.00000E+00     0.00000E+00     0.00000E+00     0.00000E+00     0.00000E+00     0.00000E+00     0.00000E+00     0.26835E-02     0.38298E-02     0.78959E-02    -0.21621E-02
     0.44927E+00     0.29548E-17     0.69239E-03     0.10547E+01     0.61957E+00    -0.19557E-02     0.00000E+00     0.00000E+00     0.00000E+00     0.00000E+00     0.00000E+00     0.00000E+00     0.00000E+00     0.00000E+00     0.00000E+00     0.26418E-02     0.37393E-02     0.76633E-02    -0.21100E-02
     0.46297E+00    -0.65052E-18     0.72363E-03     0.10597E+01     0.61684E+00    -0.19129E-02     0.00000E+00     0.00000E+00     0.00000E+00     0.00000E+00     0.00000E+00     0.00000E+00     0.00000E+00     0.00000E+00     0.00000E+00     0.25991E-02     0.36484E-02     0.74386E-02    -0.20573E-02
     0.47679E+00     0.22572E-17     0.75232E-03     0.10647E+01     0.61410E+00    -0.18694E-02     0.00000E+00     0.00000E+00     0.00000E+00     0.00000E+00     0.00000E+00     0.00000E+00     0.00000E+00     0.00000E+00     0.00000E+00     0.25555E-02     0.35575E-02     0.72213E-02    -0.20039E-02
     0.49072E+00    -0.88826E-19     0.77824E-03     0.10695E+01     0.61136E+00    -0.18251E-02     0.00000E+00     0.00000E+00     0.00000E+00     0.00000E+00     0.00000E+00     0.00000E+00     0.00000E+00     0.00000E+00     0.00000E+00     0.25113E-02     0.34670E-02     0.70109E-02    -0.19500E-02
     0.50476E+00    -0.80989E-18     0.80144E-03     0.10743E+01     0.60861E+00    -0.17804E-02     0.00000E+00     0.00000E+00     0.00000E+00     0.00000E+00     0.00000E+00     0.00000E+00     0.00000E+00     0.00000E+00     0.00000E+00     0.24665E-02     0.33769E-02     0.68072E-02    -0.18955E-02
     0.51891E+00    -0.38587E-17     0.82315E-03     0.10790E+01     0.60585E+00    -0.17353E-02     0.00000E+00     0.00000E+00     0.00000E+00     0.00000E+00     0.00000E+00     0.00000E+00     0.00000E+00     0.00000E+00     0.00000E+00     0.24215E-02     0.32878E-02     0.66100E-02    -0.18406E-02
     0.53316E+00     0.53034E-18     0.84498E-03     0.10835E+01     0.60306E+00    -0.16902E-02     0.00000E+00     0.00000E+00     0.00000E+00     0.00000E+00     0.00000E+00     0.00000E+00     0.00000E+00     0.00000E+00     0.00000E+00     0.23764E-02     0.31999E-02     0.64188E-02    -0.17855E-02
     0.54751E+00     0.50422E-18     0.86701E-03     0.10881E+01     0.60025E+00    -0.16453E-02     0.00000E+00     0.00000E+00     0.00000E+00     0.00000E+00     0.00000E+00     0.00000E+00     0.00000E+00     0.00000E+00     0.00000E+00     0.23315E-02     0.31132E-02     0.62318E-02    -0.17300E-02
     0.56196E+00    -0.84124E-18     0.88808E-03     0.10925E+01     0.59741E+00    -0.16006E-02     0.00000E+00     0.00000E+00     0.00000E+00     0.00000E+00     0.00000E+00     0.00000E+00     0.00000E+00     0.00000E+00     0.00000E+00     0.22868E-02     0.30274E-02     0.60479E-02    -0.16739E-02
     0.57649E+00     0.19855E-18     0.90729E-03     0.10968E+01     0.59454E+00    -0.15563E-02     0.00000E+00     0.00000E+00     0.00000E+00     0.00000E+00     0.00000E+00     0.00000E+00     0.00000E+00     0.00000E+00     0.00000E+00     0.22425E-02     0.29424E-02     0.58663E-02    -0.16174E-02
     0.59112E+00    -0.24140E-17     0.92467E-03     0.11011E+01     0.59165E+00    -0.15125E-02     0.00000E+00     0.00000E+00     0.00000E+00     0.00000E+00     0.00000E+00     0.00000E+00     0.00000E+00     0.00000E+00     0.00000E+00     0.21988E-02     0.28585E-02     0.56871E-02    -0.15604E-02
     0.60584E+00     0.12122E-17     0.94051E-03     0.11052E+01     0.58872E+00    -0.14693E-02     0.00000E+00     0.00000E+00     0.00000E+00     0.00000E+00     0.00000E+00     0.00000E+00     0.00000E+00     0.00000E+00     0.00000E+00     0.21555E-02     0.27759E-02     0.55103E-02    -0.15030E-02
     0.62064E+00    -0.27170E-18     0.95477E-03     0.11093E+01     0.58576E+00    -0.14268E-02     0.00000E+00     0.00000E+00     0.00000E+00     0.00000E+00     0.00000E+00     0.00000E+00     0.00000E+00     0.00000E+00     0.00000E+00     0.21130E-02     0.26948E-02     0.53359E-02    -0.14452E-02
     0.63552E+00     0.15545E-17     0.96697E-03     0.11133E+01     0.58275E+00    -0.13852E-02     0.00000E+00     0.00000E+00     0.00000E+00     0.00000E+00     0.00000E+00     0.00000E+00     0.00000E+00     0.00000E+00     0.00000E+00     0.20714E-02     0.26151E-02     0.51642E-02    -0.13871E-02
     0.65047E+00    -0.58260E-18     0.97676E-03     0.11172E+01     0.57970E+00    -0.13445E-02     0.00000E+00     0.00000E+00     0.00000E+00     0.00000E+00     0.00000E+00     0.00000E+00     0.00000E+00     0.00000E+00     0.00000E+00     0.20308E-02     0.25369E-02     0.49955E-02    -0.13289E-02
     0.66550E+00     0.40860E-17     0.98397E-03     0.11210E+01     0.57661E+00    -0.13050E-02     0.00000E+00     0.00000E+00     0.00000E+00     0.00000E+00     0.00000E+00     0.00000E+00     0.00000E+00     0.00000E+00     0.00000E+00     0.19913E-02     0.24600E-02     0.48292E-02    -0.12705E-02
     0.68060E+00     0.20979E-17     0.98890E-03     0.11247E+01     0.57348E+00    -0.12668E-02     0.00000E+00     0.00000E+00     0.00000E+00     0.00000E+00     0.00000E+00     0.00000E+00     0.00000E+00     0.00000E+00     0.00000E+00     0.19530E-02     0.23845E-02     0.46649E-02    -0.12121E-02
     0.69576E+00     0.13089E-17     0.99269E-03     0.11282E+01     0.57031E+00    -0.12298E-02     0.00000E+00     0.00000E+00     0.00000E+00     0.00000E+00     0.00000E+00     0.00000E+00     0.00000E+00     0.00000E+00     0.00000E+00     0.19160E-02     0.23107E-02     0.45026E-02    -0.11537E-02
     0.71099E+00    -0.63746E-18     0.99690E-03     0.11317E+01     0.56710E+00    -0.11942E-02     0.00000E+00     0.00000E+00     0.00000E+00     0.00000E+00     0.00000E+00     0.00000E+00     0.00000E+00     0.00000E+00     0.00000E+00     0.18804E-02     0.22389E-02     0.43427E-02    -0.10950E-02
     0.72628E+00     0.29313E-17     0.10026E-02     0.11350E+01     0.56384E+00    -0.11599E-02     0.00000E+00     0.00000E+00     0.00000E+00     0.00000E+00     0.00000E+00     0.00000E+00     0.00000E+00     0.00000E+00     0.00000E+00     0.18462E-02     0.21696E-02     0.41861E-02    -0.10361E-02
     0.74162E+00    -0.11182E-17     0.10097E-02     0.11382E+01     0.56053E+00    -0.11272E-02     0.00000E+00     0.00000E+00     0.00000E+00     0.00000E+00     0.00000E+00     0.00000E+00     0.00000E+00     0.00000E+00     0.00000E+00     0.18134E-02     0.21031E-02     0.40335E-02    -0.97697E-03
     0.75702E+00    -0.12566E-17     0.10181E-02     0.11412E+01     0.55718E+00    -0.10960E-02     0.00000E+00     0.00000E+00     0.00000E+00     0.00000E+00     0.00000E+00     0.00000E+00     0.00000E+00     0.00000E+00     0.00000E+00     0.17822E-02     0.20395E-02     0.38853E-02    -0.91768E-03
     0.77247E+00    -0.19568E-17     0.10273E-02     0.11441E+01     0.55377E+00    -0.10664E-02     0.00000E+00     0.00000E+00     0.00000E+00     0.00000E+00     0.00000E+00     0.00000E+00     0.00000E+00     0.00000E+00     0.00000E+00     0.17527E-02     0.19789E-02     0.37420E-02    -0.85838E-03
     0.78796E+00     0.32970E-17     0.10375E-02     0.11468E+01     0.55032E+00    -0.10386E-02     0.00000E+00     0.00000E+00     0.00000E+00     0.00000E+00     0.00000E+00     0.00000E+00     0.00000E+00     0.00000E+00     0.00000E+00     0.17248E-02     0.19216E-02     0.36042E-02    -0.79906E-03
     0.80350E+00    -0.57998E-18     0.10492E-02     0.11494E+01     0.54681E+00    -0.10125E-02     0.00000E+00     0.00000E+00     0.00000E+00     0.00000E+00     0.00000E+00     0.00000E+00     0.00000E+00     0.00000E+00     0.00000E+00     0.16987E-02     0.18679E-02     0.34719E-02    -0.73972E-03
     0.81907E+00    -0.93006E-18     0.10631E-02     0.11518E+01     0.54324E+00    -0.98813E-03     0.00000E+00     0.00000E+00     0.00000E+00     0.00000E+00     0.00000E+00     0.00000E+00     0.00000E+00     0.00000E+00     0.00000E+00     0.16744E-02     0.18182E-02     0.33459E-02    -0.68034E-03
     0.83469E+00    -0.18079E-17     0.10805E-02     0.11540E+01     0.53962E+00    -0.96557E-03     0.00000E+00     0.00000E+00     0.00000E+00     0.00000E+00     0.00000E+00     0.00000E+00     0.00000E+00     0.00000E+00     0.00000E+00     0.16518E-02     0.17725E-02     0.32269E-02    -0.62096E-03
     0.85033E+00    -0.33597E-17     0.11012E-02     0.11561E+01     0.53594E+00    -0.94491E-03     0.00000E+00     0.00000E+00     0.00000E+00     0.00000E+00     0.00000E+00     0.00000E+00     0.00000E+00     0.00000E+00     0.00000E+00     0.16312E-02     0.17306E-02     0.31155E-02    -0.56157E-03
     0.86601E+00     0.47757E-17     0.11245E-02     0.11580E+01     0.53221E+00    -0.92626E-03     0.00000E+00     0.00000E+00     0.00000E+00     0.00000E+00     0.00000E+00     0.00000E+00     0.00000E+00     0.00000E+00     0.00000E+00     0.16125E-02     0.16925E-02     0.30123E-02    -0.50215E-03
     0.88171E+00    -0.90394E-18     0.11490E-02     0.11597E+01     0.52844E+00    -0.90972E-03     0.00000E+00     0.00000E+00     0.00000E+00     0.00000E+00     0.00000E+00     0.00000E+00     0.00000E+00     0.00000E+00     0.00000E+00     0.15960E-02     0.16578E-02     0.29178E-02    -0.44273E-03
     0.89744E+00    -0.55386E-18     0.11739E-02     0.11611E+01     0.52463E+00    -0.89534E-03     0.00000E+00     0.00000E+00     0.00000E+00     0.00000E+00     0.00000E+00     0.00000E+00     0.00000E+00     0.00000E+00     0.00000E+00     0.15816E-02     0.16267E-02     0.28327E-02    -0.38330E-03
     0.91319E+00    -0.52251E-19     0.11993E-02     0.11624E+01     0.52080E+00    -0.88314E-03     0.00000E+00     0.00000E+00     0.00000E+00     0.00000E+00     0.00000E+00     0.00000E+00     0.00000E+00     0.00000E+00     0.00000E+00     0.15694E-02     0.15995E-02     0.27575E-02    -0.32384E-03
     0.92895E+00     0.36732E-17     0.12256E-02     0.11635E+01     0.51695E+00    -0.87311E-03     0.00000E+00     0.00000E+00     0.00000E+00     0.00000E+00     0.00000E+00     0.00000E+00     0.00000E+00     0.00000E+00     0.00000E+00     0.15594E-02     0.15764E-02     0.26931E-02    -0.26434E-03
     0.94473E+00     0.31559E-17     0.12529E-02     0.11643E+01     0.51309E+00    -0.86521E-03     0.00000E+00     0.00000E+00     0.00000E+00     0.00000E+00     0.00000E+00     0.00000E+00     0.00000E+00     0.00000E+00     0.00000E+00     0.15515E-02     0.15578E-02     0.26402E-02    -0.20485E-03
     0.96051E+00     0.32291E-17     0.12809E-02     0.11650E+01     0.50921E+00    -0.85946E-03     0.00000E+00     0.00000E+00     0.00000E+00     0.00000E+00     0.00000E+00     0.00000E+00     0.00000E+00     0.00000E+00     0.00000E+00     0.15457E-02     0.15440E-02     0.25994E-02    -0.14544E-03
     0.97631E+00    -0.20953E-17     0.13091E-02     0.11654E+01     0.50534E+00    -0.85583E-03     0.00000E+00     0.00000E+00     0.00000E+00     0.00000E+00     0.00000E+00     0.00000E+00     0.00000E+00     0.00000E+00     0.00000E+00     0.15421E-02     0.15349E-02     0.25711E-02    -0.86162E-04
     0.99210E+00     0.38666E-18     0.13360E-02     0.11656E+01     0.50147E+00    -0.85434E-03     0.00000E+00     0.00000E+00     0.00000E+00     0.00000E+00     0.00000E+00     0.00000E+00     0.00000E+00     0.00000E+00     0.00000E+00     0.15406E-02     0.15307E-02     0.25552E-02    -0.27021E-04
     0.10079E+01    -0.11234E-17     0.13588E-02     0.11655E+01     0.49761E+00    -0.85496E-03     0.00000E+00     0.00000E+00     0.00000E+00     0.00000E+00     0.00000E+00     0.00000E+00     0.00000E+00     0.00000E+00     0.00000E+00     0.15412E-02     0.15315E-02     0.25516E-02     0.32045E-04
     0.10237E+01    -0.86736E-18     0.13743E-02     0.11652E+01     0.49376E+00    -0.85769E-03     0.00000E+00     0.00000E+00     0.00000E+00     0.00000E+00     0.00000E+00     0.00000E+00     0.00000E+00     0.00000E+00     0.00000E+00     0.15440E-02     0.15371E-02     0.25602E-02     0.91117E-04
     0.10395E+01    -0.63746E-18     0.13814E-02     0.11648E+01     0.48991E+00    -0.86249E-03     0.00000E+00     0.00000E+00     0.00000E+00     0.00000E+00     0.00000E+00     0.00000E+00     0.00000E+00     0.00000E+00     0.00000E+00     0.15488E-02     0.15479E-02     0.25811E-02     0.15024E-03
     0.10553E+01     0.44570E-17     0.13816E-02     0.11640E+01     0.48609E+00    -0.86935E-03     0.00000E+00     0.00000E+00     0.00000E+00     0.00000E+00     0.00000E+00     0.00000E+00     0.00000E+00     0.00000E+00     0.00000E+00     0.15556E-02     0.15638E-02     0.26146E-02     0.20941E-03
     0.10711E+01    -0.80727E-18     0.13773E-02     0.11631E+01     0.48228E+00    -0.87829E-03     0.00000E+00     0.00000E+00     0.00000E+00     0.00000E+00     0.00000E+00     0.00000E+00     0.00000E+00     0.00000E+00     0.00000E+00     0.15646E-02     0.15846E-02     0.26606E-02     0.26863E-03
     0.10868E+01     0.10111E-17     0.13704E-02     0.11619E+01     0.47849E+00    -0.88933E-03     0.00000E+00     0.00000E+00     0.00000E+00     0.00000E+00     0.00000E+00     0.00000E+00     0.00000E+00     0.00000E+00     0.00000E+00     0.15756E-02     0.16100E-02     0.27186E-02     0.32790E-03
     0.11026E+01     0.23199E-17     0.13627E-02     0.11605E+01     0.47473E+00    -0.90250E-03     0.00000E+00     0.00000E+00     0.00000E+00     0.00000E+00     0.00000E+00     0.00000E+00     0.00000E+00     0.00000E+00     0.00000E+00     0.15888E-02     0.16398E-02     0.27877E-02     0.38722E-03
     0.11183E+01     0.33806E-17     0.13546E-02     0.11589E+01     0.47101E+00    -0.91776E-03     0.00000E+00     0.00000E+00     0.00000E+00     0.00000E+00     0.00000E+00     0.00000E+00     0.00000E+00     0.00000E+00     0.00000E+00     0.16040E-02     0.16737E-02     0.28671E-02     0.44657E-03
     0.11340E+01    -0.56379E-17     0.13448E-02     0.11571E+01     0.46732E+00    -0.93505E-03     0.00000E+00     0.00000E+00     0.00000E+00     0.00000E+00     0.00000E+00     0.00000E+00     0.00000E+00     0.00000E+00     0.00000E+00     0.16213E-02     0.17114E-02     0.29560E-02     0.50595E-03
     0.11497E+01     0.17399E-17     0.13309E-02     0.11551E+01     0.46367E+00    -0.95425E-03     0.00000E+00     0.00000E+00     0.00000E+00     0.00000E+00     0.00000E+00     0.00000E+00     0.00000E+00     0.00000E+00     0.00000E+00     0.16405E-02     0.17528E-02     0.30537E-02     0.56538E-03
     0.11653E+01    -0.13324E-17     0.13104E-02     0.11529E+01     0.46005E+00    -0.97527E-03     0.00000E+00     0.00000E+00     0.00000E+00     0.00000E+00     0.00000E+00     0.00000E+00     0.00000E+00     0.00000E+00     0.00000E+00     0.16615E-02     0.17984E-02     0.31596E-02     0.62489E-03
     0.11809E+01    -0.61133E-18     0.12820E-02     0.11506E+01     0.45648E+00    -0.99806E-03     0.00000E+00     0.00000E+00     0.00000E+00     0.00000E+00     0.00000E+00     0.00000E+00     0.00000E+00     0.00000E+00     0.00000E+00     0.16843E-02     0.18485E-02     0.32731E-02     0.68447E-03
     0.11965E+01    -0.34485E-18     0.12452E-02     0.11480E+01     0.45295E+00    -0.10226E-02     0.00000E+00     0.00000E+00     0.00000E+00     0.00000E+00     0.00000E+00     0.00000E+00     0.00000E+00     0.00000E+00     0.00000E+00     0.17089E-02     0.19027E-02     0.33935E-02     0.74406E-03
     0.12120E+01     0.24819E-18     0.12005E-02     0.11453E+01     0.44946E+00    -0.10489E-02     0.00000E+00     0.00000E+00     0.00000E+00     0.00000E+00     0.00000E+00     0.00000E+00     0.00000E+00     0.00000E+00     0.00000E+00     0.17351E-02     0.19603E-02     0.35199E-02     0.80360E-03
     0.12275E+01     0.11234E-17     0.11492E-02     0.11424E+01     0.44601E+00    -0.10768E-02     0.00000E+00     0.00000E+00     0.00000E+00     0.00000E+00     0.00000E+00     0.00000E+00     0.00000E+00     0.00000E+00     0.00000E+00     0.17630E-02     0.20209E-02     0.36519E-02     0.86301E-03
     0.12430E+01    -0.15649E-17     0.10934E-02     0.11393E+01     0.44261E+00    -0.11063E-02     0.00000E+00     0.00000E+00     0.00000E+00     0.00000E+00     0.00000E+00     0.00000E+00     0.00000E+00     0.00000E+00     0.00000E+00     0.17926E-02     0.20840E-02     0.37888E-02     0.92226E-03
     0.12584E+01     0.18026E-17     0.10343E-02     0.11361E+01     0.43925E+00    -0.11374E-02     0.00000E+00     0.00000E+00     0.00000E+00     0.00000E+00     0.00000E+00     0.00000E+00     0.00000E+00     0.00000E+00     0.00000E+00     0.18236E-02     0.21497E-02     0.39304E-02     0.98139E-03
     0.12737E+01    -0.21971E-17     0.97324E-03     0.11328E+01     0.43593E+00    -0.11699E-02     0.00000E+00     0.00000E+00     0.00000E+00     0.00000E+00     0.00000E+00     0.00000E+00     0.00000E+00     0.00000E+00     0.00000E+00     0.18562E-02     0.22183E-02     0.40762E-02     0.10405E-02
     0.12890E+01    -0.73412E-18     0.91252E-03     0.11294E+01     0.43266E+00    -0.12039E-02     0.00000E+00     0.00000E+00     0.00000E+00     0.00000E+00     0.00000E+00     0.00000E+00     0.00000E+00     0.00000E+00     0.00000E+00     0.18902E-02     0.22893E-02     0.42255E-02     0.10996E-02
     0.13042E+01     0.17556E-17     0.85426E-03     0.11258E+01     0.42943E+00    -0.12393E-02     0.00000E+00     0.00000E+00     0.00000E+00     0.00000E+00     0.00000E+00     0.00000E+00     0.00000E+00     0.00000E+00     0.00000E+00     0.19255E-02     0.23622E-02     0.43779E-02     0.11585E-02
     0.13194E+01     0.18262E-17     0.79848E-03     0.11222E+01     0.42624E+00    -0.12761E-02     0.00000E+00     0.00000E+00     0.00000E+00     0.00000E+00     0.00000E+00     0.00000E+00     0.00000E+00     0.00000E+00     0.00000E+00     0.19624E-02     0.24367E-02     0.45328E-02     0.12174E-02
     0.13345E+01     0.76809E-18     0.74393E-03     0.11184E+01     0.42310E+00    -0.13143E-02     0.00000E+00     0.00000E+00     0.00000E+00     0.00000E+00     0.00000E+00     0.00000E+00     0.00000E+00     0.00000E+00     0.00000E+00     0.20005E-02     0.25123E-02     0.46905E-02     0.12763E-02
     0.13495E+01    -0.12096E-17     0.69033E-03     0.11145E+01     0.42000E+00    -0.13537E-02     0.00000E+00     0.00000E+00     0.00000E+00     0.00000E+00     0.00000E+00     0.00000E+00     0.00000E+00     0.00000E+00     0.00000E+00     0.20400E-02     0.25889E-02     0.48515E-02     0.13351E-02
     0.13645E+01     0.16276E-17     0.63882E-03     0.11106E+01     0.41694E+00    -0.13944E-02     0.00000E+00     0.00000E+00     0.00000E+00     0.00000E+00     0.00000E+00     0.00000E+00     0.00000E+00     0.00000E+00     0.00000E+00     0.20806E-02     0.26666E-02     0.50161E-02     0.13939E-02
     0.13794E+01    -0.55124E-18     0.59136E-03     0.11065E+01     0.41392E+00    -0.14360E-02     0.00000E+00     0.00000E+00     0.00000E+00     0.00000E+00     0.00000E+00     0.00000E+00     0.00000E+00     0.00000E+00     0.00000E+00     0.21222E-02     0.27457E-02     0.51847E-02     0.14523E-02
     0.13942E+01     0.58782E-18     0.54914E-03     0.11024E+01     0.41094E+00    -0.14786E-02     0.00000E+00     0.00000E+00     0.00000E+00     0.00000E+00     0.00000E+00     0.00000E+00     0.00000E+00     0.00000E+00     0.00000E+00     0.21648E-02     0.28268E-02     0.53574E-02     0.15104E-02
     0.14089E+01     0.39449E-18     0.51216E-03     0.10981E+01     0.40798E+00    -0.15220E-02     0.00000E+00     0.00000E+00     0.00000E+00     0.00000E+00     0.00000E+00     0.00000E+00     0.00000E+00     0.00000E+00     0.00000E+00     0.22082E-02     0.29102E-02     0.55341E-02     0.15682E-02
     0.14235E+01     0.87781E-18     0.47983E-03     0.10938E+01     0.40506E+00    -0.15660E-02     0.00000E+00     0.00000E+00     0.00000E+00     0.00000E+00     0.00000E+00     0.00000E+00     0.00000E+00     0.00000E+00     0.00000E+00     0.22522E-02     0.29956E-02     0.57142E-02     0.16253E-02
     0.14380E+01     0.44152E-18     0.44988E-03     0.10894E+01     0.40216E+00    -0.16104E-02     0.00000E+00     0.00000E+00     0.00000E+00     0.00000E+00     0.00000E+00     0.00000E+00     0.00000E+00     0.00000E+00     0.00000E+00     0.22966E-02     0.30826E-02     0.58972E-02     0.16818E-02
     0.14525E+01     0.18915E-17     0.41953E-03     0.10850E+01     0.39928E+00    -0.16552E-02     0.00000E+00     0.00000E+00     0.00000E+00     0.00000E+00     0.00000E+00     0.00000E+00     0.00000E+00     0.00000E+00     0.00000E+00     0.23414E-02     0.31709E-02     0.60833E-02     0.17377E-02
     0.14668E+01     0.71583E-18     0.38624E-03     0.10805E+01     0.39643E+00    -0.17001E-02     0.00000E+00     0.00000E+00     0.00000E+00     0.00000E+00     0.00000E+00     0.00000E+00     0.00000E+00     0.00000E+00     0.00000E+00     0.23863E-02     0.32600E-02     0.62731E-02     0.17930E-02
     0.14811E+01     0.51728E-18     0.34735E-03     0.10758E+01     0.39359E+00    -0.17451E-02     0.00000E+00     0.00000E+00     0.00000E+00     0.00000E+00     0.00000E+00     0.00000E+00     0.00000E+00     0.00000E+00     0.00000E+00     0.24312E-02     0.33494E-02     0.64675E-02     0.18480E-02
     0.14952E+01    -0.28712E-17     0.30151E-03     0.10711E+01     0.39078E+00    -0.17898E-02     0.00000E+00     0.00000E+00     0.00000E+00     0.00000E+00     0.00000E+00     0.00000E+00     0.00000E+00     0.00000E+00     0.00000E+00     0.24760E-02     0.34385E-02     0.66671E-02     0.19026E-02
     0.15093E+01    -0.18392E-17     0.24942E-03     0.10664E+01     0.38797E+00    -0.18341E-02     0.00000E+00     0.00000E+00     0.00000E+00     0.00000E+00     0.00000E+00     0.00000E+00     0.00000E+00     0.00000E+00     0.00000E+00     0.25203E-02     0.35271E-02     0.68718E-02     0.19568E-02
     0.15232E+01    -0.25603E-18     0.19239E-03     0.10615E+01     0.38517E+00    -0.18778E-02     0.00000E+00     0.00000E+00     0.00000E+00     0.00000E+00     0.00000E+00     0.00000E+00     0.00000E+00     0.00000E+00     0.00000E+00     0.25639E-02     0.36150E-02     0.70815E-02     0.20104E-02
     0.15370E+01    -0.15179E-17     0.13147E-03     0.10565E+01     0.38238E+00    -0.19206E-02     0.00000E+00     0.00000E+00     0.00000E+00     0.00000E+00     0.00000E+00     0.00000E+00     0.00000E+00     0.00000E+00     0.00000E+00     0.26068E-02     0.37021E-02     0.72972E-02     0.20634E-02
     0.15507E+01    -0.62570E-18     0.68631E-04     0.10515E+01     0.37959E+00    -0.19626E-02     0.00000E+00     0.00000E+00     0.00000E+00     0.00000E+00     0.00000E+00     0.00000E+00     0.00000E+00     0.00000E+00     0.00000E+00     0.26487E-02     0.37889E-02     0.75209E-02     0.21158E-02
     0.15643E+01    -0.42192E-18     0.67567E-05     0.10464E+01     0.37680E+00    -0.20034E-02     0.00000E+00     0.00000E+00     0.00000E+00     0.00000E+00     0.00000E+00     0.00000E+00     0.00000E+00     0.00000E+00     0.00000E+00     0.26896E-02     0.38756E-02     0.77539E-02     0.21677E-02
     0.15778E+01     0.12201E-17    -0.53571E-04     0.10411E+01     0.37400E+00    -0.20429E-02     0.00000E+00     0.00000E+00     0.00000E+00     0.00000E+00     0.00000E+00     0.00000E+00     0.00000E+00     0.00000E+00     0.00000E+00     0.27291E-02     0.39622E-02     0.79968E-02     0.22190E-02
     0.15911E+01     0.28503E-17    -0.11464E-03     0.10358E+01     0.37120E+00    -0.20808E-02     0.00000E+00     0.00000E+00     0.00000E+00     0.00000E+00     0.00000E+00     0.00000E+00     0.00000E+00     0.00000E+00     0.00000E+00     0.27669E-02     0.40487E-02     0.82500E-02     0.22695E-02
     0.16043E+01    -0.12932E-18    -0.17824E-03     0.10304E+01     0.36839E+00    -0.21166E-02     0.00000E+00     0.00000E+00     0.00000E+00     0.00000E+00     0.00000E+00     0.00000E+00     0.00000E+00     0.00000E+00     0.00000E+00     0.28027E-02     0.41348E-02     0.85146E-02     0.23192E-02
     0.16174E+01     0.77070E-19    -0.24358E-03     0.10249E+01     0.36556E+00    -0.21502E-02     0.00000E+00     0.00000E+00     0.00000E+00     0.00000E+00     0.00000E+00     0.00000E+00     0.00000E+00     0.00000E+00     0.00000E+00     0.28362E-02     0.42203E-02     0.87923E-02     0.23681E-02
     0.16303E+01     0.49899E-18    -0.30784E-03     0.10193E+01     0.36272E+00    -0.21810E-02     0.00000E+00     0.00000E+00     0.00000E+00     0.00000E+00     0.00000E+00     0.00000E+00     0.00000E+00     0.00000E+00     0.00000E+00     0.28671E-02     0.43044E-02     0.90852E-02     0.24161E-02
     0.16431E+01     0.85952E-18    -0.36763E-03     0.10135E+01     0.35986E+00    -0.22088E-02     0.00000E+00     0.00000E+00     0.00000E+00     0.00000E+00     0.00000E+00     0.00000E+00     0.00000E+00     0.00000E+00     0.00000E+00     0.28948E-02     0.43866E-02     0.93948E-02     0.24634E-02
     0.16558E+01    -0.12854E-17    -0.42109E-03     0.10077E+01     0.35697E+00    -0.22330E-02     0.00000E+00     0.00000E+00     0.00000E+00     0.00000E+00     0.00000E+00     0.00000E+00     0.00000E+00     0.00000E+00     0.00000E+00     0.29191E-02     0.44655E-02     0.97222E-02     0.25099E-02
     0.16683E+01    -0.26387E-18    -0.46822E-03     0.10017E+01     0.35405E+00    -0.22532E-02     0.00000E+00     0.00000E+00     0.00000E+00     0.00000E+00     0.00000E+00     0.00000E+00     0.00000E+00     0.00000E+00     0.00000E+00     0.29392E-02     0.45405E-02     0.10069E-01     0.25551E-02
     0.16806E+01    -0.25472E-18    -0.51002E-03     0.99565E+00     0.35110E+00    -0.22686E-02     0.00000E+00     0.00000E+00     0.00000E+00     0.00000E+00     0.00000E+00     0.00000E+00     0.00000E+00     0.00000E+00     0.00000E+00     0.29546E-02     0.46116E-02     0.10437E-01     0.25991E-02
     0.16928E+01    -0.97970E-18    -0.54718E-03     0.98940E+00     0.34811E+00    -0.22786E-02     0.00000E+00     0.00000E+00     0.00000E+00     0.00000E+00     0.00000E+00     0.00000E+00     0.00000E+00     0.00000E+00     0.00000E+00     0.29645E-02     0.46791E-02     0.10830E-01     0.26417E-02
     0.17049E+01     0.11978E-17    -0.57944E-03     0.98297E+00     0.34507E+00    -0.22823E-02     0.00000E+00     0.00000E+00     0.00000E+00     0.00000E+00     0.00000E+00     0.00000E+00     0.00000E+00     0.00000E+00     0.00000E+00     0.29682E-02     0.47436E-02     0.11252E-01     0.26828E-02
     0.17167E+01    -0.52251E-20    -0.60530E-03     0.97634E+00     0.34198E+00    -0.22792E-02     0.00000E+00     0.00000E+00     0.00000E+00     0.00000E+00     0.00000E+00     0.00000E+00     0.00000E+00     0.00000E+00     0.00000E+00     0.29651E-02     0.48044E-02     0.11708E-01     0.27225E-02
     0.17285E+01     0.45197E-18    -0.62241E-03     0.96950E+00     0.33884E+00    -0.22685E-02     0.00000E+00     0.00000E+00     0.00000E+00     0.00000E+00     0.00000E+00     0.00000E+00     0.00000E+00     0.00000E+00     0.00000E+00     0.29544E-02     0.48609E-02     0.12200E-01     0.27606E-02
     0.17400E+01     0.85952E-18    -0.62960E-03     0.96242E+00     0.33562E+00    -0.22495E-02     0.00000E+00     0.00000E+00     0.00000E+00     0.00000E+00     0.00000E+00     0.00000E+00     0.00000E+00     0.00000E+00     0.00000E+00     0.29353E-02     0.49123E-02     0.12731E-01     0.27970E-02
     0.17514E+01     0.10372E-17    -0.62763E-03     0.95506E+00     0.33232E+00    -0.22215E-02     0.00000E+00     0.00000E+00     0.00000E+00     0.00000E+00     0.00000E+00     0.00000E+00     0.00000E+00     0.00000E+00     0.00000E+00     0.29073E-02     0.49581E-02     0.13303E-01     0.28312E-02
     0.17626E+01    -0.15336E-17    -0.61840E-03     0.94739E+00     0.32892E+00    -0.21838E-02     0.00000E+00     0.00000E+00     0.00000E+00     0.00000E+00     0.00000E+00     0.00000E+00     0.00000E+00     0.00000E+00     0.00000E+00     0.28696E-02     0.49975E-02     0.13919E-01     0.28628E-02
     0.17737E+01     0.39319E-18    -0.60386E-03     0.93935E+00     0.32542E+00    -0.21360E-02     0.00000E+00     0.00000E+00     0.00000E+00     0.00000E+00     0.00000E+00     0.00000E+00     0.00000E+00     0.00000E+00     0.00000E+00     0.28217E-02     0.50299E-02     0.14582E-01     0.28914E-02
     0.17845E+01     0.35139E-18    -0.58589E-03     0.93090E+00     0.32178E+00    -0.20775E-02     0.00000E+00     0.00000E+00     0.00000E+00     0.00000E+00     0.00000E+00     0.00000E+00     0.00000E+00     0.00000E+00     0.00000E+00     0.27632E-02     0.50545E-02     0.15296E-01     0.29167E-02
     0.17952E+01     0.29130E-18    -0.56564E-03     0.92197E+00     0.31798E+00    -0.20080E-02     0.00000E+00     0.00000E+00     0.00000E+00     0.00000E+00     0.00000E+00     0.00000E+00     0.00000E+00     0.00000E+00     0.00000E+00     0.26937E-02     0.50705E-02     0.16064E-01     0.29380E-02
     0.18057E+01    -0.66358E-18    -0.54321E-03     0.91246E+00     0.31401E+00    -0.19272E-02     0.00000E+00     0.00000E+00     0.00000E+00     0.00000E+00     0.00000E+00     0.00000E+00     0.00000E+00     0.00000E+00     0.00000E+00     0.26130E-02     0.50774E-02     0.16888E-01     0.29547E-02
     0.18160E+01    -0.43107E-18    -0.51850E-03     0.90230E+00     0.30983E+00    -0.18351E-02     0.00000E+00     0.00000E+00     0.00000E+00     0.00000E+00     0.00000E+00     0.00000E+00     0.00000E+00     0.00000E+00     0.00000E+00     0.25208E-02     0.50739E-02     0.17770E-01     0.29662E-02
     0.18261E+01     0.12540E-18    -0.49176E-03     0.89136E+00     0.30541E+00    -0.17315E-02     0.00000E+00     0.00000E+00     0.00000E+00     0.00000E+00     0.00000E+00     0.00000E+00     0.00000E+00     0.00000E+00     0.00000E+00     0.24172E-02     0.50587E-02     0.18710E-01     0.29716E-02
     0.18360E+01    -0.10437E-17    -0.46364E-03     0.87954E+00     0.30071E+00    -0.16164E-02     0.00000E+00     0.00000E+00     0.00000E+00     0.00000E+00     0.00000E+00     0.00000E+00     0.00000E+00     0.00000E+00     0.00000E+00     0.23022E-02     0.50301E-02     0.19707E-01     0.29698E-02
     0.18457E+01     0.21031E-18    -0.43400E-03     0.86667E+00     0.29569E+00    -0.14905E-02     0.00000E+00     0.00000E+00     0.00000E+00     0.00000E+00     0.00000E+00     0.00000E+00     0.00000E+00     0.00000E+00     0.00000E+00     0.21762E-02     0.49874E-02     0.20754E-01     0.29597E-02
     0.18552E+01    -0.10189E-18    -0.40199E-03     0.85260E+00     0.29030E+00    -0.13542E-02     0.00000E+00     0.00000E+00     0.00000E+00     0.00000E+00     0.00000E+00     0.00000E+00     0.00000E+00     0.00000E+00     0.00000E+00     0.20400E-02     0.49301E-02     0.21840E-01     0.29401E-02
     0.18645E+01    -0.86606E-18    -0.36676E-03     0.83714E+00     0.28447E+00    -0.12087E-02     0.00000E+00     0.00000E+00     0.00000E+00     0.00000E+00     0.00000E+00     0.00000E+00     0.00000E+00     0.00000E+00     0.00000E+00     0.18945E-02     0.48575E-02     0.22953E-01     0.29092E-02
     0.18736E+01    -0.69624E-18    -0.32790E-03     0.82007E+00     0.27812E+00    -0.10552E-02     0.00000E+00     0.00000E+00     0.00000E+00     0.00000E+00     0.00000E+00     0.00000E+00     0.00000E+00     0.00000E+00     0.00000E+00     0.17411E-02     0.47684E-02     0.24076E-01     0.28655E-02
     0.18825E+01    -0.67665E-18    -0.28534E-03     0.80115E+00     0.27119E+00    -0.89553E-03     0.00000E+00     0.00000E+00     0.00000E+00     0.00000E+00     0.00000E+00     0.00000E+00     0.00000E+00     0.00000E+00     0.00000E+00     0.15815E-02     0.46614E-02     0.25181E-01     0.28064E-02
     0.18912E+01    -0.12410E-18    -0.23932E-03     0.78010E+00     0.26357E+00    -0.73175E-03     0.00000E+00     0.00000E+00     0.00000E+00     0.00000E+00     0.00000E+00     0.00000E+00     0.00000E+00     0.00000E+00     0.00000E+00     0.14179E-02     0.45349E-02     0.26233E-01     0.27296E-02
     0.18996E+01    -0.16132E-18    -0.19078E-03     0.75661E+00     0.25516E+00    -0.56628E-03     0.00000E+00     0.00000E+00     0.00000E+00     0.00000E+00     0.00000E+00     0.00000E+00     0.00000E+00     0.00000E+00     0.00000E+00     0.12525E-02     0.43871E-02     0.27180E-01     0.26321E-02
     0.19078E+01    -0.58782E-20    -0.14147E-03     0.73034E+00     0.24584E+00    -0.40181E-03     0.00000E+00     0.00000E+00     0.00000E+00     0.00000E+00     0.00000E+00     0.00000E+00     0.00000E+00     0.00000E+00     0.00000E+00     0.10881E-02     0.42161E-02     0.27956E-01     0.25109E-02
     0.19158E+01     0.13455E-18    -0.93671E-04     0.70093E+00     0.23549E+00    -0.24117E-03     0.00000E+00     0.00000E+00     0.00000E+00     0.00000E+00     0.00000E+00     0.00000E+00     0.00000E+00     0.00000E+00     0.00000E+00     0.92762E-03     0.40207E-02     0.28479E-01     0.23629E-02
     0.19236E+01    -0.35596E-18    -0.49892E-04     0.66798E+00     0.22400E+00    -0.87277E-04     0.00000E+00     0.00000E+00     0.00000E+00     0.00000E+00     0.00000E+00     0.00000E+00     0.00000E+00     0.00000E+00     0.00000E+00     0.77384E-03     0.38003E-02     0.28652E-01     0.21859E-02
     0.19311E+01    -0.20247E-18    -0.12286E-04     0.63115E+00     0.21123E+00     0.57085E-04     0.00000E+00     0.00000E+00     0.00000E+00     0.00000E+00     0.00000E+00     0.00000E+00     0.00000E+00     0.00000E+00     0.00000E+00     0.62958E-03     0.35553E-02     0.28363E-01     0.19784E-02
     0.19384E+01    -0.12410E-18     0.17691E-04     0.59014E+00     0.19711E+00     0.18936E-03     0.00000E+00     0.00000E+00     0.00000E+00     0.00000E+00     0.00000E+00     0.00000E+00     0.00000E+00     0.00000E+00     0.00000E+00     0.49739E-03     0.32868E-02     0.27495E-01     0.17416E-02
     0.19455E+01    -0.33963E-19     0.39289E-04     0.54476E+00     0.18157E+00     0.30739E-03     0.00000E+00     0.00000E+00     0.00000E+00     0.00000E+00     0.00000E+00     0.00000E+00     0.00000E+00     0.00000E+00     0.00000E+00     0.37943E-03     0.29964E-02     0.25941E-01     0.14795E-02
     0.19523E+01    -0.16622E-18     0.52389E-04     0.49503E+00     0.16462E+00     0.40955E-03     0.00000E+00     0.00000E+00     0.00000E+00     0.00000E+00     0.00000E+00     0.00000E+00     0.00000E+00     0.00000E+00     0.00000E+00     0.27731E-03     0.26859E-02     0.23634E-01     0.12008E-02
     0.19589E+01    -0.16198E-18     0.57588E-04     0.44122E+00     0.14638E+00     0.49480E-03     0.00000E+00     0.00000E+00     0.00000E+00     0.00000E+00     0.00000E+00     0.00000E+00     0.00000E+00     0.00000E+00     0.00000E+00     0.19207E-03     0.23563E-02     0.20586E-01     0.91912E-03
     0.19652E+01    -0.37555E-19     0.56279E-04     0.38391E+00     0.12705E+00     0.56279E-03     0.00000E+00     0.00000E+00     0.00000E+00     0.00000E+00     0.00000E+00     0.00000E+00     0.00000E+00     0.00000E+00     0.00000E+00     0.12407E-03     0.20083E-02     0.16923E-01     0.65206E-03
     0.19713E+01     0.58945E-19     0.50398E-04     0.32402E+00     0.10695E+00     0.61386E-03     0.00000E+00     0.00000E+00     0.00000E+00     0.00000E+00     0.00000E+00     0.00000E+00     0.00000E+00     0.00000E+00     0.00000E+00     0.72952E-04     0.16429E-02     0.12916E-01     0.41864E-03
     0.19771E+01     0.34126E-19     0.41907E-04     0.26272E+00     0.86479E-01     0.64919E-03     0.00000E+00     0.00000E+00     0.00000E+00     0.00000E+00     0.00000E+00     0.00000E+00     0.00000E+00     0.00000E+00     0.00000E+00     0.37536E-04     0.12636E-02     0.89455E-02     0.23490E-03
     0.19826E+01     0.14532E-19     0.32334E-04     0.20128E+00     0.66074E-01     0.67083E-03     0.00000E+00     0.00000E+00     0.00000E+00     0.00000E+00     0.00000E+00     0.00000E+00     0.00000E+00     0.00000E+00     0.00000E+00     0.15773E-04     0.88135E-03     0.54312E-02     0.10889E-03
     0.19879E+01     0.41372E-19     0.22616E-04     0.14090E+00     0.46130E-01     0.68172E-03     0.00000E+00     0.00000E+00     0.00000E+00     0.00000E+00     0.00000E+00     0.00000E+00     0.00000E+00     0.00000E+00     0.00000E+00     0.47093E-05     0.51885E-03     0.27071E-02     0.37490E-04
     0.19929E+01    -0.49082E-19     0.13197E-04     0.82535E-01     0.26952E-01     0.68561E-03     0.00000E+00     0.00000E+00     0.00000E+00     0.00000E+00     0.00000E+00     0.00000E+00     0.00000E+00     0.00000E+00     0.00000E+00     0.70047E-06     0.21521E-03     0.93387E-03     0.73483E-05
     0.19977E+01     0.00000E+00     0.42654E-05     0.26787E-01     0.87266E-02     0.68608E-03     0.00000E+00     0.00000E+00     0.00000E+00     0.00000E+00     0.00000E+00     0.00000E+00     0.00000E+00     0.00000E+00     0.00000E+00     0.10098E-07     0.27482E-04     0.98555E-04     0.23669E-06
