     0.23093E-02     0.34902E-02     0.00000E+00     0.00000E+00     0.00000E+00     0.00000E+00     0.00000E+00     0.00000E+00     0.00000E+00     0.00000E+00     0.00000E+00     0.00000E+00     0.00000E+00     0.00000E+00     0.99131E+00     0.00000E+00     0.00000E+00
     0.70633E-02     0.10765E-01     0.00000E+00     0.00000E+00     0.00000E+00     0.00000E+00     0.00000E+00     0.00000E+00     0.00000E+00     0.00000E+00     0.00000E+00     0.00000E+00     0.00000E+00     0.00000E+00     0.97315E+00     0.00000E+00     0.00000E+00
     0.12087E-01     0.18344E-01     0.00000E+00     0.00000E+00     0.00000E+00     0.00000E+00     0.00000E+00     0.00000E+00     0.00000E+00     0.00000E+00     0.00000E+00     0.00000E+00     0.00000E+00     0.00000E+00     0.95404E+00     0.00000E+00     0.00000E+00
     0.17376E-01     0.26018E-01     0.00000E+00     0.00000E+00     0.00000E+00     0.00000E+00     0.00000E+00     0.00000E+00     0.00000E+00     0.00000E+00     0.00000E+00     0.00000E+00     0.00000E+00     0.00000E+00     0.93415E+00     0.00000E+00     0.00000E+00
     0.22928E-01     0.33477E-01     0.00000E+00     0.00000E+00     0.00000E+00     0.00000E+00     0.00000E+00     0.00000E+00     0.00000E+00     0.00000E+00     0.00000E+00     0.00000E+00     0.00000E+00     0.00000E+00     0.91378E+00     0.00000E+00     0.00000E+00
     0.28739E-01     0.40401E-01     0.00000E+00     0.00000E+00     0.00000E+00     0.00000E+00     0.00000E+00     0.00000E+00     0.00000E+00     0.00000E+00     0.00000E+00     0.00000E+00     0.00000E+00     0.00000E+00     0.89332E+00     0.00000E+00     0.00000E+00
     0.34807E-01     0.46534E-01     0.00000E+00     0.00000E+00     0.00000E+00     0.00000E+00     0.00000E+00     0.00000E+00     0.00000E+00     0.00000E+00     0.00000E+00     0.00000E+00     0.00000E+00     0.00000E+00     0.87319E+00     0.00000E+00     0.00000E+00
     0.41127E-01     0.51731E-01     0.00000E+00     0.00000E+00     0.00000E+00     0.00000E+00     0.00000E+00     0.00000E+00     0.00000E+00     0.00000E+00     0.00000E+00     0.00000E+00     0.00000E+00     0.00000E+00     0.85379E+00     0.00000E+00     0.00000E+00
     0.47696E-01     0.55955E-01     0.00000E+00     0.00000E+00     0.00000E+00     0.00000E+00     0.00000E+00     0.00000E+00     0.00000E+00     0.00000E+00     0.00000E+00     0.00000E+00     0.00000E+00     0.00000E+00     0.83544E+00     0.00000E+00     0.00000E+00
     0.54512E-01     0.59251E-01     0.00000E+00     0.00000E+00     0.00000E+00     0.00000E+00     0.00000E+00     0.00000E+00     0.00000E+00     0.00000E+00     0.00000E+00     0.00000E+00     0.00000E+00     0.00000E+00     0.81836E+00     0.00000E+00     0.00000E+00
     0.61570E-01     0.61716E-01     0.00000E+00     0.00000E+00     0.00000E+00     0.00000E+00     0.00000E+00     0.00000E+00     0.00000E+00     0.00000E+00     0.00000E+00     0.00000E+00     0.00000E+00     0.00000E+00     0.80267E+00     0.00000E+00     0.00000E+00
     0.68868E-01     0.63470E-01     0.00000E+00     0.00000E+00     0.00000E+00     0.00000E+00     0.00000E+00     0.00000E+00     0.00000E+00     0.00000E+00     0.00000E+00     0.00000E+00     0.00000E+00     0.00000E+00     0.78838E+00     0.00000E+00     0.00000E+00
     0.76401E-01     0.64636E-01     0.00000E+00     0.00000E+00     0.00000E+00     0.00000E+00     0.00000E+00     0.00000E+00     0.00000E+00     0.00000E+00     0.00000E+00     0.00000E+00     0.00000E+00     0.00000E+00     0.77547E+00     0.00000E+00     0.00000E+00
     0.84168E-01     0.65326E-01     0.00000E+00     0.00000E+00     0.00000E+00     0.00000E+00     0.00000E+00     0.00000E+00     0.00000E+00     0.00000E+00     0.00000E+00     0.00000E+00     0.00000E+00     0.00000E+00     0.76383E+00     0.00000E+00     0.00000E+00
     0.92164E-01     0.65638E-01     0.00000E+00     0.00000E+00     0.00000E+00     0.00000E+00     0.00000E+00     0.00000E+00     0.00000E+00     0.00000E+00     0.00000E+00     0.00000E+00     0.00000E+00     0.00000E+00     0.75336E+00     0.00000E+00     0.00000E+00
     0.10039E+00     0.65658E-01     0.00000E+00     0.00000E+00     0.00000E+00     0.00000E+00     0.00000E+00     0.00000E+00     0.00000E+00     0.00000E+00     0.00000E+00     0.00000E+00     0.00000E+00     0.00000E+00     0.74394E+00     0.00000E+00     0.00000E+00
     0.10883E+00     0.65457E-01     0.00000E+00     0.00000E+00     0.00000E+00     0.00000E+00     0.00000E+00     0.00000E+00     0.00000E+00     0.00000E+00     0.00000E+00     0.00000E+00     0.00000E+00     0.00000E+00     0.73544E+00     0.00000E+00     0.00000E+00
     0.11749E+00     0.65091E-01     0.00000E+00     0.00000E+00     0.00000E+00     0.00000E+00     0.00000E+00     0.00000E+00     0.00000E+00     0.00000E+00     0.00000E+00     0.00000E+00     0.00000E+00     0.00000E+00     0.72774E+00     0.00000E+00     0.00000E+00
     0.12637E+00     0.64609E-01     0.00000E+00     0.00000E+00     0.00000E+00     0.00000E+00     0.00000E+00     0.00000E+00     0.00000E+00     0.00000E+00     0.00000E+00     0.00000E+00     0.00000E+00     0.00000E+00     0.72075E+00     0.00000E+00     0.00000E+00
     0.13547E+00     0.64047E-01     0.00000E+00     0.00000E+00     0.00000E+00     0.00000E+00     0.00000E+00     0.00000E+00     0.00000E+00     0.00000E+00     0.00000E+00     0.00000E+00     0.00000E+00     0.00000E+00     0.71436E+00     0.00000E+00     0.00000E+00
     0.14477E+00     0.63433E-01     0.00000E+00     0.00000E+00     0.00000E+00     0.00000E+00     0.00000E+00     0.00000E+00     0.00000E+00     0.00000E+00     0.00000E+00     0.00000E+00     0.00000E+00     0.00000E+00     0.70849E+00     0.00000E+00     0.00000E+00
     0.15428E+00     0.62792E-01     0.00000E+00     0.00000E+00     0.00000E+00     0.00000E+00     0.00000E+00     0.00000E+00     0.00000E+00     0.00000E+00     0.00000E+00     0.00000E+00     0.00000E+00     0.00000E+00     0.70307E+00     0.00000E+00     0.00000E+00
     0.16399E+00     0.62143E-01     0.00000E+00     0.00000E+00     0.00000E+00     0.00000E+00     0.00000E+00     0.00000E+00     0.00000E+00     0.00000E+00     0.00000E+00     0.00000E+00     0.00000E+00     0.00000E+00     0.69804E+00     0.00000E+00     0.00000E+00
     0.17390E+00     0.61498E-01     0.00000E+00     0.00000E+00     0.00000E+00     0.00000E+00     0.00000E+00     0.00000E+00     0.00000E+00     0.00000E+00     0.00000E+00     0.00000E+00     0.00000E+00     0.00000E+00     0.69333E+00     0.00000E+00     0.00000E+00
     0.18401E+00     0.60867E-01     0.00000E+00     0.00000E+00     0.00000E+00     0.00000E+00     0.00000E+00     0.00000E+00     0.00000E+00     0.00000E+00     0.00000E+00     0.00000E+00     0.00000E+00     0.00000E+00     0.68891E+00     0.00000E+00     0.00000E+00
     0.19431E+00     0.60258E-01     0.00000E+00     0.00000E+00     0.00000E+00     0.00000E+00     0.00000E+00     0.00000E+00     0.00000E+00     0.00000E+00     0.00000E+00     0.00000E+00     0.00000E+00     0.00000E+00     0.68473E+00     0.00000E+00     0.00000E+00
     0.20480E+00     0.59681E-01     0.00000E+00     0.00000E+00     0.00000E+00     0.00000E+00     0.00000E+00     0.00000E+00     0.00000E+00     0.00000E+00     0.00000E+00     0.00000E+00     0.00000E+00     0.00000E+00     0.68076E+00     0.00000E+00     0.00000E+00
     0.21547E+00     0.59140E-01     0.00000E+00     0.00000E+00     0.00000E+00     0.00000E+00     0.00000E+00     0.00000E+00     0.00000E+00     0.00000E+00     0.00000E+00     0.00000E+00     0.00000E+00     0.00000E+00     0.67695E+00     0.00000E+00     0.00000E+00
     0.22633E+00     0.58637E-01     0.00000E+00     0.00000E+00     0.00000E+00     0.00000E+00     0.00000E+00     0.00000E+00     0.00000E+00     0.00000E+00     0.00000E+00     0.00000E+00     0.00000E+00     0.00000E+00     0.67330E+00     0.00000E+00     0.00000E+00
     0.23737E+00     0.58176E-01     0.00000E+00     0.00000E+00     0.00000E+00     0.00000E+00     0.00000E+00     0.00000E+00     0.00000E+00     0.00000E+00     0.00000E+00     0.00000E+00     0.00000E+00     0.00000E+00     0.66978E+00     0.00000E+00     0.00000E+00
     0.24859E+00     0.57757E-01     0.00000E+00     0.00000E+00     0.00000E+00     0.00000E+00     0.00000E+00     0.00000E+00     0.00000E+00     0.00000E+00     0.00000E+00     0.00000E+00     0.00000E+00     0.00000E+00     0.66637E+00     0.00000E+00     0.00000E+00
     0.25997E+00     0.57382E-01     0.00000E+00     0.00000E+00     0.00000E+00     0.00000E+00     0.00000E+00     0.00000E+00     0.00000E+00     0.00000E+00     0.00000E+00     0.00000E+00     0.00000E+00     0.00000E+00     0.66306E+00     0.00000E+00     0.00000E+00
     0.27153E+00     0.57053E-01     0.00000E+00     0.00000E+00     0.00000E+00     0.00000E+00     0.00000E+00     0.00000E+00     0.00000E+00     0.00000E+00     0.00000E+00     0.00000E+00     0.00000E+00     0.00000E+00     0.65984E+00     0.00000E+00     0.00000E+00
     0.28325E+00     0.56770E-01     0.00000E+00     0.00000E+00     0.00000E+00     0.00000E+00     0.00000E+00     0.00000E+00     0.00000E+00     0.00000E+00     0.00000E+00     0.00000E+00     0.00000E+00     0.00000E+00     0.65669E+00     0.00000E+00     0.00000E+00
     0.29514E+00     0.56533E-01     0.00000E+00     0.00000E+00     0.00000E+00     0.00000E+00     0.00000E+00     0.00000E+00     0.00000E+00     0.00000E+00     0.00000E+00     0.00000E+00     0.00000E+00     0.00000E+00     0.65362E+00     0.00000E+00     0.00000E+00
     0.30719E+00     0.56339E-01     0.00000E+00     0.00000E+00     0.00000E+00     0.00000E+00     0.00000E+00     0.00000E+00     0.00000E+00     0.00000E+00     0.00000E+00     0.00000E+00     0.00000E+00     0.00000E+00     0.65061E+00     0.00000E+00     0.00000E+00
     0.31939E+00     0.56181E-01     0.00000E+00     0.00000E+00     0.00000E+00     0.00000E+00     0.00000E+00     0.00000E+00     0.00000E+00     0.00000E+00     0.00000E+00     0.00000E+00     0.00000E+00     0.00000E+00     0.64766E+00     0.00000E+00     0.00000E+00
     0.33174E+00     0.56057E-01     0.00000E+00     0.00000E+00     0.00000E+00     0.00000E+00     0.00000E+00     0.00000E+00     0.00000E+00     0.00000E+00     0.00000E+00     0.00000E+00     0.00000E+00     0.00000E+00     0.64474E+00     0.00000E+00     0.00000E+00
     0.34425E+00     0.55969E-01     0.00000E+00     0.00000E+00     0.00000E+00     0.00000E+00     0.00000E+00     0.00000E+00     0.00000E+00     0.00000E+00     0.00000E+00     0.00000E+00     0.00000E+00     0.00000E+00     0.64186E+00     0.00000E+00     0.00000E+00
     0.35690E+00     0.55920E-01     0.00000E+00     0.00000E+00     0.00000E+00     0.00000E+00     0.00000E+00     0.00000E+00     0.00000E+00     0.00000E+00     0.00000E+00     0.00000E+00     0.00000E+00     0.00000E+00     0.63900E+00     0.00000E+00     0.00000E+00
     0.36969E+00     0.55912E-01     0.00000E+00     0.00000E+00     0.00000E+00     0.00000E+00     0.00000E+00     0.00000E+00     0.00000E+00     0.00000E+00     0.00000E+00     0.00000E+00     0.00000E+00     0.00000E+00     0.63618E+00     0.00000E+00     0.00000E+00
     0.38262E+00     0.55941E-01     0.00000E+00     0.00000E+00     0.00000E+00     0.00000E+00     0.00000E+00     0.00000E+00     0.00000E+00     0.00000E+00     0.00000E+00     0.00000E+00     0.00000E+00     0.00000E+00     0.63337E+00     0.00000E+00     0.00000E+00
     0.39569E+00     0.56005E-01     0.00000E+00     0.00000E+00     0.00000E+00     0.00000E+00     0.00000E+00     0.00000E+00     0.00000E+00     0.00000E+00     0.00000E+00     0.00000E+00     0.00000E+00     0.00000E+00     0.63059E+00     0.00000E+00     0.00000E+00
     0.40890E+00     0.56104E-01     0.00000E+00     0.00000E+00     0.00000E+00     0.00000E+00     0.00000E+00     0.00000E+00     0.00000E+00     0.00000E+00     0.00000E+00     0.00000E+00     0.00000E+00     0.00000E+00     0.62782E+00     0.00000E+00     0.00000E+00
     0.42223E+00     0.56238E-01     0.00000E+00     0.00000E+00     0.00000E+00     0.00000E+00     0.00000E+00     0.00000E+00     0.00000E+00     0.00000E+00     0.00000E+00     0.00000E+00     0.00000E+00     0.00000E+00     0.62506E+00     0.00000E+00     0.00000E+00
     0.43569E+00     0.56407E-01     0.00000E+00     0.00000E+00     0.00000E+00     0.00000E+00     0.00000E+00     0.00000E+00     0.00000E+00     0.00000E+00     0.00000E+00     0.00000E+00     0.00000E+00     0.00000E+00     0.62231E+00     0.00000E+00     0.00000E+00
     0.44927E+00     0.56613E-01     0.00000E+00     0.00000E+00     0.00000E+00     0.00000E+00     0.00000E+00     0.00000E+00     0.00000E+00     0.00000E+00     0.00000E+00     0.00000E+00     0.00000E+00     0.00000E+00     0.61957E+00     0.00000E+00     0.00000E+00
     0.46297E+00     0.56855E-01     0.00000E+00     0.00000E+00     0.00000E+00     0.00000E+00     0.00000E+00     0.00000E+00     0.00000E+00     0.00000E+00     0.00000E+00     0.00000E+00     0.00000E+00     0.00000E+00     0.61684E+00     0.00000E+00     0.00000E+00
     0.47679E+00     0.57132E-01     0.00000E+00     0.00000E+00     0.00000E+00     0.00000E+00     0.00000E+00     0.00000E+00     0.00000E+00     0.00000E+00     0.00000E+00     0.00000E+00     0.00000E+00     0.00000E+00     0.61410E+00     0.00000E+00     0.00000E+00
     0.49072E+00     0.57443E-01     0.00000E+00     0.00000E+00     0.00000E+00     0.00000E+00     0.00000E+00     0.00000E+00     0.00000E+00     0.00000E+00     0.00000E+00     0.00000E+00     0.00000E+00     0.00000E+00     0.61136E+00     0.00000E+00     0.00000E+00
     0.50476E+00     0.57786E-01     0.00000E+00     0.00000E+00     0.00000E+00     0.00000E+00     0.00000E+00     0.00000E+00     0.00000E+00     0.00000E+00     0.00000E+00     0.00000E+00     0.00000E+00     0.00000E+00     0.60861E+00     0.00000E+00     0.00000E+00
     0.51891E+00     0.58163E-01     0.00000E+00     0.00000E+00     0.00000E+00     0.00000E+00     0.00000E+00     0.00000E+00     0.00000E+00     0.00000E+00     0.00000E+00     0.00000E+00     0.00000E+00     0.00000E+00     0.60585E+00     0.00000E+00     0.00000E+00
     0.53316E+00     0.58573E-01     0.00000E+00     0.00000E+00     0.00000E+00     0.00000E+00     0.00000E+00     0.00000E+00     0.00000E+00     0.00000E+00     0.00000E+00     0.00000E+00     0.00000E+00     0.00000E+00     0.60306E+00     0.00000E+00     0.00000E+00
     0.54751E+00     0.59013E-01     0.00000E+00     0.00000E+00     0.00000E+00     0.00000E+00     0.00000E+00     0.00000E+00     0.00000E+00     0.00000E+00     0.00000E+00     0.00000E+00     0.00000E+00     0.00000E+00     0.60025E+00     0.00000E+00     0.00000E+00
     0.56196E+00     0.59481E-01     0.00000E+00     0.00000E+00     0.00000E+00     0.00000E+00     0.00000E+00     0.00000E+00     0.00000E+00     0.00000E+00     0.00000E+00     0.00000E+00     0.00000E+00     0.00000E+00     0.59741E+00     0.00000E+00     0.00000E+00
     0.57649E+00     0.59974E-01     0.00000E+00     0.00000E+00     0.00000E+00     0.00000E+00     0.00000E+00     0.00000E+00     0.00000E+00     0.00000E+00     0.00000E+00     0.00000E+00     0.00000E+00     0.00000E+00     0.59454E+00     0.00000E+00     0.00000E+00
     0.59112E+00     0.60491E-01     0.00000E+00     0.00000E+00     0.00000E+00     0.00000E+00     0.00000E+00     0.00000E+00     0.00000E+00     0.00000E+00     0.00000E+00     0.00000E+00     0.00000E+00     0.00000E+00     0.59165E+00     0.00000E+00     0.00000E+00
     0.60584E+00     0.61026E-01     0.00000E+00     0.00000E+00     0.00000E+00     0.00000E+00     0.00000E+00     0.00000E+00     0.00000E+00     0.00000E+00     0.00000E+00     0.00000E+00     0.00000E+00     0.00000E+00     0.58872E+00     0.00000E+00     0.00000E+00
     0.62064E+00     0.61576E-01     0.00000E+00     0.00000E+00     0.00000E+00     0.00000E+00     0.00000E+00     0.00000E+00     0.00000E+00     0.00000E+00     0.00000E+00     0.00000E+00     0.00000E+00     0.00000E+00     0.58576E+00     0.00000E+00     0.00000E+00
     0.63552E+00     0.62142E-01     0.00000E+00     0.00000E+00     0.00000E+00     0.00000E+00     0.00000E+00     0.00000E+00     0.00000E+00     0.00000E+00     0.00000E+00     0.00000E+00     0.00000E+00     0.00000E+00     0.58275E+00     0.00000E+00     0.00000E+00
     0.65047E+00     0.62722E-01     0.00000E+00     0.00000E+00     0.00000E+00     0.00000E+00     0.00000E+00     0.00000E+00     0.00000E+00     0.00000E+00     0.00000E+00     0.00000E+00     0.00000E+00     0.00000E+00     0.57970E+00     0.00000E+00     0.00000E+00
     0.66550E+00     0.63315E-01     0.00000E+00     0.00000E+00     0.00000E+00     0.00000E+00     0.00000E+00     0.00000E+00     0.00000E+00     0.00000E+00     0.00000E+00     0.00000E+00     0.00000E+00     0.00000E+00     0.57661E+00     0.00000E+00     0.00000E+00
     0.68060E+00     0.63918E-01     0.00000E+00     0.00000E+00     0.00000E+00     0.00000E+00     0.00000E+00     0.00000E+00     0.00000E+00     0.00000E+00     0.00000E+00     0.00000E+00     0.00000E+00     0.00000E+00     0.57348E+00     0.00000E+00     0.00000E+00
     0.69576E+00     0.64531E-01     0.00000E+00     0.00000E+00     0.00000E+00     0.00000E+00     0.00000E+00     0.00000E+00     0.00000E+00     0.00000E+00     0.00000E+00     0.00000E+00     0.00000E+00     0.00000E+00     0.57031E+00     0.00000E+00     0.00000E+00
     0.71099E+00     0.65151E-01     0.00000E+00     0.00000E+00     0.00000E+00     0.00000E+00     0.00000E+00     0.00000E+00     0.00000E+00     0.00000E+00     0.00000E+00     0.00000E+00     0.00000E+00     0.00000E+00     0.56710E+00     0.00000E+00     0.00000E+00
     0.72628E+00     0.65773E-01     0.00000E+00     0.00000E+00     0.00000E+00     0.00000E+00     0.00000E+00     0.00000E+00     0.00000E+00     0.00000E+00     0.00000E+00     0.00000E+00     0.00000E+00     0.00000E+00     0.56384E+00     0.00000E+00     0.00000E+00
     0.74162E+00     0.66389E-01     0.00000E+00     0.00000E+00     0.00000E+00     0.00000E+00     0.00000E+00     0.00000E+00     0.00000E+00     0.00000E+00     0.00000E+00     0.00000E+00     0.00000E+00     0.00000E+00     0.56053E+00     0.00000E+00     0.00000E+00
     0.75702E+00     0.66996E-01     0.00000E+00     0.00000E+00     0.00000E+00     0.00000E+00     0.00000E+00     0.00000E+00     0.00000E+00     0.00000E+00     0.00000E+00     0.00000E+00     0.00000E+00     0.00000E+00     0.55718E+00     0.00000E+00     0.00000E+00
     0.77247E+00     0.67590E-01     0.00000E+00     0.00000E+00     0.00000E+00     0.00000E+00     0.00000E+00     0.00000E+00     0.00000E+00     0.00000E+00     0.00000E+00     0.00000E+00     0.00000E+00     0.00000E+00     0.55377E+00     0.00000E+00     0.00000E+00
     0.78796E+00     0.68174E-01     0.00000E+00     0.00000E+00     0.00000E+00     0.00000E+00     0.00000E+00     0.00000E+00     0.00000E+00     0.00000E+00     0.00000E+00     0.00000E+00     0.00000E+00     0.00000E+00     0.55032E+00     0.00000E+00     0.00000E+00
     0.80350E+00     0.68744E-01     0.00000E+00     0.00000E+00     0.00000E+00     0.00000E+00     0.00000E+00     0.00000E+00     0.00000E+00     0.00000E+00     0.00000E+00     0.00000E+00     0.00000E+00     0.00000E+00     0.54681E+00     0.00000E+00     0.00000E+00
     0.81907E+00     0.69289E-01     0.00000E+00     0.00000E+00     0.00000E+00     0.00000E+00     0.00000E+00     0.00000E+00     0.00000E+00     0.00000E+00     0.00000E+00     0.00000E+00     0.00000E+00     0.00000E+00     0.54324E+00     0.00000E+00     0.00000E+00
     0.83469E+00     0.69804E-01     0.00000E+00     0.00000E+00     0.00000E+00     0.00000E+00     0.00000E+00     0.00000E+00     0.00000E+00     0.00000E+00     0.00000E+00     0.00000E+00     0.00000E+00     0.00000E+00     0.53962E+00     0.00000E+00     0.00000E+00
     0.85033E+00     0.70286E-01     0.00000E+00     0.00000E+00     0.00000E+00     0.00000E+00     0.00000E+00     0.00000E+00     0.00000E+00     0.00000E+00     0.00000E+00     0.00000E+00     0.00000E+00     0.00000E+00     0.53594E+00     0.00000E+00     0.00000E+00
     0.86601E+00     0.70731E-01     0.00000E+00     0.00000E+00     0.00000E+00     0.00000E+00     0.00000E+00     0.00000E+00     0.00000E+00     0.00000E+00     0.00000E+00     0.00000E+00     0.00000E+00     0.00000E+00     0.53221E+00     0.00000E+00     0.00000E+00
     0.88171E+00     0.71135E-01     0.00000E+00     0.00000E+00     0.00000E+00     0.00000E+00     0.00000E+00     0.00000E+00     0.00000E+00     0.00000E+00     0.00000E+00     0.00000E+00     0.00000E+00     0.00000E+00     0.52844E+00     0.00000E+00     0.00000E+00
     0.89744E+00     0.71496E-01     0.00000E+00     0.00000E+00     0.00000E+00     0.00000E+00     0.00000E+00     0.00000E+00     0.00000E+00     0.00000E+00     0.00000E+00     0.00000E+00     0.00000E+00     0.00000E+00     0.52463E+00     0.00000E+00     0.00000E+00
     0.91319E+00     0.71814E-01     0.00000E+00     0.00000E+00     0.00000E+00     0.00000E+00     0.00000E+00     0.00000E+00     0.00000E+00     0.00000E+00     0.00000E+00     0.00000E+00     0.00000E+00     0.00000E+00     0.52080E+00     0.00000E+00     0.00000E+00
     0.92895E+00     0.72082E-01     0.00000E+00     0.00000E+00     0.00000E+00     0.00000E+00     0.00000E+00     0.00000E+00     0.00000E+00     0.00000E+00     0.00000E+00     0.00000E+00     0.00000E+00     0.00000E+00     0.51695E+00     0.00000E+00     0.00000E+00
     0.94473E+00     0.72302E-01     0.00000E+00     0.00000E+00     0.00000E+00     0.00000E+00     0.00000E+00     0.00000E+00     0.00000E+00     0.00000E+00     0.00000E+00     0.00000E+00     0.00000E+00     0.00000E+00     0.51309E+00     0.00000E+00     0.00000E+00
     0.96051E+00     0.72471E-01     0.00000E+00     0.00000E+00     0.00000E+00     0.00000E+00     0.00000E+00     0.00000E+00     0.00000E+00     0.00000E+00     0.00000E+00     0.00000E+00     0.00000E+00     0.00000E+00     0.50921E+00     0.00000E+00     0.00000E+00
     0.97631E+00     0.72583E-01     0.00000E+00     0.00000E+00     0.00000E+00     0.00000E+00     0.00000E+00     0.00000E+00     0.00000E+00     0.00000E+00     0.00000E+00     0.00000E+00     0.00000E+00     0.00000E+00     0.50534E+00     0.00000E+00     0.00000E+00
     0.99210E+00     0.72635E-01     0.00000E+00     0.00000E+00     0.00000E+00     0.00000E+00     0.00000E+00     0.00000E+00     0.00000E+00     0.00000E+00     0.00000E+00     0.00000E+00     0.00000E+00     0.00000E+00     0.50147E+00     0.00000E+00     0.00000E+00
     0.10079E+01     0.72625E-01     0.00000E+00     0.00000E+00     0.00000E+00     0.00000E+00     0.00000E+00     0.00000E+00     0.00000E+00     0.00000E+00     0.00000E+00     0.00000E+00     0.00000E+00     0.00000E+00     0.49761E+00     0.00000E+00     0.00000E+00
     0.10237E+01     0.72552E-01     0.00000E+00     0.00000E+00     0.00000E+00     0.00000E+00     0.00000E+00     0.00000E+00     0.00000E+00     0.00000E+00     0.00000E+00     0.00000E+00     0.00000E+00     0.00000E+00     0.49376E+00     0.00000E+00     0.00000E+00
     0.10395E+01     0.72420E-01     0.00000E+00     0.00000E+00     0.00000E+00     0.00000E+00     0.00000E+00     0.00000E+00     0.00000E+00     0.00000E+00     0.00000E+00     0.00000E+00     0.00000E+00     0.00000E+00     0.48991E+00     0.00000E+00     0.00000E+00
     0.10553E+01     0.72232E-01     0.00000E+00     0.00000E+00     0.00000E+00     0.00000E+00     0.00000E+00     0.00000E+00     0.00000E+00     0.00000E+00     0.00000E+00     0.00000E+00     0.00000E+00     0.00000E+00     0.48609E+00     0.00000E+00     0.00000E+00
     0.10711E+01     0.71995E-01     0.00000E+00     0.00000E+00     0.00000E+00     0.00000E+00     0.00000E+00     0.00000E+00     0.00000E+00     0.00000E+00     0.00000E+00     0.00000E+00     0.00000E+00     0.00000E+00     0.48228E+00     0.00000E+00     0.00000E+00
     0.10868E+01     0.71712E-01     0.00000E+00     0.00000E+00     0.00000E+00     0.00000E+00     0.00000E+00     0.00000E+00     0.00000E+00     0.00000E+00     0.00000E+00     0.00000E+00     0.00000E+00     0.00000E+00     0.47849E+00     0.00000E+00     0.00000E+00
     0.11026E+01     0.71385E-01     0.00000E+00     0.00000E+00     0.00000E+00     0.00000E+00     0.00000E+00     0.00000E+00     0.00000E+00     0.00000E+00     0.00000E+00     0.00000E+00     0.00000E+00     0.00000E+00     0.47473E+00     0.00000E+00     0.00000E+00
     0.11183E+01     0.71014E-01     0.00000E+00     0.00000E+00     0.00000E+00     0.00000E+00     0.00000E+00     0.00000E+00     0.00000E+00     0.00000E+00     0.00000E+00     0.00000E+00     0.00000E+00     0.00000E+00     0.47101E+00     0.00000E+00     0.00000E+00
     0.11340E+01     0.70596E-01     0.00000E+00     0.00000E+00     0.00000E+00     0.00000E+00     0.00000E+00     0.00000E+00     0.00000E+00     0.00000E+00     0.00000E+00     0.00000E+00     0.00000E+00     0.00000E+00     0.46732E+00     0.00000E+00     0.00000E+00
     0.11497E+01     0.70136E-01     0.00000E+00     0.00000E+00     0.00000E+00     0.00000E+00     0.00000E+00     0.00000E+00     0.00000E+00     0.00000E+00     0.00000E+00     0.00000E+00     0.00000E+00     0.00000E+00     0.46367E+00     0.00000E+00     0.00000E+00
     0.11653E+01     0.69642E-01     0.00000E+00     0.00000E+00     0.00000E+00     0.00000E+00     0.00000E+00     0.00000E+00     0.00000E+00     0.00000E+00     0.00000E+00     0.00000E+00     0.00000E+00     0.00000E+00     0.46005E+00     0.00000E+00     0.00000E+00
     0.11809E+01     0.69121E-01     0.00000E+00     0.00000E+00     0.00000E+00     0.00000E+00     0.00000E+00     0.00000E+00     0.00000E+00     0.00000E+00     0.00000E+00     0.00000E+00     0.00000E+00     0.00000E+00     0.45648E+00     0.00000E+00     0.00000E+00
     0.11965E+01     0.68573E-01     0.00000E+00     0.00000E+00     0.00000E+00     0.00000E+00     0.00000E+00     0.00000E+00     0.00000E+00     0.00000E+00     0.00000E+00     0.00000E+00     0.00000E+00     0.00000E+00     0.45295E+00     0.00000E+00     0.00000E+00
     0.12120E+01     0.68003E-01     0.00000E+00     0.00000E+00     0.00000E+00     0.00000E+00     0.00000E+00     0.00000E+00     0.00000E+00     0.00000E+00     0.00000E+00     0.00000E+00     0.00000E+00     0.00000E+00     0.44946E+00     0.00000E+00     0.00000E+00
     0.12275E+01     0.67418E-01     0.00000E+00     0.00000E+00     0.00000E+00     0.00000E+00     0.00000E+00     0.00000E+00     0.00000E+00     0.00000E+00     0.00000E+00     0.00000E+00     0.00000E+00     0.00000E+00     0.44601E+00     0.00000E+00     0.00000E+00
     0.12430E+01     0.66820E-01     0.00000E+00     0.00000E+00     0.00000E+00     0.00000E+00     0.00000E+00     0.00000E+00     0.00000E+00     0.00000E+00     0.00000E+00     0.00000E+00     0.00000E+00     0.00000E+00     0.44261E+00     0.00000E+00     0.00000E+00
     0.12584E+01     0.66211E-01     0.00000E+00     0.00000E+00     0.00000E+00     0.00000E+00     0.00000E+00     0.00000E+00     0.00000E+00     0.00000E+00     0.00000E+00     0.00000E+00     0.00000E+00     0.00000E+00     0.43925E+00     0.00000E+00     0.00000E+00
     0.12737E+01     0.65594E-01     0.00000E+00     0.00000E+00     0.00000E+00     0.00000E+00     0.00000E+00     0.00000E+00     0.00000E+00     0.00000E+00     0.00000E+00     0.00000E+00     0.00000E+00     0.00000E+00     0.43593E+00     0.00000E+00     0.00000E+00
     0.12890E+01     0.64970E-01     0.00000E+00     0.00000E+00     0.00000E+00     0.00000E+00     0.00000E+00     0.00000E+00     0.00000E+00     0.00000E+00     0.00000E+00     0.00000E+00     0.00000E+00     0.00000E+00     0.43266E+00     0.00000E+00     0.00000E+00
     0.13042E+01     0.64344E-01     0.00000E+00     0.00000E+00     0.00000E+00     0.00000E+00     0.00000E+00     0.00000E+00     0.00000E+00     0.00000E+00     0.00000E+00     0.00000E+00     0.00000E+00     0.00000E+00     0.42943E+00     0.00000E+00     0.00000E+00
     0.13194E+01     0.63722E-01     0.00000E+00     0.00000E+00     0.00000E+00     0.00000E+00     0.00000E+00     0.00000E+00     0.00000E+00     0.00000E+00     0.00000E+00     0.00000E+00     0.00000E+00     0.00000E+00     0.42624E+00     0.00000E+00     0.00000E+00
     0.13345E+01     0.63113E-01     0.00000E+00     0.00000E+00     0.00000E+00     0.00000E+00     0.00000E+00     0.00000E+00     0.00000E+00     0.00000E+00     0.00000E+00     0.00000E+00     0.00000E+00     0.00000E+00     0.42310E+00     0.00000E+00     0.00000E+00
     0.13495E+01     0.62522E-01     0.00000E+00     0.00000E+00     0.00000E+00     0.00000E+00     0.00000E+00     0.00000E+00     0.00000E+00     0.00000E+00     0.00000E+00     0.00000E+00     0.00000E+00     0.00000E+00     0.42000E+00     0.00000E+00     0.00000E+00
     0.13645E+01     0.61949E-01     0.00000E+00     0.00000E+00     0.00000E+00     0.00000E+00     0.00000E+00     0.00000E+00     0.00000E+00     0.00000E+00     0.00000E+00     0.00000E+00     0.00000E+00     0.00000E+00     0.41694E+00     0.00000E+00     0.00000E+00
     0.13794E+01     0.61392E-01     0.00000E+00     0.00000E+00     0.00000E+00     0.00000E+00     0.00000E+00     0.00000E+00     0.00000E+00     0.00000E+00     0.00000E+00     0.00000E+00     0.00000E+00     0.00000E+00     0.41392E+00     0.00000E+00     0.00000E+00
     0.13942E+01     0.60852E-01     0.00000E+00     0.00000E+00     0.00000E+00     0.00000E+00     0.00000E+00     0.00000E+00     0.00000E+00     0.00000E+00     0.00000E+00     0.00000E+00     0.00000E+00     0.00000E+00     0.41094E+00     0.00000E+00     0.00000E+00
     0.14089E+01     0.60335E-01     0.00000E+00     0.00000E+00     0.00000E+00     0.00000E+00     0.00000E+00     0.00000E+00     0.00000E+00     0.00000E+00     0.00000E+00     0.00000E+00     0.00000E+00     0.00000E+00     0.40798E+00     0.00000E+00     0.00000E+00
     0.14235E+01     0.59846E-01     0.00000E+00     0.00000E+00     0.00000E+00     0.00000E+00     0.00000E+00     0.00000E+00     0.00000E+00     0.00000E+00     0.00000E+00     0.00000E+00     0.00000E+00     0.00000E+00     0.40506E+00     0.00000E+00     0.00000E+00
     0.14380E+01     0.59383E-01     0.00000E+00     0.00000E+00     0.00000E+00     0.00000E+00     0.00000E+00     0.00000E+00     0.00000E+00     0.00000E+00     0.00000E+00     0.00000E+00     0.00000E+00     0.00000E+00     0.40216E+00     0.00000E+00     0.00000E+00
     0.14525E+01     0.58948E-01     0.00000E+00     0.00000E+00     0.00000E+00     0.00000E+00     0.00000E+00     0.00000E+00     0.00000E+00     0.00000E+00     0.00000E+00     0.00000E+00     0.00000E+00     0.00000E+00     0.39928E+00     0.00000E+00     0.00000E+00
     0.14668E+01     0.58541E-01     0.00000E+00     0.00000E+00     0.00000E+00     0.00000E+00     0.00000E+00     0.00000E+00     0.00000E+00     0.00000E+00     0.00000E+00     0.00000E+00     0.00000E+00     0.00000E+00     0.39643E+00     0.00000E+00     0.00000E+00
     0.14811E+01     0.58159E-01     0.00000E+00     0.00000E+00     0.00000E+00     0.00000E+00     0.00000E+00     0.00000E+00     0.00000E+00     0.00000E+00     0.00000E+00     0.00000E+00     0.00000E+00     0.00000E+00     0.39359E+00     0.00000E+00     0.00000E+00
     0.14952E+01     0.57799E-01     0.00000E+00     0.00000E+00     0.00000E+00     0.00000E+00     0.00000E+00     0.00000E+00     0.00000E+00     0.00000E+00     0.00000E+00     0.00000E+00     0.00000E+00     0.00000E+00     0.39078E+00     0.00000E+00     0.00000E+00
     0.15093E+01     0.57459E-01     0.00000E+00     0.00000E+00     0.00000E+00     0.00000E+00     0.00000E+00     0.00000E+00     0.00000E+00     0.00000E+00     0.00000E+00     0.00000E+00     0.00000E+00     0.00000E+00     0.38797E+00     0.00000E+00     0.00000E+00
     0.15232E+01     0.57147E-01     0.00000E+00     0.00000E+00     0.00000E+00     0.00000E+00     0.00000E+00     0.00000E+00     0.00000E+00     0.00000E+00     0.00000E+00     0.00000E+00     0.00000E+00     0.00000E+00     0.38517E+00     0.00000E+00     0.00000E+00
     0.15370E+01     0.56867E-01     0.00000E+00     0.00000E+00     0.00000E+00     0.00000E+00     0.00000E+00     0.00000E+00     0.00000E+00     0.00000E+00     0.00000E+00     0.00000E+00     0.00000E+00     0.00000E+00     0.38238E+00     0.00000E+00     0.00000E+00
     0.15507E+01     0.56620E-01     0.00000E+00     0.00000E+00     0.00000E+00     0.00000E+00     0.00000E+00     0.00000E+00     0.00000E+00     0.00000E+00     0.00000E+00     0.00000E+00     0.00000E+00     0.00000E+00     0.37959E+00     0.00000E+00     0.00000E+00
     0.15643E+01     0.56411E-01     0.00000E+00     0.00000E+00     0.00000E+00     0.00000E+00     0.00000E+00     0.00000E+00     0.00000E+00     0.00000E+00     0.00000E+00     0.00000E+00     0.00000E+00     0.00000E+00     0.37680E+00     0.00000E+00     0.00000E+00
     0.15778E+01     0.56237E-01     0.00000E+00     0.00000E+00     0.00000E+00     0.00000E+00     0.00000E+00     0.00000E+00     0.00000E+00     0.00000E+00     0.00000E+00     0.00000E+00     0.00000E+00     0.00000E+00     0.37400E+00     0.00000E+00     0.00000E+00
     0.15911E+01     0.56101E-01     0.00000E+00     0.00000E+00     0.00000E+00     0.00000E+00     0.00000E+00     0.00000E+00     0.00000E+00     0.00000E+00     0.00000E+00     0.00000E+00     0.00000E+00     0.00000E+00     0.37120E+00     0.00000E+00     0.00000E+00
     0.16043E+01     0.56000E-01     0.00000E+00     0.00000E+00     0.00000E+00     0.00000E+00     0.00000E+00     0.00000E+00     0.00000E+00     0.00000E+00     0.00000E+00     0.00000E+00     0.00000E+00     0.00000E+00     0.36839E+00     0.00000E+00     0.00000E+00
     0.16174E+01     0.55936E-01     0.00000E+00     0.00000E+00     0.00000E+00     0.00000E+00     0.00000E+00     0.00000E+00     0.00000E+00     0.00000E+00     0.00000E+00     0.00000E+00     0.00000E+00     0.00000E+00     0.36556E+00     0.00000E+00     0.00000E+00
     0.16303E+01     0.55909E-01     0.00000E+00     0.00000E+00     0.00000E+00     0.00000E+00     0.00000E+00     0.00000E+00     0.00000E+00     0.00000E+00     0.00000E+00     0.00000E+00     0.00000E+00     0.00000E+00     0.36272E+00     0.00000E+00     0.00000E+00
     0.16431E+01     0.55921E-01     0.00000E+00     0.00000E+00     0.00000E+00     0.00000E+00     0.00000E+00     0.00000E+00     0.00000E+00     0.00000E+00     0.00000E+00     0.00000E+00     0.00000E+00     0.00000E+00     0.35986E+00     0.00000E+00     0.00000E+00
     0.16558E+01     0.55973E-01     0.00000E+00     0.00000E+00     0.00000E+00     0.00000E+00     0.00000E+00     0.00000E+00     0.00000E+00     0.00000E+00     0.00000E+00     0.00000E+00     0.00000E+00     0.00000E+00     0.35697E+00     0.00000E+00     0.00000E+00
     0.16683E+01     0.56063E-01     0.00000E+00     0.00000E+00     0.00000E+00     0.00000E+00     0.00000E+00     0.00000E+00     0.00000E+00     0.00000E+00     0.00000E+00     0.00000E+00     0.00000E+00     0.00000E+00     0.35405E+00     0.00000E+00     0.00000E+00
     0.16806E+01     0.56191E-01     0.00000E+00     0.00000E+00     0.00000E+00     0.00000E+00     0.00000E+00     0.00000E+00     0.00000E+00     0.00000E+00     0.00000E+00     0.00000E+00     0.00000E+00     0.00000E+00     0.35110E+00     0.00000E+00     0.00000E+00
     0.16928E+01     0.56356E-01     0.00000E+00     0.00000E+00     0.00000E+00     0.00000E+00     0.00000E+00     0.00000E+00     0.00000E+00     0.00000E+00     0.00000E+00     0.00000E+00     0.00000E+00     0.00000E+00     0.34811E+00     0.00000E+00     0.00000E+00
     0.17049E+01     0.56558E-01     0.00000E+00     0.00000E+00     0.00000E+00     0.00000E+00     0.00000E+00     0.00000E+00     0.00000E+00     0.00000E+00     0.00000E+00     0.00000E+00     0.00000E+00     0.00000E+00     0.34507E+00     0.00000E+00     0.00000E+00
     0.17167E+01     0.56799E-01     0.00000E+00     0.00000E+00     0.00000E+00     0.00000E+00     0.00000E+00     0.00000E+00     0.00000E+00     0.00000E+00     0.00000E+00     0.00000E+00     0.00000E+00     0.00000E+00     0.34198E+00     0.00000E+00     0.00000E+00
     0.17285E+01     0.57082E-01     0.00000E+00     0.00000E+00     0.00000E+00     0.00000E+00     0.00000E+00     0.00000E+00     0.00000E+00     0.00000E+00     0.00000E+00     0.00000E+00     0.00000E+00     0.00000E+00     0.33884E+00     0.00000E+00     0.00000E+00
     0.17400E+01     0.57408E-01     0.00000E+00     0.00000E+00     0.00000E+00     0.00000E+00     0.00000E+00     0.00000E+00     0.00000E+00     0.00000E+00     0.00000E+00     0.00000E+00     0.00000E+00     0.00000E+00     0.33562E+00     0.00000E+00     0.00000E+00
     0.17514E+01     0.57775E-01     0.00000E+00     0.00000E+00     0.00000E+00     0.00000E+00     0.00000E+00     0.00000E+00     0.00000E+00     0.00000E+00     0.00000E+00     0.00000E+00     0.00000E+00     0.00000E+00     0.33232E+00     0.00000E+00     0.00000E+00
     0.17626E+01     0.58185E-01     0.00000E+00     0.00000E+00     0.00000E+00     0.00000E+00     0.00000E+00     0.00000E+00     0.00000E+00     0.00000E+00     0.00000E+00     0.00000E+00     0.00000E+00     0.00000E+00     0.32892E+00     0.00000E+00     0.00000E+00
     0.17737E+01     0.58634E-01     0.00000E+00     0.00000E+00     0.00000E+00     0.00000E+00     0.00000E+00     0.00000E+00     0.00000E+00     0.00000E+00     0.00000E+00     0.00000E+00     0.00000E+00     0.00000E+00     0.32542E+00     0.00000E+00     0.00000E+00
     0.17845E+01     0.59120E-01     0.00000E+00     0.00000E+00     0.00000E+00     0.00000E+00     0.00000E+00     0.00000E+00     0.00000E+00     0.00000E+00     0.00000E+00     0.00000E+00     0.00000E+00     0.00000E+00     0.32178E+00     0.00000E+00     0.00000E+00
     0.17952E+01     0.59642E-01     0.00000E+00     0.00000E+00     0.00000E+00     0.00000E+00     0.00000E+00     0.00000E+00     0.00000E+00     0.00000E+00     0.00000E+00     0.00000E+00     0.00000E+00     0.00000E+00     0.31798E+00     0.00000E+00     0.00000E+00
     0.18057E+01     0.60198E-01     0.00000E+00     0.00000E+00     0.00000E+00     0.00000E+00     0.00000E+00     0.00000E+00     0.00000E+00     0.00000E+00     0.00000E+00     0.00000E+00     0.00000E+00     0.00000E+00     0.31401E+00     0.00000E+00     0.00000E+00
     0.18160E+01     0.60786E-01     0.00000E+00     0.00000E+00     0.00000E+00     0.00000E+00     0.00000E+00     0.00000E+00     0.00000E+00     0.00000E+00     0.00000E+00     0.00000E+00     0.00000E+00     0.00000E+00     0.30983E+00     0.00000E+00     0.00000E+00
     0.18261E+01     0.61400E-01     0.00000E+00     0.00000E+00     0.00000E+00     0.00000E+00     0.00000E+00     0.00000E+00     0.00000E+00     0.00000E+00     0.00000E+00     0.00000E+00     0.00000E+00     0.00000E+00     0.30541E+00     0.00000E+00     0.00000E+00
     0.18360E+01     0.62032E-01     0.00000E+00     0.00000E+00     0.00000E+00     0.00000E+00     0.00000E+00     0.00000E+00     0.00000E+00     0.00000E+00     0.00000E+00     0.00000E+00     0.00000E+00     0.00000E+00     0.30071E+00     0.00000E+00     0.00000E+00
     0.18457E+01     0.62670E-01     0.00000E+00     0.00000E+00     0.00000E+00     0.00000E+00     0.00000E+00     0.00000E+00     0.00000E+00     0.00000E+00     0.00000E+00     0.00000E+00     0.00000E+00     0.00000E+00     0.29569E+00     0.00000E+00     0.00000E+00
     0.18552E+01     0.63301E-01     0.00000E+00     0.00000E+00     0.00000E+00     0.00000E+00     0.00000E+00     0.00000E+00     0.00000E+00     0.00000E+00     0.00000E+00     0.00000E+00     0.00000E+00     0.00000E+00     0.29030E+00     0.00000E+00     0.00000E+00
     0.18645E+01     0.63909E-01     0.00000E+00     0.00000E+00     0.00000E+00     0.00000E+00     0.00000E+00     0.00000E+00     0.00000E+00     0.00000E+00     0.00000E+00     0.00000E+00     0.00000E+00     0.00000E+00     0.28447E+00     0.00000E+00     0.00000E+00
     0.18736E+01     0.64474E-01     0.00000E+00     0.00000E+00     0.00000E+00     0.00000E+00     0.00000E+00     0.00000E+00     0.00000E+00     0.00000E+00     0.00000E+00     0.00000E+00     0.00000E+00     0.00000E+00     0.27812E+00     0.00000E+00     0.00000E+00
     0.18825E+01     0.64969E-01     0.00000E+00     0.00000E+00     0.00000E+00     0.00000E+00     0.00000E+00     0.00000E+00     0.00000E+00     0.00000E+00     0.00000E+00     0.00000E+00     0.00000E+00     0.00000E+00     0.27119E+00     0.00000E+00     0.00000E+00
     0.18912E+01     0.65357E-01     0.00000E+00     0.00000E+00     0.00000E+00     0.00000E+00     0.00000E+00     0.00000E+00     0.00000E+00     0.00000E+00     0.00000E+00     0.00000E+00     0.00000E+00     0.00000E+00     0.26357E+00     0.00000E+00     0.00000E+00
     0.18996E+01     0.65593E-01     0.00000E+00     0.00000E+00     0.00000E+00     0.00000E+00     0.00000E+00     0.00000E+00     0.00000E+00     0.00000E+00     0.00000E+00     0.00000E+00     0.00000E+00     0.00000E+00     0.25516E+00     0.00000E+00     0.00000E+00
     0.19078E+01     0.65619E-01     0.00000E+00     0.00000E+00     0.00000E+00     0.00000E+00     0.00000E+00     0.00000E+00     0.00000E+00     0.00000E+00     0.00000E+00     0.00000E+00     0.00000E+00     0.00000E+00     0.24584E+00     0.00000E+00     0.00000E+00
     0.19158E+01     0.65365E-01     0.00000E+00     0.00000E+00     0.00000E+00     0.00000E+00     0.00000E+00     0.00000E+00     0.00000E+00     0.00000E+00     0.00000E+00     0.00000E+00     0.00000E+00     0.00000E+00     0.23549E+00     0.00000E+00     0.00000E+00
     0.19236E+01     0.64744E-01     0.00000E+00     0.00000E+00     0.00000E+00     0.00000E+00     0.00000E+00     0.00000E+00     0.00000E+00     0.00000E+00     0.00000E+00     0.00000E+00     0.00000E+00     0.00000E+00     0.22400E+00     0.00000E+00     0.00000E+00
     0.19311E+01     0.63657E-01     0.00000E+00     0.00000E+00     0.00000E+00     0.00000E+00     0.00000E+00     0.00000E+00     0.00000E+00     0.00000E+00     0.00000E+00     0.00000E+00     0.00000E+00     0.00000E+00     0.21123E+00     0.00000E+00     0.00000E+00
     0.19384E+01     0.61986E-01     0.00000E+00     0.00000E+00     0.00000E+00     0.00000E+00     0.00000E+00     0.00000E+00     0.00000E+00     0.00000E+00     0.00000E+00     0.00000E+00     0.00000E+00     0.00000E+00     0.19711E+00     0.00000E+00     0.00000E+00
     0.19455E+01     0.59606E-01     0.00000E+00     0.00000E+00     0.00000E+00     0.00000E+00     0.00000E+00     0.00000E+00     0.00000E+00     0.00000E+00     0.00000E+00     0.00000E+00     0.00000E+00     0.00000E+00     0.18157E+00     0.00000E+00     0.00000E+00
     0.19523E+01     0.56389E-01     0.00000E+00     0.00000E+00     0.00000E+00     0.00000E+00     0.00000E+00     0.00000E+00     0.00000E+00     0.00000E+00     0.00000E+00     0.00000E+00     0.00000E+00     0.00000E+00     0.16462E+00     0.00000E+00     0.00000E+00
     0.19589E+01     0.52228E-01     0.00000E+00     0.00000E+00     0.00000E+00     0.00000E+00     0.00000E+00     0.00000E+00     0.00000E+00     0.00000E+00     0.00000E+00     0.00000E+00     0.00000E+00     0.00000E+00     0.14638E+00     0.00000E+00     0.00000E+00
     0.19652E+01     0.47067E-01     0.00000E+00     0.00000E+00     0.00000E+00     0.00000E+00     0.00000E+00     0.00000E+00     0.00000E+00     0.00000E+00     0.00000E+00     0.00000E+00     0.00000E+00     0.00000E+00     0.12705E+00     0.00000E+00     0.00000E+00
     0.19713E+01     0.40932E-01     0.00000E+00     0.00000E+00     0.00000E+00     0.00000E+00     0.00000E+00     0.00000E+00     0.00000E+00     0.00000E+00     0.00000E+00     0.00000E+00     0.00000E+00     0.00000E+00     0.10695E+00     0.00000E+00     0.00000E+00
     0.19771E+01     0.33964E-01     0.00000E+00     0.00000E+00     0.00000E+00     0.00000E+00     0.00000E+00     0.00000E+00     0.00000E+00     0.00000E+00     0.00000E+00     0.00000E+00     0.00000E+00     0.00000E+00     0.86479E-01     0.00000E+00     0.00000E+00
     0.19826E+01     0.26420E-01     0.00000E+00     0.00000E+00     0.00000E+00     0.00000E+00     0.00000E+00     0.00000E+00     0.00000E+00     0.00000E+00     0.00000E+00     0.00000E+00     0.00000E+00     0.00000E+00     0.66074E-01     0.00000E+00     0.00000E+00
     0.19879E+01     0.18633E-01     0.00000E+00     0.00000E+00     0.00000E+00     0.00000E+00     0.00000E+00     0.00000E+00     0.00000E+00     0.00000E+00     0.00000E+00     0.00000E+00     0.00000E+00     0.00000E+00     0.46130E-01     0.00000E+00     0.00000E+00
     0.19929E+01     0.10929E-01     0.00000E+00     0.00000E+00     0.00000E+00     0.00000E+00     0.00000E+00     0.00000E+00     0.00000E+00     0.00000E+00     0.00000E+00     0.00000E+00     0.00000E+00     0.00000E+00     0.26952E-01     0.00000E+00     0.00000E+00
     0.19977E+01     0.35400E-02     0.00000E+00     0.00000E+00     0.00000E+00     0.00000E+00     0.00000E+00     0.00000E+00     0.00000E+00     0.00000E+00     0.00000E+00     0.00000E+00     0.00000E+00     0.00000E+00     0.87266E-02     0.00000E+00     0.00000E+00
