     0.23093E-02     0.34414E-02     0.00000E+00             NaN     0.00000E+00     0.00000E+00     0.00000E+00             NaN     0.00000E+00             NaN     0.00000E+00     0.00000E+00             NaN             NaN     0.99133E+00     0.00000E+00     0.00000E+00
     0.70633E-02     0.10622E-01     0.00000E+00             NaN     0.00000E+00     0.00000E+00     0.00000E+00             NaN     0.00000E+00             NaN     0.00000E+00     0.00000E+00             NaN             NaN     0.97322E+00     0.00000E+00     0.00000E+00
     0.12087E-01     0.18145E-01     0.00000E+00             NaN     0.00000E+00     0.00000E+00     0.00000E+00             NaN     0.00000E+00             NaN     0.00000E+00     0.00000E+00             NaN             NaN     0.95412E+00     0.00000E+00     0.00000E+00
     0.17376E-01     0.25871E-01     0.00000E+00             NaN     0.00000E+00     0.00000E+00     0.00000E+00             NaN     0.00000E+00             NaN     0.00000E+00     0.00000E+00             NaN             NaN     0.93416E+00     0.00000E+00     0.00000E+00
     0.22928E-01     0.33579E-01     0.00000E+00             NaN     0.00000E+00     0.00000E+00     0.00000E+00             NaN     0.00000E+00             NaN     0.00000E+00     0.00000E+00             NaN             NaN     0.91353E+00     0.00000E+00     0.00000E+00
     0.28739E-01     0.41000E-01     0.00000E+00             NaN     0.00000E+00     0.00000E+00     0.00000E+00             NaN     0.00000E+00             NaN     0.00000E+00     0.00000E+00             NaN             NaN     0.89252E+00     0.00000E+00     0.00000E+00
     0.34807E-01     0.47876E-01     0.00000E+00             NaN     0.00000E+00     0.00000E+00     0.00000E+00             NaN     0.00000E+00             NaN     0.00000E+00     0.00000E+00             NaN             NaN     0.87146E+00     0.00000E+00     0.00000E+00
     0.41127E-01     0.54004E-01     0.00000E+00             NaN     0.00000E+00     0.00000E+00     0.00000E+00             NaN     0.00000E+00             NaN     0.00000E+00     0.00000E+00             NaN             NaN     0.85071E+00     0.00000E+00     0.00000E+00
     0.47696E-01     0.59264E-01     0.00000E+00             NaN     0.00000E+00     0.00000E+00     0.00000E+00             NaN     0.00000E+00             NaN     0.00000E+00     0.00000E+00             NaN             NaN     0.83063E+00     0.00000E+00     0.00000E+00
     0.54512E-01     0.63621E-01     0.00000E+00             NaN     0.00000E+00     0.00000E+00     0.00000E+00             NaN     0.00000E+00             NaN     0.00000E+00     0.00000E+00             NaN             NaN     0.81149E+00     0.00000E+00     0.00000E+00
     0.61570E-01     0.67106E-01     0.00000E+00             NaN     0.00000E+00     0.00000E+00     0.00000E+00             NaN     0.00000E+00             NaN     0.00000E+00     0.00000E+00             NaN             NaN     0.79348E+00     0.00000E+00     0.00000E+00
     0.68868E-01     0.69792E-01     0.00000E+00             NaN     0.00000E+00     0.00000E+00     0.00000E+00             NaN     0.00000E+00             NaN     0.00000E+00     0.00000E+00             NaN             NaN     0.77674E+00     0.00000E+00     0.00000E+00
     0.76401E-01     0.71778E-01     0.00000E+00             NaN     0.00000E+00     0.00000E+00     0.00000E+00             NaN     0.00000E+00             NaN     0.00000E+00     0.00000E+00             NaN             NaN     0.76130E+00     0.00000E+00     0.00000E+00
     0.84168E-01     0.73167E-01     0.00000E+00             NaN     0.00000E+00     0.00000E+00     0.00000E+00             NaN     0.00000E+00             NaN     0.00000E+00     0.00000E+00             NaN             NaN     0.74715E+00     0.00000E+00     0.00000E+00
     0.92164E-01     0.74060E-01     0.00000E+00             NaN     0.00000E+00     0.00000E+00     0.00000E+00             NaN     0.00000E+00             NaN     0.00000E+00     0.00000E+00             NaN             NaN     0.73425E+00     0.00000E+00     0.00000E+00
     0.10039E+00     0.74550E-01     0.00000E+00             NaN     0.00000E+00     0.00000E+00     0.00000E+00             NaN     0.00000E+00             NaN     0.00000E+00     0.00000E+00             NaN             NaN     0.72250E+00     0.00000E+00     0.00000E+00
     0.10883E+00     0.74718E-01     0.00000E+00             NaN     0.00000E+00     0.00000E+00     0.00000E+00             NaN     0.00000E+00             NaN     0.00000E+00     0.00000E+00             NaN             NaN     0.71181E+00     0.00000E+00     0.00000E+00
     0.11749E+00     0.74634E-01     0.00000E+00             NaN     0.00000E+00     0.00000E+00     0.00000E+00             NaN     0.00000E+00             NaN     0.00000E+00     0.00000E+00             NaN             NaN     0.70208E+00     0.00000E+00     0.00000E+00
     0.12637E+00     0.74358E-01     0.00000E+00             NaN     0.00000E+00     0.00000E+00     0.00000E+00             NaN     0.00000E+00             NaN     0.00000E+00     0.00000E+00             NaN             NaN     0.69322E+00     0.00000E+00     0.00000E+00
     0.13547E+00     0.73936E-01     0.00000E+00             NaN     0.00000E+00     0.00000E+00     0.00000E+00             NaN     0.00000E+00             NaN     0.00000E+00     0.00000E+00             NaN             NaN     0.68512E+00     0.00000E+00     0.00000E+00
     0.14477E+00     0.73409E-01     0.00000E+00             NaN     0.00000E+00     0.00000E+00     0.00000E+00             NaN     0.00000E+00             NaN     0.00000E+00     0.00000E+00             NaN             NaN     0.67769E+00     0.00000E+00     0.00000E+00
     0.15428E+00     0.72808E-01     0.00000E+00             NaN     0.00000E+00     0.00000E+00     0.00000E+00             NaN     0.00000E+00             NaN     0.00000E+00     0.00000E+00             NaN             NaN     0.67087E+00     0.00000E+00     0.00000E+00
     0.16399E+00     0.72161E-01     0.00000E+00             NaN     0.00000E+00     0.00000E+00     0.00000E+00             NaN     0.00000E+00             NaN     0.00000E+00     0.00000E+00             NaN             NaN     0.66456E+00     0.00000E+00     0.00000E+00
     0.17390E+00     0.71488E-01     0.00000E+00             NaN     0.00000E+00     0.00000E+00     0.00000E+00             NaN     0.00000E+00             NaN     0.00000E+00     0.00000E+00             NaN             NaN     0.65870E+00     0.00000E+00     0.00000E+00
     0.18401E+00     0.70805E-01     0.00000E+00             NaN     0.00000E+00     0.00000E+00     0.00000E+00             NaN     0.00000E+00             NaN     0.00000E+00     0.00000E+00             NaN             NaN     0.65325E+00     0.00000E+00     0.00000E+00
     0.19431E+00     0.70127E-01     0.00000E+00             NaN     0.00000E+00     0.00000E+00     0.00000E+00             NaN     0.00000E+00             NaN     0.00000E+00     0.00000E+00             NaN             NaN     0.64813E+00     0.00000E+00     0.00000E+00
     0.20480E+00     0.69464E-01     0.00000E+00             NaN     0.00000E+00     0.00000E+00     0.00000E+00             NaN     0.00000E+00             NaN     0.00000E+00     0.00000E+00             NaN             NaN     0.64331E+00     0.00000E+00     0.00000E+00
     0.21547E+00     0.68826E-01     0.00000E+00             NaN     0.00000E+00     0.00000E+00     0.00000E+00             NaN     0.00000E+00             NaN     0.00000E+00     0.00000E+00             NaN             NaN     0.63874E+00     0.00000E+00     0.00000E+00
     0.22633E+00     0.68218E-01     0.00000E+00             NaN     0.00000E+00     0.00000E+00     0.00000E+00             NaN     0.00000E+00             NaN     0.00000E+00     0.00000E+00             NaN             NaN     0.63440E+00     0.00000E+00     0.00000E+00
     0.23737E+00     0.67643E-01     0.00000E+00             NaN     0.00000E+00     0.00000E+00     0.00000E+00             NaN     0.00000E+00             NaN     0.00000E+00     0.00000E+00             NaN             NaN     0.63024E+00     0.00000E+00     0.00000E+00
     0.24859E+00     0.67107E-01     0.00000E+00             NaN     0.00000E+00     0.00000E+00     0.00000E+00             NaN     0.00000E+00             NaN     0.00000E+00     0.00000E+00             NaN             NaN     0.62624E+00     0.00000E+00     0.00000E+00
     0.25997E+00     0.66612E-01     0.00000E+00             NaN     0.00000E+00     0.00000E+00     0.00000E+00             NaN     0.00000E+00             NaN     0.00000E+00     0.00000E+00             NaN             NaN     0.62239E+00     0.00000E+00     0.00000E+00
     0.27153E+00     0.66161E-01     0.00000E+00             NaN     0.00000E+00     0.00000E+00     0.00000E+00             NaN     0.00000E+00             NaN     0.00000E+00     0.00000E+00             NaN             NaN     0.61866E+00     0.00000E+00     0.00000E+00
     0.28325E+00     0.65755E-01     0.00000E+00             NaN     0.00000E+00     0.00000E+00     0.00000E+00             NaN     0.00000E+00             NaN     0.00000E+00     0.00000E+00             NaN             NaN     0.61503E+00     0.00000E+00     0.00000E+00
     0.29514E+00     0.65393E-01     0.00000E+00             NaN     0.00000E+00     0.00000E+00     0.00000E+00             NaN     0.00000E+00             NaN     0.00000E+00     0.00000E+00             NaN             NaN     0.61150E+00     0.00000E+00     0.00000E+00
     0.30719E+00     0.65075E-01     0.00000E+00             NaN     0.00000E+00     0.00000E+00     0.00000E+00             NaN     0.00000E+00             NaN     0.00000E+00     0.00000E+00             NaN             NaN     0.60805E+00     0.00000E+00     0.00000E+00
     0.31939E+00     0.64803E-01     0.00000E+00             NaN     0.00000E+00     0.00000E+00     0.00000E+00             NaN     0.00000E+00             NaN     0.00000E+00     0.00000E+00             NaN             NaN     0.60466E+00     0.00000E+00     0.00000E+00
     0.33174E+00     0.64578E-01     0.00000E+00             NaN     0.00000E+00     0.00000E+00     0.00000E+00             NaN     0.00000E+00             NaN     0.00000E+00     0.00000E+00             NaN             NaN     0.60133E+00     0.00000E+00     0.00000E+00
     0.34425E+00     0.64399E-01     0.00000E+00             NaN     0.00000E+00     0.00000E+00     0.00000E+00             NaN     0.00000E+00             NaN     0.00000E+00     0.00000E+00             NaN             NaN     0.59805E+00     0.00000E+00     0.00000E+00
     0.35690E+00     0.64263E-01     0.00000E+00             NaN     0.00000E+00     0.00000E+00     0.00000E+00             NaN     0.00000E+00             NaN     0.00000E+00     0.00000E+00             NaN             NaN     0.59480E+00     0.00000E+00     0.00000E+00
     0.36969E+00     0.64168E-01     0.00000E+00             NaN     0.00000E+00     0.00000E+00     0.00000E+00             NaN     0.00000E+00             NaN     0.00000E+00     0.00000E+00             NaN             NaN     0.59159E+00     0.00000E+00     0.00000E+00
     0.38262E+00     0.64110E-01     0.00000E+00             NaN     0.00000E+00     0.00000E+00     0.00000E+00             NaN     0.00000E+00             NaN     0.00000E+00     0.00000E+00             NaN             NaN     0.58841E+00     0.00000E+00     0.00000E+00
     0.39569E+00     0.64086E-01     0.00000E+00             NaN     0.00000E+00     0.00000E+00     0.00000E+00             NaN     0.00000E+00             NaN     0.00000E+00     0.00000E+00             NaN             NaN     0.58525E+00     0.00000E+00     0.00000E+00
     0.40890E+00     0.64096E-01     0.00000E+00             NaN     0.00000E+00     0.00000E+00     0.00000E+00             NaN     0.00000E+00             NaN     0.00000E+00     0.00000E+00             NaN             NaN     0.58211E+00     0.00000E+00     0.00000E+00
     0.42223E+00     0.64141E-01     0.00000E+00             NaN     0.00000E+00     0.00000E+00     0.00000E+00             NaN     0.00000E+00             NaN     0.00000E+00     0.00000E+00             NaN             NaN     0.57899E+00     0.00000E+00     0.00000E+00
     0.43569E+00     0.64222E-01     0.00000E+00             NaN     0.00000E+00     0.00000E+00     0.00000E+00             NaN     0.00000E+00             NaN     0.00000E+00     0.00000E+00             NaN             NaN     0.57588E+00     0.00000E+00     0.00000E+00
     0.44927E+00     0.64335E-01     0.00000E+00             NaN     0.00000E+00     0.00000E+00     0.00000E+00             NaN     0.00000E+00             NaN     0.00000E+00     0.00000E+00             NaN             NaN     0.57278E+00     0.00000E+00     0.00000E+00
     0.46297E+00     0.64479E-01     0.00000E+00             NaN     0.00000E+00     0.00000E+00     0.00000E+00             NaN     0.00000E+00             NaN     0.00000E+00     0.00000E+00             NaN             NaN     0.56968E+00     0.00000E+00     0.00000E+00
     0.47679E+00     0.64652E-01     0.00000E+00             NaN     0.00000E+00     0.00000E+00     0.00000E+00             NaN     0.00000E+00             NaN     0.00000E+00     0.00000E+00             NaN             NaN     0.56659E+00     0.00000E+00     0.00000E+00
     0.49072E+00     0.64856E-01     0.00000E+00             NaN     0.00000E+00     0.00000E+00     0.00000E+00             NaN     0.00000E+00             NaN     0.00000E+00     0.00000E+00             NaN             NaN     0.56349E+00     0.00000E+00     0.00000E+00
     0.50476E+00     0.65090E-01     0.00000E+00             NaN     0.00000E+00     0.00000E+00     0.00000E+00             NaN     0.00000E+00             NaN     0.00000E+00     0.00000E+00             NaN             NaN     0.56039E+00     0.00000E+00     0.00000E+00
     0.51891E+00     0.65355E-01     0.00000E+00             NaN     0.00000E+00     0.00000E+00     0.00000E+00             NaN     0.00000E+00             NaN     0.00000E+00     0.00000E+00             NaN             NaN     0.55727E+00     0.00000E+00     0.00000E+00
     0.53316E+00     0.65647E-01     0.00000E+00             NaN     0.00000E+00     0.00000E+00     0.00000E+00             NaN     0.00000E+00             NaN     0.00000E+00     0.00000E+00             NaN             NaN     0.55415E+00     0.00000E+00     0.00000E+00
     0.54751E+00     0.65959E-01     0.00000E+00             NaN     0.00000E+00     0.00000E+00     0.00000E+00             NaN     0.00000E+00             NaN     0.00000E+00     0.00000E+00             NaN             NaN     0.55100E+00     0.00000E+00     0.00000E+00
     0.56196E+00     0.66291E-01     0.00000E+00             NaN     0.00000E+00     0.00000E+00     0.00000E+00             NaN     0.00000E+00             NaN     0.00000E+00     0.00000E+00             NaN             NaN     0.54784E+00     0.00000E+00     0.00000E+00
     0.57649E+00     0.66644E-01     0.00000E+00             NaN     0.00000E+00     0.00000E+00     0.00000E+00             NaN     0.00000E+00             NaN     0.00000E+00     0.00000E+00             NaN             NaN     0.54466E+00     0.00000E+00     0.00000E+00
     0.59112E+00     0.67020E-01     0.00000E+00             NaN     0.00000E+00     0.00000E+00     0.00000E+00             NaN     0.00000E+00             NaN     0.00000E+00     0.00000E+00             NaN             NaN     0.54146E+00     0.00000E+00     0.00000E+00
     0.60584E+00     0.67418E-01     0.00000E+00             NaN     0.00000E+00     0.00000E+00     0.00000E+00             NaN     0.00000E+00             NaN     0.00000E+00     0.00000E+00             NaN             NaN     0.53823E+00     0.00000E+00     0.00000E+00
     0.62064E+00     0.67835E-01     0.00000E+00             NaN     0.00000E+00     0.00000E+00     0.00000E+00             NaN     0.00000E+00             NaN     0.00000E+00     0.00000E+00             NaN             NaN     0.53498E+00     0.00000E+00     0.00000E+00
     0.63552E+00     0.68266E-01     0.00000E+00             NaN     0.00000E+00     0.00000E+00     0.00000E+00             NaN     0.00000E+00             NaN     0.00000E+00     0.00000E+00             NaN             NaN     0.53169E+00     0.00000E+00     0.00000E+00
     0.65047E+00     0.68707E-01     0.00000E+00             NaN     0.00000E+00     0.00000E+00     0.00000E+00             NaN     0.00000E+00             NaN     0.00000E+00     0.00000E+00             NaN             NaN     0.52837E+00     0.00000E+00     0.00000E+00
     0.66550E+00     0.69154E-01     0.00000E+00             NaN     0.00000E+00     0.00000E+00     0.00000E+00             NaN     0.00000E+00             NaN     0.00000E+00     0.00000E+00             NaN             NaN     0.52501E+00     0.00000E+00     0.00000E+00
     0.68060E+00     0.69604E-01     0.00000E+00             NaN     0.00000E+00     0.00000E+00     0.00000E+00             NaN     0.00000E+00             NaN     0.00000E+00     0.00000E+00             NaN             NaN     0.52162E+00     0.00000E+00     0.00000E+00
     0.69576E+00     0.70050E-01     0.00000E+00             NaN     0.00000E+00     0.00000E+00     0.00000E+00             NaN     0.00000E+00             NaN     0.00000E+00     0.00000E+00             NaN             NaN     0.51819E+00     0.00000E+00     0.00000E+00
     0.71099E+00     0.70483E-01     0.00000E+00             NaN     0.00000E+00     0.00000E+00     0.00000E+00             NaN     0.00000E+00             NaN     0.00000E+00     0.00000E+00             NaN             NaN     0.51472E+00     0.00000E+00     0.00000E+00
     0.72628E+00     0.70903E-01     0.00000E+00             NaN     0.00000E+00     0.00000E+00     0.00000E+00             NaN     0.00000E+00             NaN     0.00000E+00     0.00000E+00             NaN             NaN     0.51122E+00     0.00000E+00     0.00000E+00
     0.74162E+00     0.71305E-01     0.00000E+00             NaN     0.00000E+00     0.00000E+00     0.00000E+00             NaN     0.00000E+00             NaN     0.00000E+00     0.00000E+00             NaN             NaN     0.50769E+00     0.00000E+00     0.00000E+00
     0.75702E+00     0.71687E-01     0.00000E+00             NaN     0.00000E+00     0.00000E+00     0.00000E+00             NaN     0.00000E+00             NaN     0.00000E+00     0.00000E+00             NaN             NaN     0.50414E+00     0.00000E+00     0.00000E+00
     0.77247E+00     0.72049E-01     0.00000E+00             NaN     0.00000E+00     0.00000E+00     0.00000E+00             NaN     0.00000E+00             NaN     0.00000E+00     0.00000E+00             NaN             NaN     0.50056E+00     0.00000E+00     0.00000E+00
     0.78796E+00     0.72387E-01     0.00000E+00             NaN     0.00000E+00     0.00000E+00     0.00000E+00             NaN     0.00000E+00             NaN     0.00000E+00     0.00000E+00             NaN             NaN     0.49695E+00     0.00000E+00     0.00000E+00
     0.80350E+00     0.72694E-01     0.00000E+00             NaN     0.00000E+00     0.00000E+00     0.00000E+00             NaN     0.00000E+00             NaN     0.00000E+00     0.00000E+00             NaN             NaN     0.49332E+00     0.00000E+00     0.00000E+00
     0.81907E+00     0.72959E-01     0.00000E+00             NaN     0.00000E+00     0.00000E+00     0.00000E+00             NaN     0.00000E+00             NaN     0.00000E+00     0.00000E+00             NaN             NaN     0.48966E+00     0.00000E+00     0.00000E+00
     0.83469E+00     0.73178E-01     0.00000E+00             NaN     0.00000E+00     0.00000E+00     0.00000E+00             NaN     0.00000E+00             NaN     0.00000E+00     0.00000E+00             NaN             NaN     0.48598E+00     0.00000E+00     0.00000E+00
     0.85033E+00     0.73350E-01     0.00000E+00             NaN     0.00000E+00     0.00000E+00     0.00000E+00             NaN     0.00000E+00             NaN     0.00000E+00     0.00000E+00             NaN             NaN     0.48229E+00     0.00000E+00     0.00000E+00
     0.86601E+00     0.73475E-01     0.00000E+00             NaN     0.00000E+00     0.00000E+00     0.00000E+00             NaN     0.00000E+00             NaN     0.00000E+00     0.00000E+00             NaN             NaN     0.47857E+00     0.00000E+00     0.00000E+00
     0.88171E+00     0.73555E-01     0.00000E+00             NaN     0.00000E+00     0.00000E+00     0.00000E+00             NaN     0.00000E+00             NaN     0.00000E+00     0.00000E+00             NaN             NaN     0.47485E+00     0.00000E+00     0.00000E+00
     0.89744E+00     0.73587E-01     0.00000E+00             NaN     0.00000E+00     0.00000E+00     0.00000E+00             NaN     0.00000E+00             NaN     0.00000E+00     0.00000E+00             NaN             NaN     0.47112E+00     0.00000E+00     0.00000E+00
     0.91319E+00     0.73566E-01     0.00000E+00             NaN     0.00000E+00     0.00000E+00     0.00000E+00             NaN     0.00000E+00             NaN     0.00000E+00     0.00000E+00             NaN             NaN     0.46740E+00     0.00000E+00     0.00000E+00
     0.92895E+00     0.73489E-01     0.00000E+00             NaN     0.00000E+00     0.00000E+00     0.00000E+00             NaN     0.00000E+00             NaN     0.00000E+00     0.00000E+00             NaN             NaN     0.46368E+00     0.00000E+00     0.00000E+00
     0.94473E+00     0.73354E-01     0.00000E+00             NaN     0.00000E+00     0.00000E+00     0.00000E+00             NaN     0.00000E+00             NaN     0.00000E+00     0.00000E+00             NaN             NaN     0.45996E+00     0.00000E+00     0.00000E+00
     0.96051E+00     0.73165E-01     0.00000E+00             NaN     0.00000E+00     0.00000E+00     0.00000E+00             NaN     0.00000E+00             NaN     0.00000E+00     0.00000E+00             NaN             NaN     0.45626E+00     0.00000E+00     0.00000E+00
     0.97631E+00     0.72924E-01     0.00000E+00             NaN     0.00000E+00     0.00000E+00     0.00000E+00             NaN     0.00000E+00             NaN     0.00000E+00     0.00000E+00             NaN             NaN     0.45256E+00     0.00000E+00     0.00000E+00
     0.99210E+00     0.72630E-01     0.00000E+00             NaN     0.00000E+00     0.00000E+00     0.00000E+00             NaN     0.00000E+00             NaN     0.00000E+00     0.00000E+00             NaN             NaN     0.44888E+00     0.00000E+00     0.00000E+00
     0.10079E+01     0.72283E-01     0.00000E+00             NaN     0.00000E+00     0.00000E+00     0.00000E+00             NaN     0.00000E+00             NaN     0.00000E+00     0.00000E+00             NaN             NaN     0.44522E+00     0.00000E+00     0.00000E+00
     0.10237E+01     0.71884E-01     0.00000E+00             NaN     0.00000E+00     0.00000E+00     0.00000E+00             NaN     0.00000E+00             NaN     0.00000E+00     0.00000E+00             NaN             NaN     0.44158E+00     0.00000E+00     0.00000E+00
     0.10395E+01     0.71439E-01     0.00000E+00             NaN     0.00000E+00     0.00000E+00     0.00000E+00             NaN     0.00000E+00             NaN     0.00000E+00     0.00000E+00             NaN             NaN     0.43797E+00     0.00000E+00     0.00000E+00
     0.10553E+01     0.70952E-01     0.00000E+00             NaN     0.00000E+00     0.00000E+00     0.00000E+00             NaN     0.00000E+00             NaN     0.00000E+00     0.00000E+00             NaN             NaN     0.43439E+00     0.00000E+00     0.00000E+00
     0.10711E+01     0.70424E-01     0.00000E+00             NaN     0.00000E+00     0.00000E+00     0.00000E+00             NaN     0.00000E+00             NaN     0.00000E+00     0.00000E+00             NaN             NaN     0.43085E+00     0.00000E+00     0.00000E+00
     0.10868E+01     0.69855E-01     0.00000E+00             NaN     0.00000E+00     0.00000E+00     0.00000E+00             NaN     0.00000E+00             NaN     0.00000E+00     0.00000E+00             NaN             NaN     0.42735E+00     0.00000E+00     0.00000E+00
     0.11026E+01     0.69250E-01     0.00000E+00             NaN     0.00000E+00     0.00000E+00     0.00000E+00             NaN     0.00000E+00             NaN     0.00000E+00     0.00000E+00             NaN             NaN     0.42389E+00     0.00000E+00     0.00000E+00
     0.11183E+01     0.68618E-01     0.00000E+00             NaN     0.00000E+00     0.00000E+00     0.00000E+00             NaN     0.00000E+00             NaN     0.00000E+00     0.00000E+00             NaN             NaN     0.42047E+00     0.00000E+00     0.00000E+00
     0.11340E+01     0.67964E-01     0.00000E+00             NaN     0.00000E+00     0.00000E+00     0.00000E+00             NaN     0.00000E+00             NaN     0.00000E+00     0.00000E+00             NaN             NaN     0.41709E+00     0.00000E+00     0.00000E+00
     0.11497E+01     0.67294E-01     0.00000E+00             NaN     0.00000E+00     0.00000E+00     0.00000E+00             NaN     0.00000E+00             NaN     0.00000E+00     0.00000E+00             NaN             NaN     0.41376E+00     0.00000E+00     0.00000E+00
     0.11653E+01     0.66611E-01     0.00000E+00             NaN     0.00000E+00     0.00000E+00     0.00000E+00             NaN     0.00000E+00             NaN     0.00000E+00     0.00000E+00             NaN             NaN     0.41048E+00     0.00000E+00     0.00000E+00
     0.11809E+01     0.65916E-01     0.00000E+00             NaN     0.00000E+00     0.00000E+00     0.00000E+00             NaN     0.00000E+00             NaN     0.00000E+00     0.00000E+00             NaN             NaN     0.40724E+00     0.00000E+00     0.00000E+00
     0.11965E+01     0.65211E-01     0.00000E+00             NaN     0.00000E+00     0.00000E+00     0.00000E+00             NaN     0.00000E+00             NaN     0.00000E+00     0.00000E+00             NaN             NaN     0.40405E+00     0.00000E+00     0.00000E+00
     0.12120E+01     0.64498E-01     0.00000E+00             NaN     0.00000E+00     0.00000E+00     0.00000E+00             NaN     0.00000E+00             NaN     0.00000E+00     0.00000E+00             NaN             NaN     0.40090E+00     0.00000E+00     0.00000E+00
     0.12275E+01     0.63779E-01     0.00000E+00             NaN     0.00000E+00     0.00000E+00     0.00000E+00             NaN     0.00000E+00             NaN     0.00000E+00     0.00000E+00             NaN             NaN     0.39780E+00     0.00000E+00     0.00000E+00
     0.12430E+01     0.63058E-01     0.00000E+00             NaN     0.00000E+00     0.00000E+00     0.00000E+00             NaN     0.00000E+00             NaN     0.00000E+00     0.00000E+00             NaN             NaN     0.39474E+00     0.00000E+00     0.00000E+00
     0.12584E+01     0.62337E-01     0.00000E+00             NaN     0.00000E+00     0.00000E+00     0.00000E+00             NaN     0.00000E+00             NaN     0.00000E+00     0.00000E+00             NaN             NaN     0.39172E+00     0.00000E+00     0.00000E+00
     0.12737E+01     0.61619E-01     0.00000E+00             NaN     0.00000E+00     0.00000E+00     0.00000E+00             NaN     0.00000E+00             NaN     0.00000E+00     0.00000E+00             NaN             NaN     0.38875E+00     0.00000E+00     0.00000E+00
     0.12890E+01     0.60905E-01     0.00000E+00             NaN     0.00000E+00     0.00000E+00     0.00000E+00             NaN     0.00000E+00             NaN     0.00000E+00     0.00000E+00             NaN             NaN     0.38581E+00     0.00000E+00     0.00000E+00
     0.13042E+01     0.60201E-01     0.00000E+00             NaN     0.00000E+00     0.00000E+00     0.00000E+00             NaN     0.00000E+00             NaN     0.00000E+00     0.00000E+00             NaN             NaN     0.38291E+00     0.00000E+00     0.00000E+00
     0.13194E+01     0.59507E-01     0.00000E+00             NaN     0.00000E+00     0.00000E+00     0.00000E+00             NaN     0.00000E+00             NaN     0.00000E+00     0.00000E+00             NaN             NaN     0.38005E+00     0.00000E+00     0.00000E+00
     0.13345E+01     0.58827E-01     0.00000E+00             NaN     0.00000E+00     0.00000E+00     0.00000E+00             NaN     0.00000E+00             NaN     0.00000E+00     0.00000E+00             NaN             NaN     0.37723E+00     0.00000E+00     0.00000E+00
     0.13495E+01     0.58164E-01     0.00000E+00             NaN     0.00000E+00     0.00000E+00     0.00000E+00             NaN     0.00000E+00             NaN     0.00000E+00     0.00000E+00             NaN             NaN     0.37444E+00     0.00000E+00     0.00000E+00
     0.13645E+01     0.57520E-01     0.00000E+00             NaN     0.00000E+00     0.00000E+00     0.00000E+00             NaN     0.00000E+00             NaN     0.00000E+00     0.00000E+00             NaN             NaN     0.37170E+00     0.00000E+00     0.00000E+00
     0.13794E+01     0.56898E-01     0.00000E+00             NaN     0.00000E+00     0.00000E+00     0.00000E+00             NaN     0.00000E+00             NaN     0.00000E+00     0.00000E+00             NaN             NaN     0.36900E+00     0.00000E+00     0.00000E+00
     0.13942E+01     0.56302E-01     0.00000E+00             NaN     0.00000E+00     0.00000E+00     0.00000E+00             NaN     0.00000E+00             NaN     0.00000E+00     0.00000E+00             NaN             NaN     0.36633E+00     0.00000E+00     0.00000E+00
     0.14089E+01     0.55728E-01     0.00000E+00             NaN     0.00000E+00     0.00000E+00     0.00000E+00             NaN     0.00000E+00             NaN     0.00000E+00     0.00000E+00             NaN             NaN     0.36370E+00     0.00000E+00     0.00000E+00
     0.14235E+01     0.55176E-01     0.00000E+00             NaN     0.00000E+00     0.00000E+00     0.00000E+00             NaN     0.00000E+00             NaN     0.00000E+00     0.00000E+00             NaN             NaN     0.36110E+00     0.00000E+00     0.00000E+00
     0.14380E+01     0.54647E-01     0.00000E+00             NaN     0.00000E+00     0.00000E+00     0.00000E+00             NaN     0.00000E+00             NaN     0.00000E+00     0.00000E+00             NaN             NaN     0.35853E+00     0.00000E+00     0.00000E+00
     0.14525E+01     0.54143E-01     0.00000E+00             NaN     0.00000E+00     0.00000E+00     0.00000E+00             NaN     0.00000E+00             NaN     0.00000E+00     0.00000E+00             NaN             NaN     0.35597E+00     0.00000E+00     0.00000E+00
     0.14668E+01     0.53666E-01     0.00000E+00             NaN     0.00000E+00     0.00000E+00     0.00000E+00             NaN     0.00000E+00             NaN     0.00000E+00     0.00000E+00             NaN             NaN     0.35343E+00     0.00000E+00     0.00000E+00
     0.14811E+01     0.53219E-01     0.00000E+00             NaN     0.00000E+00     0.00000E+00     0.00000E+00             NaN     0.00000E+00             NaN     0.00000E+00     0.00000E+00             NaN             NaN     0.35091E+00     0.00000E+00     0.00000E+00
     0.14952E+01     0.52803E-01     0.00000E+00             NaN     0.00000E+00     0.00000E+00     0.00000E+00             NaN     0.00000E+00             NaN     0.00000E+00     0.00000E+00             NaN             NaN     0.34840E+00     0.00000E+00     0.00000E+00
     0.15093E+01     0.52415E-01     0.00000E+00             NaN     0.00000E+00     0.00000E+00     0.00000E+00             NaN     0.00000E+00             NaN     0.00000E+00     0.00000E+00             NaN             NaN     0.34590E+00     0.00000E+00     0.00000E+00
     0.15232E+01     0.52055E-01     0.00000E+00             NaN     0.00000E+00     0.00000E+00     0.00000E+00             NaN     0.00000E+00             NaN     0.00000E+00     0.00000E+00             NaN             NaN     0.34341E+00     0.00000E+00     0.00000E+00
     0.15370E+01     0.51722E-01     0.00000E+00             NaN     0.00000E+00     0.00000E+00     0.00000E+00             NaN     0.00000E+00             NaN     0.00000E+00     0.00000E+00             NaN             NaN     0.34093E+00     0.00000E+00     0.00000E+00
     0.15507E+01     0.51417E-01     0.00000E+00             NaN     0.00000E+00     0.00000E+00     0.00000E+00             NaN     0.00000E+00             NaN     0.00000E+00     0.00000E+00             NaN             NaN     0.33845E+00     0.00000E+00     0.00000E+00
     0.15643E+01     0.51144E-01     0.00000E+00             NaN     0.00000E+00     0.00000E+00     0.00000E+00             NaN     0.00000E+00             NaN     0.00000E+00     0.00000E+00             NaN             NaN     0.33598E+00     0.00000E+00     0.00000E+00
     0.15778E+01     0.50904E-01     0.00000E+00             NaN     0.00000E+00     0.00000E+00     0.00000E+00             NaN     0.00000E+00             NaN     0.00000E+00     0.00000E+00             NaN             NaN     0.33350E+00     0.00000E+00     0.00000E+00
     0.15911E+01     0.50697E-01     0.00000E+00             NaN     0.00000E+00     0.00000E+00     0.00000E+00             NaN     0.00000E+00             NaN     0.00000E+00     0.00000E+00             NaN             NaN     0.33102E+00     0.00000E+00     0.00000E+00
     0.16043E+01     0.50524E-01     0.00000E+00             NaN     0.00000E+00     0.00000E+00     0.00000E+00             NaN     0.00000E+00             NaN     0.00000E+00     0.00000E+00             NaN             NaN     0.32854E+00     0.00000E+00     0.00000E+00
     0.16174E+01     0.50385E-01     0.00000E+00             NaN     0.00000E+00     0.00000E+00     0.00000E+00             NaN     0.00000E+00             NaN     0.00000E+00     0.00000E+00             NaN             NaN     0.32605E+00     0.00000E+00     0.00000E+00
     0.16303E+01     0.50283E-01     0.00000E+00             NaN     0.00000E+00     0.00000E+00     0.00000E+00             NaN     0.00000E+00             NaN     0.00000E+00     0.00000E+00             NaN             NaN     0.32355E+00     0.00000E+00     0.00000E+00
     0.16431E+01     0.50219E-01     0.00000E+00             NaN     0.00000E+00     0.00000E+00     0.00000E+00             NaN     0.00000E+00             NaN     0.00000E+00     0.00000E+00             NaN             NaN     0.32104E+00     0.00000E+00     0.00000E+00
     0.16558E+01     0.50189E-01     0.00000E+00             NaN     0.00000E+00     0.00000E+00     0.00000E+00             NaN     0.00000E+00             NaN     0.00000E+00     0.00000E+00             NaN             NaN     0.31851E+00     0.00000E+00     0.00000E+00
     0.16683E+01     0.50191E-01     0.00000E+00             NaN     0.00000E+00     0.00000E+00     0.00000E+00             NaN     0.00000E+00             NaN     0.00000E+00     0.00000E+00             NaN             NaN     0.31596E+00     0.00000E+00     0.00000E+00
     0.16806E+01     0.50226E-01     0.00000E+00             NaN     0.00000E+00     0.00000E+00     0.00000E+00             NaN     0.00000E+00             NaN     0.00000E+00     0.00000E+00             NaN             NaN     0.31338E+00     0.00000E+00     0.00000E+00
     0.16928E+01     0.50298E-01     0.00000E+00             NaN     0.00000E+00     0.00000E+00     0.00000E+00             NaN     0.00000E+00             NaN     0.00000E+00     0.00000E+00             NaN             NaN     0.31077E+00     0.00000E+00     0.00000E+00
     0.17049E+01     0.50405E-01     0.00000E+00             NaN     0.00000E+00     0.00000E+00     0.00000E+00             NaN     0.00000E+00             NaN     0.00000E+00     0.00000E+00             NaN             NaN     0.30811E+00     0.00000E+00     0.00000E+00
     0.17167E+01     0.50547E-01     0.00000E+00             NaN     0.00000E+00     0.00000E+00     0.00000E+00             NaN     0.00000E+00             NaN     0.00000E+00     0.00000E+00             NaN             NaN     0.30542E+00     0.00000E+00     0.00000E+00
     0.17285E+01     0.50724E-01     0.00000E+00             NaN     0.00000E+00     0.00000E+00     0.00000E+00             NaN     0.00000E+00             NaN     0.00000E+00     0.00000E+00             NaN             NaN     0.30267E+00     0.00000E+00     0.00000E+00
     0.17400E+01     0.50938E-01     0.00000E+00             NaN     0.00000E+00     0.00000E+00     0.00000E+00             NaN     0.00000E+00             NaN     0.00000E+00     0.00000E+00             NaN             NaN     0.29987E+00     0.00000E+00     0.00000E+00
     0.17514E+01     0.51188E-01     0.00000E+00             NaN     0.00000E+00     0.00000E+00     0.00000E+00             NaN     0.00000E+00             NaN     0.00000E+00     0.00000E+00             NaN             NaN     0.29700E+00     0.00000E+00     0.00000E+00
     0.17626E+01     0.51476E-01     0.00000E+00             NaN     0.00000E+00     0.00000E+00     0.00000E+00             NaN     0.00000E+00             NaN     0.00000E+00     0.00000E+00             NaN             NaN     0.29407E+00     0.00000E+00     0.00000E+00
     0.17737E+01     0.51800E-01     0.00000E+00             NaN     0.00000E+00     0.00000E+00     0.00000E+00             NaN     0.00000E+00             NaN     0.00000E+00     0.00000E+00             NaN             NaN     0.29105E+00     0.00000E+00     0.00000E+00
     0.17845E+01     0.52162E-01     0.00000E+00             NaN     0.00000E+00     0.00000E+00     0.00000E+00             NaN     0.00000E+00             NaN     0.00000E+00     0.00000E+00             NaN             NaN     0.28794E+00     0.00000E+00     0.00000E+00
     0.17952E+01     0.52560E-01     0.00000E+00             NaN     0.00000E+00     0.00000E+00     0.00000E+00             NaN     0.00000E+00             NaN     0.00000E+00     0.00000E+00             NaN             NaN     0.28471E+00     0.00000E+00     0.00000E+00
     0.18057E+01     0.52991E-01     0.00000E+00             NaN     0.00000E+00     0.00000E+00     0.00000E+00             NaN     0.00000E+00             NaN     0.00000E+00     0.00000E+00             NaN             NaN     0.28134E+00     0.00000E+00     0.00000E+00
     0.18160E+01     0.53454E-01     0.00000E+00             NaN     0.00000E+00     0.00000E+00     0.00000E+00             NaN     0.00000E+00             NaN     0.00000E+00     0.00000E+00             NaN             NaN     0.27782E+00     0.00000E+00     0.00000E+00
     0.18261E+01     0.53949E-01     0.00000E+00             NaN     0.00000E+00     0.00000E+00     0.00000E+00             NaN     0.00000E+00             NaN     0.00000E+00     0.00000E+00             NaN             NaN     0.27411E+00     0.00000E+00     0.00000E+00
     0.18360E+01     0.54468E-01     0.00000E+00             NaN     0.00000E+00     0.00000E+00     0.00000E+00             NaN     0.00000E+00             NaN     0.00000E+00     0.00000E+00             NaN             NaN     0.27020E+00     0.00000E+00     0.00000E+00
     0.18457E+01     0.55006E-01     0.00000E+00             NaN     0.00000E+00     0.00000E+00     0.00000E+00             NaN     0.00000E+00             NaN     0.00000E+00     0.00000E+00             NaN             NaN     0.26603E+00     0.00000E+00     0.00000E+00
     0.18552E+01     0.55552E-01     0.00000E+00             NaN     0.00000E+00     0.00000E+00     0.00000E+00             NaN     0.00000E+00             NaN     0.00000E+00     0.00000E+00             NaN             NaN     0.26158E+00     0.00000E+00     0.00000E+00
     0.18645E+01     0.56092E-01     0.00000E+00             NaN     0.00000E+00     0.00000E+00     0.00000E+00             NaN     0.00000E+00             NaN     0.00000E+00     0.00000E+00             NaN             NaN     0.25679E+00     0.00000E+00     0.00000E+00
     0.18736E+01     0.56613E-01     0.00000E+00             NaN     0.00000E+00     0.00000E+00     0.00000E+00             NaN     0.00000E+00             NaN     0.00000E+00     0.00000E+00             NaN             NaN     0.25160E+00     0.00000E+00     0.00000E+00
     0.18825E+01     0.57094E-01     0.00000E+00             NaN     0.00000E+00     0.00000E+00     0.00000E+00             NaN     0.00000E+00             NaN     0.00000E+00     0.00000E+00             NaN             NaN     0.24595E+00     0.00000E+00     0.00000E+00
     0.18912E+01     0.57508E-01     0.00000E+00             NaN     0.00000E+00     0.00000E+00     0.00000E+00             NaN     0.00000E+00             NaN     0.00000E+00     0.00000E+00             NaN             NaN     0.23975E+00     0.00000E+00     0.00000E+00
     0.18996E+01     0.57822E-01     0.00000E+00             NaN     0.00000E+00     0.00000E+00     0.00000E+00             NaN     0.00000E+00             NaN     0.00000E+00     0.00000E+00             NaN             NaN     0.23292E+00     0.00000E+00     0.00000E+00
     0.19078E+01     0.57991E-01     0.00000E+00             NaN     0.00000E+00     0.00000E+00     0.00000E+00             NaN     0.00000E+00             NaN     0.00000E+00     0.00000E+00             NaN             NaN     0.22534E+00     0.00000E+00     0.00000E+00
     0.19158E+01     0.57962E-01     0.00000E+00             NaN     0.00000E+00     0.00000E+00     0.00000E+00             NaN     0.00000E+00             NaN     0.00000E+00     0.00000E+00             NaN             NaN     0.21689E+00     0.00000E+00     0.00000E+00
     0.19236E+01     0.57666E-01     0.00000E+00             NaN     0.00000E+00     0.00000E+00     0.00000E+00             NaN     0.00000E+00             NaN     0.00000E+00     0.00000E+00             NaN             NaN     0.20744E+00     0.00000E+00     0.00000E+00
     0.19311E+01     0.57019E-01     0.00000E+00             NaN     0.00000E+00     0.00000E+00     0.00000E+00             NaN     0.00000E+00             NaN     0.00000E+00     0.00000E+00             NaN             NaN     0.19685E+00     0.00000E+00     0.00000E+00
     0.19384E+01     0.55920E-01     0.00000E+00             NaN     0.00000E+00     0.00000E+00     0.00000E+00             NaN     0.00000E+00             NaN     0.00000E+00     0.00000E+00             NaN             NaN     0.18499E+00     0.00000E+00     0.00000E+00
     0.19455E+01     0.54248E-01     0.00000E+00             NaN     0.00000E+00     0.00000E+00     0.00000E+00             NaN     0.00000E+00             NaN     0.00000E+00     0.00000E+00             NaN             NaN     0.17173E+00     0.00000E+00     0.00000E+00
     0.19523E+01     0.51871E-01     0.00000E+00             NaN     0.00000E+00     0.00000E+00     0.00000E+00             NaN     0.00000E+00             NaN     0.00000E+00     0.00000E+00             NaN             NaN     0.15701E+00     0.00000E+00     0.00000E+00
     0.19589E+01     0.48652E-01     0.00000E+00             NaN     0.00000E+00     0.00000E+00     0.00000E+00             NaN     0.00000E+00             NaN     0.00000E+00     0.00000E+00             NaN             NaN     0.14081E+00     0.00000E+00     0.00000E+00
     0.19652E+01     0.44472E-01     0.00000E+00             NaN     0.00000E+00     0.00000E+00     0.00000E+00             NaN     0.00000E+00             NaN     0.00000E+00     0.00000E+00             NaN             NaN     0.12325E+00     0.00000E+00     0.00000E+00
     0.19713E+01     0.39266E-01     0.00000E+00             NaN     0.00000E+00     0.00000E+00     0.00000E+00             NaN     0.00000E+00             NaN     0.00000E+00     0.00000E+00             NaN             NaN     0.10455E+00     0.00000E+00     0.00000E+00
     0.19771E+01     0.33071E-01     0.00000E+00             NaN     0.00000E+00     0.00000E+00     0.00000E+00             NaN     0.00000E+00             NaN     0.00000E+00     0.00000E+00             NaN             NaN     0.85084E-01     0.00000E+00     0.00000E+00
     0.19826E+01     0.26059E-01     0.00000E+00             NaN     0.00000E+00     0.00000E+00     0.00000E+00             NaN     0.00000E+00             NaN     0.00000E+00     0.00000E+00             NaN             NaN     0.65312E-01     0.00000E+00     0.00000E+00
     0.19879E+01     0.18548E-01     0.00000E+00             NaN     0.00000E+00     0.00000E+00     0.00000E+00             NaN     0.00000E+00             NaN     0.00000E+00     0.00000E+00             NaN             NaN     0.45727E-01     0.00000E+00     0.00000E+00
     0.19929E+01     0.10929E-01     0.00000E+00             NaN     0.00000E+00     0.00000E+00     0.00000E+00             NaN     0.00000E+00             NaN     0.00000E+00     0.00000E+00             NaN             NaN     0.26750E-01     0.00000E+00     0.00000E+00
     0.19977E+01     0.35446E-02     0.00000E+00             NaN     0.00000E+00     0.00000E+00     0.00000E+00             NaN     0.00000E+00             NaN     0.00000E+00     0.00000E+00             NaN             NaN     0.86637E-02     0.00000E+00     0.00000E+00
