     0.20039E-02     0.21324E-05    -0.28446E-03     0.81655E-07     0.00000E+00     0.00000E+00    -0.27575E-05     0.28057E-03     0.48375E-05     0.00000E+00     0.00000E+00     0.76465E-05     0.28090E-05
     0.61156E-02     0.19540E-04    -0.27084E-03     0.24008E-05     0.00000E+00     0.00000E+00     0.40525E-05     0.25968E-03     0.66902E-05     0.00000E+00     0.00000E+00     0.32407E-04     0.25717E-04
     0.10434E-01     0.55553E-04    -0.26255E-03     0.11648E-04     0.00000E+00     0.00000E+00     0.14957E-04     0.24441E-03     0.10072E-05     0.00000E+00     0.00000E+00     0.74090E-04     0.73083E-04
     0.14956E-01     0.11153E-03    -0.25825E-03     0.33067E-04     0.00000E+00     0.00000E+00     0.40454E-04     0.22285E-03    -0.10539E-04     0.00000E+00     0.00000E+00     0.13610E-03     0.14664E-03
     0.19680E-01     0.18815E-03    -0.25432E-03     0.71361E-04     0.00000E+00     0.00000E+00     0.77852E-04     0.18858E-03    -0.27091E-04     0.00000E+00     0.00000E+00     0.22008E-03     0.24718E-03
     0.24604E-01     0.28468E-03    -0.25043E-03     0.12937E-03     0.00000E+00     0.00000E+00     0.12100E-03     0.14202E-03    -0.47882E-04     0.00000E+00     0.00000E+00     0.32577E-03     0.37366E-03
     0.29725E-01     0.39867E-03    -0.24676E-03     0.20703E-03     0.00000E+00     0.00000E+00     0.15929E-03     0.88696E-04    -0.71669E-04     0.00000E+00     0.00000E+00     0.45111E-03     0.52279E-03
     0.35041E-01     0.52618E-03    -0.24438E-03     0.30112E-03     0.00000E+00     0.00000E+00     0.18312E-03     0.35836E-04    -0.96646E-04     0.00000E+00     0.00000E+00     0.59265E-03     0.68930E-03
     0.40551E-01     0.66236E-03    -0.24406E-03     0.40581E-03     0.00000E+00     0.00000E+00     0.18697E-03    -0.10006E-04    -0.12129E-03     0.00000E+00     0.00000E+00     0.74546E-03     0.86676E-03
     0.46252E-01     0.80212E-03    -0.24606E-03     0.51402E-03     0.00000E+00     0.00000E+00     0.17068E-03    -0.44997E-04    -0.14439E-03     0.00000E+00     0.00000E+00     0.90406E-03     0.10485E-02
     0.52141E-01     0.94084E-03    -0.25009E-03     0.61866E-03     0.00000E+00     0.00000E+00     0.13841E-03    -0.68258E-04    -0.16507E-03     0.00000E+00     0.00000E+00     0.10633E-02     0.12283E-02
     0.58216E-01     0.10747E-02    -0.25550E-03     0.71382E-03     0.00000E+00     0.00000E+00     0.96450E-04    -0.81061E-04    -0.18281E-03     0.00000E+00     0.00000E+00     0.12187E-02     0.14015E-02
     0.64476E-01     0.12011E-02    -0.26152E-03     0.79539E-03     0.00000E+00     0.00000E+00     0.51238E-04    -0.85799E-04    -0.19734E-03     0.00000E+00     0.00000E+00     0.13670E-02     0.15643E-02
     0.70917E-01     0.13180E-02    -0.26751E-03     0.86116E-03     0.00000E+00     0.00000E+00     0.80563E-05    -0.84670E-04    -0.20894E-03     0.00000E+00     0.00000E+00     0.15055E-02     0.17145E-02
     0.77539E-01     0.14245E-02    -0.27303E-03     0.91060E-03     0.00000E+00     0.00000E+00    -0.29522E-04    -0.79851E-04    -0.21772E-03     0.00000E+00     0.00000E+00     0.16330E-02     0.18507E-02
     0.84338E-01     0.15202E-02    -0.27785E-03     0.94447E-03     0.00000E+00     0.00000E+00    -0.59593E-04    -0.72544E-04    -0.22434E-03     0.00000E+00     0.00000E+00     0.17483E-02     0.19727E-02
     0.91312E-01     0.16053E-02    -0.28181E-03     0.96441E-03     0.00000E+00     0.00000E+00    -0.81527E-04    -0.64109E-04    -0.22906E-03     0.00000E+00     0.00000E+00     0.18516E-02     0.20807E-02
     0.98459E-01     0.16805E-02    -0.28484E-03     0.97270E-03     0.00000E+00     0.00000E+00    -0.95600E-04    -0.55536E-04    -0.23221E-03     0.00000E+00     0.00000E+00     0.19433E-02     0.21755E-02
     0.10578E+00     0.17464E-02    -0.28699E-03     0.97161E-03     0.00000E+00     0.00000E+00    -0.10275E-03    -0.47479E-04    -0.23397E-03     0.00000E+00     0.00000E+00     0.20242E-02     0.22582E-02
     0.11326E+00     0.18040E-02    -0.28837E-03     0.96302E-03     0.00000E+00     0.00000E+00    -0.10420E-03    -0.40078E-04    -0.23458E-03     0.00000E+00     0.00000E+00     0.20954E-02     0.23300E-02
     0.12092E+00     0.18541E-02    -0.28907E-03     0.94864E-03     0.00000E+00     0.00000E+00    -0.10094E-03    -0.33203E-04    -0.23440E-03     0.00000E+00     0.00000E+00     0.21576E-02     0.23921E-02
     0.12873E+00     0.18978E-02    -0.28914E-03     0.93027E-03     0.00000E+00     0.00000E+00    -0.93998E-04    -0.27093E-04    -0.23373E-03     0.00000E+00     0.00000E+00     0.22120E-02     0.24457E-02
     0.13671E+00     0.19360E-02    -0.28863E-03     0.90945E-03     0.00000E+00     0.00000E+00    -0.84649E-04    -0.21843E-04    -0.23271E-03     0.00000E+00     0.00000E+00     0.22595E-02     0.24923E-02
     0.14485E+00     0.19695E-02    -0.28766E-03     0.88743E-03     0.00000E+00     0.00000E+00    -0.73988E-04    -0.17663E-04    -0.23120E-03     0.00000E+00     0.00000E+00     0.23016E-02     0.25328E-02
     0.15315E+00     0.19992E-02    -0.28627E-03     0.86486E-03     0.00000E+00     0.00000E+00    -0.62813E-04    -0.14122E-04    -0.22947E-03     0.00000E+00     0.00000E+00     0.23388E-02     0.25683E-02
     0.16160E+00     0.20257E-02    -0.28455E-03     0.84233E-03     0.00000E+00     0.00000E+00    -0.51816E-04    -0.11151E-04    -0.22749E-03     0.00000E+00     0.00000E+00     0.23722E-02     0.25997E-02
     0.17021E+00     0.20495E-02    -0.28250E-03     0.82037E-03     0.00000E+00     0.00000E+00    -0.41334E-04    -0.85090E-05    -0.22555E-03     0.00000E+00     0.00000E+00     0.24022E-02     0.26278E-02
     0.17896E+00     0.20714E-02    -0.28017E-03     0.79929E-03     0.00000E+00     0.00000E+00    -0.31591E-04    -0.62757E-05    -0.22360E-03     0.00000E+00     0.00000E+00     0.24295E-02     0.26532E-02
     0.18787E+00     0.20918E-02    -0.27764E-03     0.77942E-03     0.00000E+00     0.00000E+00    -0.22912E-04    -0.44837E-05    -0.22154E-03     0.00000E+00     0.00000E+00     0.24551E-02     0.26767E-02
     0.19692E+00     0.21111E-02    -0.27493E-03     0.76073E-03     0.00000E+00     0.00000E+00    -0.15440E-04    -0.30345E-05    -0.21942E-03     0.00000E+00     0.00000E+00     0.24794E-02     0.26989E-02
     0.20611E+00     0.21298E-02    -0.27213E-03     0.74325E-03     0.00000E+00     0.00000E+00    -0.90199E-05    -0.18541E-05    -0.21735E-03     0.00000E+00     0.00000E+00     0.25028E-02     0.27202E-02
     0.21545E+00     0.21482E-02    -0.26932E-03     0.72717E-03     0.00000E+00     0.00000E+00    -0.33719E-05    -0.83476E-06    -0.21543E-03     0.00000E+00     0.00000E+00     0.25256E-02     0.27411E-02
     0.22493E+00     0.21665E-02    -0.26661E-03     0.71241E-03     0.00000E+00     0.00000E+00     0.17035E-05     0.20642E-06    -0.21367E-03     0.00000E+00     0.00000E+00     0.25482E-02     0.27619E-02
     0.23454E+00     0.21852E-02    -0.26393E-03     0.69906E-03     0.00000E+00     0.00000E+00     0.62660E-05     0.82252E-06    -0.21182E-03     0.00000E+00     0.00000E+00     0.25712E-02     0.27831E-02
     0.24429E+00     0.22045E-02    -0.26131E-03     0.68702E-03     0.00000E+00     0.00000E+00     0.10269E-04     0.13979E-05    -0.21026E-03     0.00000E+00     0.00000E+00     0.25947E-02     0.28050E-02
     0.25418E+00     0.22245E-02    -0.25876E-03     0.67606E-03     0.00000E+00     0.00000E+00     0.13954E-04     0.17767E-05    -0.20875E-03     0.00000E+00     0.00000E+00     0.26190E-02     0.28278E-02
     0.26419E+00     0.22454E-02    -0.25632E-03     0.66619E-03     0.00000E+00     0.00000E+00     0.17266E-04     0.20919E-05    -0.20747E-03     0.00000E+00     0.00000E+00     0.26442E-02     0.28518E-02
     0.27434E+00     0.22674E-02    -0.25400E-03     0.65744E-03     0.00000E+00     0.00000E+00     0.19642E-04     0.23801E-05    -0.20632E-03     0.00000E+00     0.00000E+00     0.26706E-02     0.28770E-02
     0.28460E+00     0.22907E-02    -0.25180E-03     0.64962E-03     0.00000E+00     0.00000E+00     0.21293E-04     0.25512E-05    -0.20526E-03     0.00000E+00     0.00000E+00     0.26983E-02     0.29037E-02
     0.29500E+00     0.23152E-02    -0.24966E-03     0.64265E-03     0.00000E+00     0.00000E+00     0.22714E-04     0.25312E-05    -0.20437E-03     0.00000E+00     0.00000E+00     0.27275E-02     0.29320E-02
     0.30551E+00     0.23410E-02    -0.24763E-03     0.63667E-03     0.00000E+00     0.00000E+00     0.23900E-04     0.24025E-05    -0.20367E-03     0.00000E+00     0.00000E+00     0.27581E-02     0.29619E-02
     0.31615E+00     0.23682E-02    -0.24581E-03     0.63161E-03     0.00000E+00     0.00000E+00     0.24628E-04     0.24255E-05    -0.20317E-03     0.00000E+00     0.00000E+00     0.27900E-02     0.29933E-02
     0.32690E+00     0.23967E-02    -0.24415E-03     0.62759E-03     0.00000E+00     0.00000E+00     0.24834E-04     0.23281E-05    -0.20270E-03     0.00000E+00     0.00000E+00     0.28235E-02     0.30264E-02
     0.33777E+00     0.24265E-02    -0.24268E-03     0.62437E-03     0.00000E+00     0.00000E+00     0.24657E-04     0.23771E-05    -0.20237E-03     0.00000E+00     0.00000E+00     0.28585E-02     0.30610E-02
     0.34875E+00     0.24578E-02    -0.24140E-03     0.62175E-03     0.00000E+00     0.00000E+00     0.23969E-04     0.27467E-05    -0.20206E-03     0.00000E+00     0.00000E+00     0.28951E-02     0.30973E-02
     0.35985E+00     0.24906E-02    -0.24026E-03     0.61967E-03     0.00000E+00     0.00000E+00     0.22914E-04     0.32209E-05    -0.20189E-03     0.00000E+00     0.00000E+00     0.29334E-02     0.31355E-02
     0.37105E+00     0.25252E-02    -0.23920E-03     0.61794E-03     0.00000E+00     0.00000E+00     0.22046E-04     0.35535E-05    -0.20193E-03     0.00000E+00     0.00000E+00     0.29738E-02     0.31758E-02
     0.38236E+00     0.25619E-02    -0.23823E-03     0.61657E-03     0.00000E+00     0.00000E+00     0.21604E-04     0.36491E-05    -0.20216E-03     0.00000E+00     0.00000E+00     0.30163E-02     0.32186E-02
     0.39377E+00     0.26006E-02    -0.23733E-03     0.61534E-03     0.00000E+00     0.00000E+00     0.21369E-04     0.35319E-05    -0.20256E-03     0.00000E+00     0.00000E+00     0.30611E-02     0.32639E-02
     0.40528E+00     0.26415E-02    -0.23647E-03     0.61435E-03     0.00000E+00     0.00000E+00     0.21137E-04     0.31348E-05    -0.20305E-03     0.00000E+00     0.00000E+00     0.31083E-02     0.33116E-02
     0.41690E+00     0.26843E-02    -0.23572E-03     0.61359E-03     0.00000E+00     0.00000E+00     0.20975E-04     0.27425E-05    -0.20363E-03     0.00000E+00     0.00000E+00     0.31578E-02     0.33616E-02
     0.42861E+00     0.27288E-02    -0.23514E-03     0.61300E-03     0.00000E+00     0.00000E+00     0.20808E-04     0.27475E-05    -0.20449E-03     0.00000E+00     0.00000E+00     0.32090E-02     0.34136E-02
     0.44042E+00     0.27752E-02    -0.23474E-03     0.61265E-03     0.00000E+00     0.00000E+00     0.20470E-04     0.26728E-05    -0.20534E-03     0.00000E+00     0.00000E+00     0.32623E-02     0.34678E-02
     0.45232E+00     0.28233E-02    -0.23443E-03     0.61250E-03     0.00000E+00     0.00000E+00     0.20301E-04     0.25082E-05    -0.20633E-03     0.00000E+00     0.00000E+00     0.33175E-02     0.35240E-02
     0.46431E+00     0.28731E-02    -0.23426E-03     0.61258E-03     0.00000E+00     0.00000E+00     0.20507E-04     0.24306E-05    -0.20745E-03     0.00000E+00     0.00000E+00     0.33746E-02     0.35822E-02
     0.47639E+00     0.29247E-02    -0.23428E-03     0.61309E-03     0.00000E+00     0.00000E+00     0.21108E-04     0.23662E-05    -0.20867E-03     0.00000E+00     0.00000E+00     0.34335E-02     0.36424E-02
     0.48855E+00     0.29779E-02    -0.23449E-03     0.61407E-03     0.00000E+00     0.00000E+00     0.21937E-04     0.24552E-05    -0.21006E-03     0.00000E+00     0.00000E+00     0.34942E-02     0.37045E-02
     0.50081E+00     0.30328E-02    -0.23487E-03     0.61543E-03     0.00000E+00     0.00000E+00     0.22560E-04     0.24126E-05    -0.21141E-03     0.00000E+00     0.00000E+00     0.35569E-02     0.37686E-02
     0.51314E+00     0.30895E-02    -0.23536E-03     0.61730E-03     0.00000E+00     0.00000E+00     0.23208E-04     0.21825E-05    -0.21302E-03     0.00000E+00     0.00000E+00     0.36213E-02     0.38346E-02
     0.52555E+00     0.31478E-02    -0.23590E-03     0.61951E-03     0.00000E+00     0.00000E+00     0.23873E-04     0.17392E-05    -0.21471E-03     0.00000E+00     0.00000E+00     0.36875E-02     0.39024E-02
     0.53804E+00     0.32075E-02    -0.23654E-03     0.62198E-03     0.00000E+00     0.00000E+00     0.24198E-04     0.14379E-05    -0.21656E-03     0.00000E+00     0.00000E+00     0.37550E-02     0.39718E-02
     0.55061E+00     0.32684E-02    -0.23741E-03     0.62483E-03     0.00000E+00     0.00000E+00     0.24013E-04     0.13537E-05    -0.21844E-03     0.00000E+00     0.00000E+00     0.38238E-02     0.40425E-02
     0.56325E+00     0.33305E-02    -0.23853E-03     0.62792E-03     0.00000E+00     0.00000E+00     0.23884E-04     0.16030E-05    -0.22033E-03     0.00000E+00     0.00000E+00     0.38939E-02     0.41144E-02
     0.57596E+00     0.33939E-02    -0.23978E-03     0.63126E-03     0.00000E+00     0.00000E+00     0.24392E-04     0.17885E-05    -0.22219E-03     0.00000E+00     0.00000E+00     0.39654E-02     0.41878E-02
     0.58874E+00     0.34588E-02    -0.24090E-03     0.63484E-03     0.00000E+00     0.00000E+00     0.24976E-04     0.16109E-05    -0.22428E-03     0.00000E+00     0.00000E+00     0.40382E-02     0.42627E-02
     0.60158E+00     0.35249E-02    -0.24183E-03     0.63864E-03     0.00000E+00     0.00000E+00     0.24879E-04     0.10765E-05    -0.22649E-03     0.00000E+00     0.00000E+00     0.41122E-02     0.43390E-02
     0.61449E+00     0.35920E-02    -0.24279E-03     0.64289E-03     0.00000E+00     0.00000E+00     0.23841E-04     0.60338E-06    -0.22870E-03     0.00000E+00     0.00000E+00     0.41873E-02     0.44163E-02
     0.62747E+00     0.36599E-02    -0.24393E-03     0.64744E-03     0.00000E+00     0.00000E+00     0.22147E-04     0.56476E-06    -0.23104E-03     0.00000E+00     0.00000E+00     0.42629E-02     0.44942E-02
     0.64050E+00     0.37284E-02    -0.24523E-03     0.65215E-03     0.00000E+00     0.00000E+00     0.21018E-04     0.40149E-06    -0.23323E-03     0.00000E+00     0.00000E+00     0.43393E-02     0.45728E-02
     0.65359E+00     0.37975E-02    -0.24652E-03     0.65722E-03     0.00000E+00     0.00000E+00     0.21448E-04    -0.12872E-06    -0.23558E-03     0.00000E+00     0.00000E+00     0.44160E-02     0.46518E-02
     0.66673E+00     0.38668E-02    -0.24793E-03     0.66249E-03     0.00000E+00     0.00000E+00     0.22498E-04    -0.63485E-06    -0.23795E-03     0.00000E+00     0.00000E+00     0.44926E-02     0.47309E-02
     0.67993E+00     0.39359E-02    -0.24952E-03     0.66790E-03     0.00000E+00     0.00000E+00     0.22939E-04    -0.84401E-06    -0.24029E-03     0.00000E+00     0.00000E+00     0.45690E-02     0.48095E-02
     0.69318E+00     0.40048E-02    -0.25122E-03     0.67356E-03     0.00000E+00     0.00000E+00     0.22820E-04    -0.10617E-05    -0.24275E-03     0.00000E+00     0.00000E+00     0.46446E-02     0.48876E-02
     0.70648E+00     0.40732E-02    -0.25301E-03     0.67933E-03     0.00000E+00     0.00000E+00     0.22429E-04    -0.15216E-05    -0.24511E-03     0.00000E+00     0.00000E+00     0.47195E-02     0.49649E-02
     0.71982E+00     0.41409E-02    -0.25489E-03     0.68495E-03     0.00000E+00     0.00000E+00     0.21759E-04    -0.19698E-05    -0.24741E-03     0.00000E+00     0.00000E+00     0.47934E-02     0.50411E-02
     0.73321E+00     0.42074E-02    -0.25675E-03     0.69045E-03     0.00000E+00     0.00000E+00     0.20980E-04    -0.23882E-05    -0.24971E-03     0.00000E+00     0.00000E+00     0.48657E-02     0.51157E-02
     0.74665E+00     0.42726E-02    -0.25856E-03     0.69567E-03     0.00000E+00     0.00000E+00     0.20510E-04    -0.28224E-05    -0.25190E-03     0.00000E+00     0.00000E+00     0.49362E-02     0.51884E-02
     0.76012E+00     0.43360E-02    -0.26041E-03     0.70061E-03     0.00000E+00     0.00000E+00     0.20798E-04    -0.30052E-05    -0.25408E-03     0.00000E+00     0.00000E+00     0.50044E-02     0.52588E-02
     0.77363E+00     0.43975E-02    -0.26226E-03     0.70605E-03     0.00000E+00     0.00000E+00     0.21158E-04    -0.35206E-05    -0.25616E-03     0.00000E+00     0.00000E+00     0.50701E-02     0.53266E-02
     0.78717E+00     0.44568E-02    -0.26414E-03     0.71143E-03     0.00000E+00     0.00000E+00     0.20897E-04    -0.40949E-05    -0.25799E-03     0.00000E+00     0.00000E+00     0.51332E-02     0.53915E-02
     0.80075E+00     0.45134E-02    -0.26607E-03     0.71679E-03     0.00000E+00     0.00000E+00     0.20271E-04    -0.43979E-05    -0.25980E-03     0.00000E+00     0.00000E+00     0.51928E-02     0.54530E-02
     0.81436E+00     0.45671E-02    -0.26801E-03     0.72204E-03     0.00000E+00     0.00000E+00     0.19444E-04    -0.45784E-05    -0.26140E-03     0.00000E+00     0.00000E+00     0.52490E-02     0.55107E-02
     0.82800E+00     0.46177E-02    -0.26973E-03     0.72655E-03     0.00000E+00     0.00000E+00     0.18622E-04    -0.48842E-05    -0.26283E-03     0.00000E+00     0.00000E+00     0.53014E-02     0.55645E-02
     0.84166E+00     0.46650E-02    -0.27125E-03     0.73033E-03     0.00000E+00     0.00000E+00     0.17931E-04    -0.54149E-05    -0.26413E-03     0.00000E+00     0.00000E+00     0.53497E-02     0.56142E-02
     0.85535E+00     0.47086E-02    -0.27262E-03     0.73360E-03     0.00000E+00     0.00000E+00     0.17385E-04    -0.58924E-05    -0.26533E-03     0.00000E+00     0.00000E+00     0.53935E-02     0.56591E-02
     0.86906E+00     0.47480E-02    -0.27382E-03     0.73649E-03     0.00000E+00     0.00000E+00     0.16911E-04    -0.66484E-05    -0.26620E-03     0.00000E+00     0.00000E+00     0.54325E-02     0.56991E-02
     0.88279E+00     0.47829E-02    -0.27508E-03     0.73891E-03     0.00000E+00     0.00000E+00     0.16656E-04    -0.70056E-05    -0.26690E-03     0.00000E+00     0.00000E+00     0.54661E-02     0.57333E-02
     0.89654E+00     0.48128E-02    -0.27648E-03     0.74088E-03     0.00000E+00     0.00000E+00     0.17145E-04    -0.69899E-05    -0.26733E-03     0.00000E+00     0.00000E+00     0.54939E-02     0.57616E-02
     0.91031E+00     0.48379E-02    -0.27779E-03     0.74249E-03     0.00000E+00     0.00000E+00     0.17790E-04    -0.70800E-05    -0.26757E-03     0.00000E+00     0.00000E+00     0.55160E-02     0.57839E-02
     0.92408E+00     0.48579E-02    -0.27895E-03     0.74381E-03     0.00000E+00     0.00000E+00     0.17679E-04    -0.72788E-05    -0.26748E-03     0.00000E+00     0.00000E+00     0.55322E-02     0.58000E-02
     0.93787E+00     0.48727E-02    -0.28012E-03     0.74490E-03     0.00000E+00     0.00000E+00     0.17033E-04    -0.73211E-05    -0.26730E-03     0.00000E+00     0.00000E+00     0.55423E-02     0.58100E-02
     0.95167E+00     0.48823E-02    -0.28137E-03     0.74584E-03     0.00000E+00     0.00000E+00     0.15816E-04    -0.74790E-05    -0.26690E-03     0.00000E+00     0.00000E+00     0.55463E-02     0.58136E-02
     0.96547E+00     0.48866E-02    -0.28293E-03     0.74688E-03     0.00000E+00     0.00000E+00     0.14248E-04    -0.71922E-05    -0.26638E-03     0.00000E+00     0.00000E+00     0.55441E-02     0.58108E-02
     0.97928E+00     0.48858E-02    -0.28474E-03     0.74808E-03     0.00000E+00     0.00000E+00     0.13042E-04    -0.66949E-05    -0.26549E-03     0.00000E+00     0.00000E+00     0.55360E-02     0.58019E-02
     0.99309E+00     0.48802E-02    -0.28659E-03     0.74918E-03     0.00000E+00     0.00000E+00     0.12520E-04    -0.64082E-05    -0.26433E-03     0.00000E+00     0.00000E+00     0.55225E-02     0.57872E-02
     0.10069E+01     0.48699E-02    -0.28835E-03     0.75023E-03     0.00000E+00     0.00000E+00     0.12077E-04    -0.64565E-05    -0.26315E-03     0.00000E+00     0.00000E+00     0.55034E-02     0.57669E-02
     0.10207E+01     0.48551E-02    -0.29008E-03     0.75110E-03     0.00000E+00     0.00000E+00     0.10184E-04    -0.62626E-05    -0.26186E-03     0.00000E+00     0.00000E+00     0.54790E-02     0.57412E-02
     0.10345E+01     0.48358E-02    -0.29183E-03     0.75156E-03     0.00000E+00     0.00000E+00     0.78216E-05    -0.57335E-05    -0.26025E-03     0.00000E+00     0.00000E+00     0.54496E-02     0.57102E-02
     0.10483E+01     0.48124E-02    -0.29344E-03     0.75167E-03     0.00000E+00     0.00000E+00     0.61763E-05    -0.53392E-05    -0.25856E-03     0.00000E+00     0.00000E+00     0.54154E-02     0.56743E-02
     0.10621E+01     0.47852E-02    -0.29509E-03     0.75188E-03     0.00000E+00     0.00000E+00     0.42944E-05    -0.51718E-05    -0.25658E-03     0.00000E+00     0.00000E+00     0.53769E-02     0.56339E-02
     0.10759E+01     0.47544E-02    -0.29697E-03     0.75218E-03     0.00000E+00     0.00000E+00     0.23541E-05    -0.45504E-05    -0.25462E-03     0.00000E+00     0.00000E+00     0.53342E-02     0.55892E-02
     0.10897E+01     0.47203E-02    -0.29890E-03     0.75223E-03     0.00000E+00     0.00000E+00     0.82269E-06    -0.38980E-05    -0.25243E-03     0.00000E+00     0.00000E+00     0.52880E-02     0.55407E-02
     0.11035E+01     0.46835E-02    -0.30054E-03     0.75192E-03     0.00000E+00     0.00000E+00    -0.41667E-06    -0.35081E-05    -0.25019E-03     0.00000E+00     0.00000E+00     0.52385E-02     0.54891E-02
     0.11172E+01     0.46442E-02    -0.30199E-03     0.75137E-03     0.00000E+00     0.00000E+00    -0.21660E-05    -0.32440E-05    -0.24786E-03     0.00000E+00     0.00000E+00     0.51864E-02     0.54346E-02
     0.11309E+01     0.46027E-02    -0.30340E-03     0.75058E-03     0.00000E+00     0.00000E+00    -0.53014E-05    -0.28922E-05    -0.24541E-03     0.00000E+00     0.00000E+00     0.51318E-02     0.53775E-02
     0.11447E+01     0.45592E-02    -0.30499E-03     0.74951E-03     0.00000E+00     0.00000E+00    -0.88492E-05    -0.23459E-05    -0.24297E-03     0.00000E+00     0.00000E+00     0.50749E-02     0.53182E-02
     0.11583E+01     0.45142E-02    -0.30670E-03     0.74808E-03     0.00000E+00     0.00000E+00    -0.11177E-04    -0.21080E-05    -0.24039E-03     0.00000E+00     0.00000E+00     0.50164E-02     0.52571E-02
     0.11720E+01     0.44677E-02    -0.30845E-03     0.74636E-03     0.00000E+00     0.00000E+00    -0.12671E-04    -0.16604E-05    -0.23786E-03     0.00000E+00     0.00000E+00     0.49562E-02     0.51944E-02
     0.11856E+01     0.44202E-02    -0.31032E-03     0.74458E-03     0.00000E+00     0.00000E+00    -0.14200E-04    -0.99826E-06    -0.23518E-03     0.00000E+00     0.00000E+00     0.48951E-02     0.51306E-02
     0.11993E+01     0.43721E-02    -0.31234E-03     0.74273E-03     0.00000E+00     0.00000E+00    -0.15418E-04    -0.29421E-06    -0.23257E-03     0.00000E+00     0.00000E+00     0.48333E-02     0.50662E-02
     0.12128E+01     0.43238E-02    -0.31442E-03     0.74084E-03     0.00000E+00     0.00000E+00    -0.15670E-04     0.12192E-06    -0.22999E-03     0.00000E+00     0.00000E+00     0.47715E-02     0.50018E-02
     0.12264E+01     0.42758E-02    -0.31659E-03     0.73889E-03     0.00000E+00     0.00000E+00    -0.15766E-04     0.64904E-06    -0.22762E-03     0.00000E+00     0.00000E+00     0.47098E-02     0.49378E-02
     0.12399E+01     0.42284E-02    -0.31880E-03     0.73688E-03     0.00000E+00     0.00000E+00    -0.16417E-04     0.11837E-05    -0.22506E-03     0.00000E+00     0.00000E+00     0.46491E-02     0.48745E-02
     0.12534E+01     0.41819E-02    -0.32098E-03     0.73502E-03     0.00000E+00     0.00000E+00    -0.17161E-04     0.17422E-05    -0.22271E-03     0.00000E+00     0.00000E+00     0.45894E-02     0.48125E-02
     0.12668E+01     0.41367E-02    -0.32331E-03     0.73345E-03     0.00000E+00     0.00000E+00    -0.17889E-04     0.19576E-05    -0.22038E-03     0.00000E+00     0.00000E+00     0.45314E-02     0.47521E-02
     0.12802E+01     0.40929E-02    -0.32578E-03     0.73191E-03     0.00000E+00     0.00000E+00    -0.17957E-04     0.20812E-05    -0.21844E-03     0.00000E+00     0.00000E+00     0.44747E-02     0.46935E-02
     0.12935E+01     0.40507E-02    -0.32834E-03     0.73045E-03     0.00000E+00     0.00000E+00    -0.17155E-04     0.18802E-05    -0.21646E-03     0.00000E+00     0.00000E+00     0.44200E-02     0.46368E-02
     0.13068E+01     0.40099E-02    -0.33104E-03     0.72950E-03     0.00000E+00     0.00000E+00    -0.16543E-04     0.19636E-05    -0.21465E-03     0.00000E+00     0.00000E+00     0.43669E-02     0.45818E-02
     0.13201E+01     0.39706E-02    -0.33412E-03     0.72923E-03     0.00000E+00     0.00000E+00    -0.15799E-04     0.25252E-05    -0.21285E-03     0.00000E+00     0.00000E+00     0.43155E-02     0.45287E-02
     0.13333E+01     0.39330E-02    -0.33744E-03     0.72967E-03     0.00000E+00     0.00000E+00    -0.13409E-04     0.30082E-05    -0.21122E-03     0.00000E+00     0.00000E+00     0.42662E-02     0.44777E-02
     0.13464E+01     0.38975E-02    -0.34066E-03     0.73036E-03     0.00000E+00     0.00000E+00    -0.10807E-04     0.25739E-05    -0.20973E-03     0.00000E+00     0.00000E+00     0.42191E-02     0.44292E-02
     0.13595E+01     0.38639E-02    -0.34410E-03     0.73144E-03     0.00000E+00     0.00000E+00    -0.91124E-05     0.22012E-05    -0.20845E-03     0.00000E+00     0.00000E+00     0.41740E-02     0.43827E-02
     0.13725E+01     0.38317E-02    -0.34797E-03     0.73303E-03     0.00000E+00     0.00000E+00    -0.71733E-05     0.20171E-05    -0.20723E-03     0.00000E+00     0.00000E+00     0.41306E-02     0.43381E-02
     0.13855E+01     0.38010E-02    -0.35211E-03     0.73535E-03     0.00000E+00     0.00000E+00    -0.55705E-05     0.16795E-05    -0.20621E-03     0.00000E+00     0.00000E+00     0.40887E-02     0.42952E-02
     0.13984E+01     0.37716E-02    -0.35667E-03     0.73828E-03     0.00000E+00     0.00000E+00    -0.51295E-05     0.17802E-05    -0.20508E-03     0.00000E+00     0.00000E+00     0.40483E-02     0.42537E-02
     0.14113E+01     0.37434E-02    -0.36149E-03     0.74169E-03     0.00000E+00     0.00000E+00    -0.47636E-05     0.21873E-05    -0.20414E-03     0.00000E+00     0.00000E+00     0.40092E-02     0.42137E-02
     0.14240E+01     0.37166E-02    -0.36644E-03     0.74544E-03     0.00000E+00     0.00000E+00    -0.40760E-05     0.21103E-05    -0.20327E-03     0.00000E+00     0.00000E+00     0.39719E-02     0.41754E-02
     0.14368E+01     0.36913E-02    -0.37174E-03     0.74918E-03     0.00000E+00     0.00000E+00    -0.42735E-05     0.22925E-05    -0.20254E-03     0.00000E+00     0.00000E+00     0.39360E-02     0.41388E-02
     0.14494E+01     0.36675E-02    -0.37739E-03     0.75308E-03     0.00000E+00     0.00000E+00    -0.48592E-05     0.25342E-05    -0.20190E-03     0.00000E+00     0.00000E+00     0.39018E-02     0.41040E-02
     0.14620E+01     0.36454E-02    -0.38315E-03     0.75692E-03     0.00000E+00     0.00000E+00    -0.46691E-05     0.26311E-05    -0.20133E-03     0.00000E+00     0.00000E+00     0.38694E-02     0.40710E-02
     0.14744E+01     0.36249E-02    -0.38896E-03     0.76076E-03     0.00000E+00     0.00000E+00    -0.35162E-05     0.28340E-05    -0.20092E-03     0.00000E+00     0.00000E+00     0.38388E-02     0.40400E-02
     0.14869E+01     0.36062E-02    -0.39483E-03     0.76452E-03     0.00000E+00     0.00000E+00    -0.18097E-05     0.26122E-05    -0.20051E-03     0.00000E+00     0.00000E+00     0.38102E-02     0.40110E-02
     0.14992E+01     0.35891E-02    -0.40101E-03     0.76868E-03     0.00000E+00     0.00000E+00    -0.11623E-05     0.27675E-05    -0.20033E-03     0.00000E+00     0.00000E+00     0.37831E-02     0.39838E-02
     0.15114E+01     0.35737E-02    -0.40770E-03     0.77368E-03     0.00000E+00     0.00000E+00    -0.14847E-05     0.32702E-05    -0.20007E-03     0.00000E+00     0.00000E+00     0.37581E-02     0.39585E-02
     0.15236E+01     0.35602E-02    -0.41478E-03     0.77943E-03     0.00000E+00     0.00000E+00    -0.35660E-06     0.38650E-05    -0.20003E-03     0.00000E+00     0.00000E+00     0.37350E-02     0.39353E-02
     0.15357E+01     0.35490E-02    -0.42245E-03     0.78615E-03     0.00000E+00     0.00000E+00     0.29464E-05     0.43720E-05    -0.20020E-03     0.00000E+00     0.00000E+00     0.37141E-02     0.39146E-02
     0.15477E+01     0.35402E-02    -0.43033E-03     0.79298E-03     0.00000E+00     0.00000E+00     0.70029E-05     0.41464E-05    -0.20054E-03     0.00000E+00     0.00000E+00     0.36956E-02     0.38964E-02
     0.15596E+01     0.35336E-02    -0.43821E-03     0.79961E-03     0.00000E+00     0.00000E+00     0.10232E-04     0.28712E-05    -0.20108E-03     0.00000E+00     0.00000E+00     0.36793E-02     0.38807E-02
     0.15714E+01     0.35285E-02    -0.44668E-03     0.80613E-03     0.00000E+00     0.00000E+00     0.12235E-04     0.21500E-05    -0.20172E-03     0.00000E+00     0.00000E+00     0.36647E-02     0.38666E-02
     0.15831E+01     0.35247E-02    -0.45596E-03     0.81286E-03     0.00000E+00     0.00000E+00     0.14126E-04     0.27040E-05    -0.20234E-03     0.00000E+00     0.00000E+00     0.36513E-02     0.38539E-02
     0.15947E+01     0.35223E-02    -0.46583E-03     0.82018E-03     0.00000E+00     0.00000E+00     0.16824E-04     0.36358E-05    -0.20305E-03     0.00000E+00     0.00000E+00     0.36393E-02     0.38427E-02
     0.16062E+01     0.35218E-02    -0.47591E-03     0.82791E-03     0.00000E+00     0.00000E+00     0.20834E-04     0.41778E-05    -0.20398E-03     0.00000E+00     0.00000E+00     0.36291E-02     0.38333E-02
     0.16176E+01     0.35232E-02    -0.48626E-03     0.83623E-03     0.00000E+00     0.00000E+00     0.25585E-04     0.41982E-05    -0.20500E-03     0.00000E+00     0.00000E+00     0.36208E-02     0.38261E-02
     0.16290E+01     0.35267E-02    -0.49747E-03     0.84568E-03     0.00000E+00     0.00000E+00     0.30188E-04     0.47476E-05    -0.20623E-03     0.00000E+00     0.00000E+00     0.36145E-02     0.38210E-02
     0.16402E+01     0.35324E-02    -0.50968E-03     0.85659E-03     0.00000E+00     0.00000E+00     0.34973E-04     0.51071E-05    -0.20761E-03     0.00000E+00     0.00000E+00     0.36102E-02     0.38181E-02
     0.16512E+01     0.35404E-02    -0.52247E-03     0.86858E-03     0.00000E+00     0.00000E+00     0.39102E-04     0.52822E-05    -0.20920E-03     0.00000E+00     0.00000E+00     0.36081E-02     0.38176E-02
     0.16622E+01     0.35508E-02    -0.53609E-03     0.88165E-03     0.00000E+00     0.00000E+00     0.42448E-04     0.59808E-05    -0.21095E-03     0.00000E+00     0.00000E+00     0.36082E-02     0.38194E-02
     0.16731E+01     0.35637E-02    -0.55057E-03     0.89609E-03     0.00000E+00     0.00000E+00     0.46628E-04     0.66281E-05    -0.21295E-03     0.00000E+00     0.00000E+00     0.36105E-02     0.38237E-02
     0.16839E+01     0.35793E-02    -0.56596E-03     0.91215E-03     0.00000E+00     0.00000E+00     0.52559E-04     0.68536E-05    -0.21514E-03     0.00000E+00     0.00000E+00     0.36154E-02     0.38308E-02
     0.16945E+01     0.35977E-02    -0.58222E-03     0.92983E-03     0.00000E+00     0.00000E+00     0.58243E-04     0.67785E-05    -0.21758E-03     0.00000E+00     0.00000E+00     0.36226E-02     0.38405E-02
     0.17050E+01     0.36187E-02    -0.59971E-03     0.94908E-03     0.00000E+00     0.00000E+00     0.60726E-04     0.76177E-05    -0.22015E-03     0.00000E+00     0.00000E+00     0.36323E-02     0.38527E-02
     0.17154E+01     0.36426E-02    -0.61822E-03     0.97017E-03     0.00000E+00     0.00000E+00     0.62152E-04     0.86003E-05    -0.22304E-03     0.00000E+00     0.00000E+00     0.36444E-02     0.38677E-02
     0.17257E+01     0.36696E-02    -0.63751E-03     0.99288E-03     0.00000E+00     0.00000E+00     0.63892E-04     0.89808E-05    -0.22617E-03     0.00000E+00     0.00000E+00     0.36592E-02     0.38856E-02
     0.17358E+01     0.36998E-02    -0.65792E-03     0.10174E-02     0.00000E+00     0.00000E+00     0.63860E-04     0.98388E-05    -0.22951E-03     0.00000E+00     0.00000E+00     0.36767E-02     0.39065E-02
     0.17458E+01     0.37333E-02    -0.67955E-03     0.10441E-02     0.00000E+00     0.00000E+00     0.63493E-04     0.11100E-04    -0.23303E-03     0.00000E+00     0.00000E+00     0.36972E-02     0.39305E-02
     0.17557E+01     0.37705E-02    -0.70200E-03     0.10737E-02     0.00000E+00     0.00000E+00     0.63903E-04     0.11791E-04    -0.23693E-03     0.00000E+00     0.00000E+00     0.37207E-02     0.39578E-02
     0.17655E+01     0.38113E-02    -0.72569E-03     0.11063E-02     0.00000E+00     0.00000E+00     0.63739E-04     0.12345E-04    -0.24115E-03     0.00000E+00     0.00000E+00     0.37472E-02     0.39886E-02
     0.17751E+01     0.38560E-02    -0.75053E-03     0.11423E-02     0.00000E+00     0.00000E+00     0.62369E-04     0.12322E-04    -0.24573E-03     0.00000E+00     0.00000E+00     0.37767E-02     0.40226E-02
     0.17845E+01     0.39041E-02    -0.77695E-03     0.11818E-02     0.00000E+00     0.00000E+00     0.58554E-04     0.12268E-04    -0.25054E-03     0.00000E+00     0.00000E+00     0.38089E-02     0.40596E-02
     0.17939E+01     0.39556E-02    -0.80512E-03     0.12253E-02     0.00000E+00     0.00000E+00     0.51928E-04     0.12726E-04    -0.25562E-03     0.00000E+00     0.00000E+00     0.38436E-02     0.40994E-02
     0.18031E+01     0.40104E-02    -0.83486E-03     0.12740E-02     0.00000E+00     0.00000E+00     0.43368E-04     0.13391E-04    -0.26114E-03     0.00000E+00     0.00000E+00     0.38804E-02     0.41417E-02
     0.18121E+01     0.40685E-02    -0.86620E-03     0.13286E-02     0.00000E+00     0.00000E+00     0.33294E-04     0.13508E-04    -0.26711E-03     0.00000E+00     0.00000E+00     0.39192E-02     0.41865E-02
     0.18210E+01     0.41296E-02    -0.89898E-03     0.13896E-02     0.00000E+00     0.00000E+00     0.19570E-04     0.12623E-04    -0.27324E-03     0.00000E+00     0.00000E+00     0.39600E-02     0.42334E-02
     0.18298E+01     0.41934E-02    -0.93293E-03     0.14579E-02     0.00000E+00     0.00000E+00    -0.67756E-06     0.11098E-04    -0.27977E-03     0.00000E+00     0.00000E+00     0.40019E-02     0.42818E-02
     0.18384E+01     0.42591E-02    -0.96793E-03     0.15343E-02     0.00000E+00     0.00000E+00    -0.26866E-04     0.83267E-05    -0.28665E-03     0.00000E+00     0.00000E+00     0.40442E-02     0.43310E-02
     0.18468E+01     0.43259E-02    -0.10041E-02     0.16195E-02     0.00000E+00     0.00000E+00    -0.58304E-04     0.39229E-05    -0.29395E-03     0.00000E+00     0.00000E+00     0.40857E-02     0.43798E-02
     0.18551E+01     0.43925E-02    -0.10416E-02     0.17145E-02     0.00000E+00     0.00000E+00    -0.95361E-04    -0.21870E-05    -0.30146E-03     0.00000E+00     0.00000E+00     0.41251E-02     0.44267E-02
     0.18633E+01     0.44572E-02    -0.10808E-02     0.18200E-02     0.00000E+00     0.00000E+00    -0.13915E-03    -0.90729E-05    -0.30910E-03     0.00000E+00     0.00000E+00     0.41608E-02     0.44701E-02
     0.18713E+01     0.45185E-02    -0.11213E-02     0.19365E-02     0.00000E+00     0.00000E+00    -0.19088E-03    -0.17516E-04    -0.31670E-03     0.00000E+00     0.00000E+00     0.41912E-02     0.45080E-02
     0.18791E+01     0.45744E-02    -0.11618E-02     0.20638E-02     0.00000E+00     0.00000E+00    -0.24840E-03    -0.30835E-04    -0.32414E-03     0.00000E+00     0.00000E+00     0.42142E-02     0.45385E-02
     0.18867E+01     0.46222E-02    -0.12016E-02     0.22007E-02     0.00000E+00     0.00000E+00    -0.30888E-03    -0.49842E-04    -0.33166E-03     0.00000E+00     0.00000E+00     0.42269E-02     0.45586E-02
     0.18942E+01     0.46582E-02    -0.12402E-02     0.23456E-02     0.00000E+00     0.00000E+00    -0.37116E-03    -0.75531E-04    -0.33858E-03     0.00000E+00     0.00000E+00     0.42260E-02     0.45647E-02
     0.19015E+01     0.46780E-02    -0.12773E-02     0.24964E-02     0.00000E+00     0.00000E+00    -0.43354E-03    -0.10845E-03    -0.34458E-03     0.00000E+00     0.00000E+00     0.42075E-02     0.45522E-02
     0.19087E+01     0.46763E-02    -0.13127E-02     0.26485E-02     0.00000E+00     0.00000E+00    -0.49251E-03    -0.14872E-03    -0.34902E-03     0.00000E+00     0.00000E+00     0.41669E-02     0.45159E-02
     0.19157E+01     0.46470E-02    -0.13451E-02     0.27953E-02     0.00000E+00     0.00000E+00    -0.54177E-03    -0.19795E-03    -0.35111E-03     0.00000E+00     0.00000E+00     0.40992E-02     0.44504E-02
     0.19225E+01     0.45836E-02    -0.13732E-02     0.29263E-02     0.00000E+00     0.00000E+00    -0.57202E-03    -0.25740E-03    -0.35084E-03     0.00000E+00     0.00000E+00     0.39986E-02     0.43495E-02
     0.19291E+01     0.44790E-02    -0.13950E-02     0.30277E-02     0.00000E+00     0.00000E+00    -0.57223E-03    -0.32797E-03    -0.34680E-03     0.00000E+00     0.00000E+00     0.38603E-02     0.42071E-02
     0.19355E+01     0.43253E-02    -0.14090E-02     0.30819E-02     0.00000E+00     0.00000E+00    -0.52959E-03    -0.40835E-03    -0.33816E-03     0.00000E+00     0.00000E+00     0.36789E-02     0.40171E-02
     0.19418E+01     0.41152E-02    -0.14134E-02     0.30686E-02     0.00000E+00     0.00000E+00    -0.43212E-03    -0.49411E-03    -0.32372E-03     0.00000E+00     0.00000E+00     0.34501E-02     0.37739E-02
     0.19479E+01     0.38419E-02    -0.14083E-02     0.29664E-02     0.00000E+00     0.00000E+00    -0.27399E-03    -0.57422E-03    -0.30243E-03     0.00000E+00     0.00000E+00     0.31713E-02     0.34737E-02
     0.19537E+01     0.35015E-02    -0.13953E-02     0.27585E-02     0.00000E+00     0.00000E+00    -0.60080E-04    -0.62952E-03    -0.27345E-03     0.00000E+00     0.00000E+00     0.28424E-02     0.31159E-02
     0.19594E+01     0.30946E-02    -0.13797E-02     0.24385E-02     0.00000E+00     0.00000E+00     0.18741E-03    -0.63076E-03    -0.23677E-03     0.00000E+00     0.00000E+00     0.24680E-02     0.27048E-02
     0.19650E+01     0.26292E-02    -0.13709E-02     0.20192E-02     0.00000E+00     0.00000E+00     0.42492E-03    -0.54098E-03    -0.19299E-03     0.00000E+00     0.00000E+00     0.20588E-02     0.22518E-02
     0.19703E+01     0.21226E-02    -0.13811E-02     0.15365E-02     0.00000E+00     0.00000E+00     0.59296E-03    -0.32343E-03    -0.14444E-03     0.00000E+00     0.00000E+00     0.16323E-02     0.17767E-02
     0.19754E+01     0.16032E-02    -0.14211E-02     0.10476E-02     0.00000E+00     0.00000E+00     0.63681E-03     0.38019E-04    -0.95158E-04     0.00000E+00     0.00000E+00     0.12125E-02     0.13077E-02
     0.19803E+01     0.11079E-02    -0.14901E-02     0.61762E-03     0.00000E+00     0.00000E+00     0.53920E-03     0.51112E-03    -0.50365E-04     0.00000E+00     0.00000E+00     0.82733E-03     0.87770E-03
     0.19850E+01     0.67606E-03    -0.15742E-02     0.29777E-03     0.00000E+00     0.00000E+00     0.34852E-03     0.10046E-02    -0.15310E-04     0.00000E+00     0.00000E+00     0.50320E-03     0.51851E-03
     0.19896E+01     0.34042E-03    -0.16481E-02     0.10570E-03     0.00000E+00     0.00000E+00     0.15074E-03     0.14032E-02     0.65057E-05     0.00000E+00     0.00000E+00     0.25855E-03     0.25205E-03
     0.19939E+01     0.11887E-03    -0.16876E-02     0.21265E-04     0.00000E+00     0.00000E+00     0.43884E-04     0.16114E-02     0.13973E-04     0.00000E+00     0.00000E+00     0.98695E-04     0.84722E-04
     0.19980E+01     0.12690E-04    -0.17526E-02     0.68454E-06     0.00000E+00     0.00000E+00    -0.27516E-04     0.18588E-02     0.86558E-05     0.00000E+00     0.00000E+00     0.17379E-04     0.87233E-05
