     0.20039E-02     0.20091E-07    -0.70032E-03     0.00000E+00     0.15546E-07     0.23824E-01    -0.15754E-04    -0.40989E-04
     0.61156E-02     0.33331E-06    -0.65788E-03     0.00000E+00     0.48658E-06     0.23787E-01    -0.14777E-03    -0.21431E-03
     0.10434E-01     0.15938E-05    -0.62336E-03     0.00000E+00     0.24913E-05     0.23757E-01    -0.42790E-03    -0.53249E-03
     0.14956E-01     0.46732E-05    -0.59357E-03     0.00000E+00     0.74278E-05     0.23733E-01    -0.87076E-03    -0.10112E-02
     0.19680E-01     0.10525E-04    -0.56656E-03     0.00000E+00     0.16794E-04     0.23714E-01    -0.14820E-02    -0.16515E-02
     0.24604E-01     0.20003E-04    -0.54066E-03     0.00000E+00     0.31904E-04     0.23700E-01    -0.22518E-02    -0.24380E-02
     0.29725E-01     0.33689E-04    -0.51478E-03     0.00000E+00     0.53624E-04     0.23690E-01    -0.31527E-02    -0.33378E-02
     0.35041E-01     0.51788E-04    -0.48833E-03     0.00000E+00     0.82216E-04     0.23683E-01    -0.41419E-02    -0.43082E-02
     0.40551E-01     0.74115E-04    -0.46112E-03     0.00000E+00     0.11734E-03     0.23680E-01    -0.51679E-02    -0.52976E-02
     0.46252E-01     0.10016E-03    -0.43334E-03     0.00000E+00     0.15816E-03     0.23679E-01    -0.61792E-02    -0.62584E-02
     0.52141E-01     0.12921E-03    -0.40534E-03     0.00000E+00     0.20351E-03     0.23682E-01    -0.71307E-02    -0.71512E-02
     0.58216E-01     0.16045E-03    -0.37754E-03     0.00000E+00     0.25209E-03     0.23686E-01    -0.79884E-02    -0.79406E-02
     0.64476E-01     0.19306E-03    -0.35041E-03     0.00000E+00     0.30265E-03     0.23693E-01    -0.87304E-02    -0.86108E-02
     0.70917E-01     0.22632E-03    -0.32433E-03     0.00000E+00     0.35402E-03     0.23701E-01    -0.93462E-02    -0.91496E-02
     0.77539E-01     0.25959E-03    -0.29960E-03     0.00000E+00     0.40525E-03     0.23710E-01    -0.98344E-02    -0.95593E-02
     0.84338E-01     0.29240E-03    -0.27643E-03     0.00000E+00     0.45556E-03     0.23720E-01    -0.10200E-01    -0.98417E-02
     0.91312E-01     0.32435E-03    -0.25494E-03     0.00000E+00     0.50439E-03     0.23731E-01    -0.10454E-01    -0.10011E-01
     0.98459E-01     0.35521E-03    -0.23522E-03     0.00000E+00     0.55137E-03     0.23742E-01    -0.10608E-01    -0.10081E-01
     0.10578E+00     0.38481E-03    -0.21728E-03     0.00000E+00     0.59623E-03     0.23754E-01    -0.10675E-01    -0.10070E-01
     0.11326E+00     0.41303E-03    -0.20099E-03     0.00000E+00     0.63884E-03     0.23766E-01    -0.10670E-01    -0.99952E-02
     0.12092E+00     0.43984E-03    -0.18625E-03     0.00000E+00     0.67913E-03     0.23778E-01    -0.10606E-01    -0.98713E-02
     0.12873E+00     0.46522E-03    -0.17297E-03     0.00000E+00     0.71710E-03     0.23790E-01    -0.10493E-01    -0.97083E-02
     0.13671E+00     0.48919E-03    -0.16108E-03     0.00000E+00     0.75279E-03     0.23802E-01    -0.10342E-01    -0.95194E-02
     0.14485E+00     0.51180E-03    -0.15049E-03     0.00000E+00     0.78627E-03     0.23814E-01    -0.10163E-01    -0.93110E-02
     0.15315E+00     0.53309E-03    -0.14103E-03     0.00000E+00     0.81763E-03     0.23826E-01    -0.99622E-02    -0.90915E-02
     0.16160E+00     0.55315E-03    -0.13260E-03     0.00000E+00     0.84701E-03     0.23838E-01    -0.97460E-02    -0.88611E-02
     0.17021E+00     0.57206E-03    -0.12507E-03     0.00000E+00     0.87455E-03     0.23849E-01    -0.95196E-02    -0.86240E-02
     0.17896E+00     0.58991E-03    -0.11836E-03     0.00000E+00     0.90039E-03     0.23860E-01    -0.92872E-02    -0.83853E-02
     0.18787E+00     0.60679E-03    -0.11239E-03     0.00000E+00     0.92469E-03     0.23871E-01    -0.90526E-02    -0.81468E-02
     0.19692E+00     0.62278E-03    -0.10704E-03     0.00000E+00     0.94757E-03     0.23881E-01    -0.88190E-02    -0.79131E-02
     0.20611E+00     0.63792E-03    -0.10226E-03     0.00000E+00     0.96910E-03     0.23891E-01    -0.85886E-02    -0.76861E-02
     0.21545E+00     0.65227E-03    -0.97995E-04     0.00000E+00     0.98939E-03     0.23901E-01    -0.83632E-02    -0.74655E-02
     0.22493E+00     0.66588E-03    -0.94186E-04     0.00000E+00     0.10085E-02     0.23911E-01    -0.81440E-02    -0.72525E-02
     0.23454E+00     0.67881E-03    -0.90798E-04     0.00000E+00     0.10266E-02     0.23920E-01    -0.79320E-02    -0.70470E-02
     0.24429E+00     0.69111E-03    -0.87776E-04     0.00000E+00     0.10436E-02     0.23930E-01    -0.77278E-02    -0.68491E-02
     0.25418E+00     0.70283E-03    -0.85060E-04     0.00000E+00     0.10597E-02     0.23938E-01    -0.75319E-02    -0.66612E-02
     0.26419E+00     0.71402E-03    -0.82627E-04     0.00000E+00     0.10750E-02     0.23947E-01    -0.73444E-02    -0.64825E-02
     0.27434E+00     0.72473E-03    -0.80454E-04     0.00000E+00     0.10895E-02     0.23955E-01    -0.71653E-02    -0.63123E-02
     0.28460E+00     0.73499E-03    -0.78501E-04     0.00000E+00     0.11034E-02     0.23964E-01    -0.69943E-02    -0.61509E-02
     0.29500E+00     0.74482E-03    -0.76745E-04     0.00000E+00     0.11165E-02     0.23971E-01    -0.68312E-02    -0.59953E-02
     0.30551E+00     0.75421E-03    -0.75192E-04     0.00000E+00     0.11290E-02     0.23979E-01    -0.66753E-02    -0.58430E-02
     0.31615E+00     0.76314E-03    -0.73828E-04     0.00000E+00     0.11407E-02     0.23986E-01    -0.65260E-02    -0.56918E-02
     0.32690E+00     0.77162E-03    -0.72656E-04     0.00000E+00     0.11517E-02     0.23994E-01    -0.63826E-02    -0.55411E-02
     0.33777E+00     0.77965E-03    -0.71640E-04     0.00000E+00     0.11621E-02     0.24001E-01    -0.62444E-02    -0.53909E-02
     0.34875E+00     0.78728E-03    -0.70750E-04     0.00000E+00     0.11717E-02     0.24007E-01    -0.61105E-02    -0.52411E-02
     0.35985E+00     0.79456E-03    -0.69965E-04     0.00000E+00     0.11809E-02     0.24014E-01    -0.59808E-02    -0.50945E-02
     0.37105E+00     0.80156E-03    -0.69259E-04     0.00000E+00     0.11896E-02     0.24020E-01    -0.58551E-02    -0.49542E-02
     0.38236E+00     0.80832E-03    -0.68624E-04     0.00000E+00     0.11980E-02     0.24027E-01    -0.57332E-02    -0.48200E-02
     0.39377E+00     0.81490E-03    -0.68031E-04     0.00000E+00     0.12060E-02     0.24033E-01    -0.56150E-02    -0.46917E-02
     0.40528E+00     0.82133E-03    -0.67485E-04     0.00000E+00     0.12138E-02     0.24039E-01    -0.55006E-02    -0.45693E-02
     0.41690E+00     0.82762E-03    -0.66985E-04     0.00000E+00     0.12214E-02     0.24044E-01    -0.53894E-02    -0.44508E-02
     0.42861E+00     0.83376E-03    -0.66521E-04     0.00000E+00     0.12287E-02     0.24050E-01    -0.52813E-02    -0.43375E-02
     0.44042E+00     0.83978E-03    -0.66101E-04     0.00000E+00     0.12358E-02     0.24056E-01    -0.51758E-02    -0.42292E-02
     0.45232E+00     0.84569E-03    -0.65717E-04     0.00000E+00     0.12427E-02     0.24061E-01    -0.50727E-02    -0.41256E-02
     0.46431E+00     0.85149E-03    -0.65372E-04     0.00000E+00     0.12494E-02     0.24066E-01    -0.49714E-02    -0.40256E-02
     0.47639E+00     0.85719E-03    -0.65086E-04     0.00000E+00     0.12560E-02     0.24072E-01    -0.48716E-02    -0.39290E-02
     0.48855E+00     0.86274E-03    -0.64864E-04     0.00000E+00     0.12623E-02     0.24077E-01    -0.47726E-02    -0.38334E-02
     0.50081E+00     0.86809E-03    -0.64702E-04     0.00000E+00     0.12682E-02     0.24081E-01    -0.46741E-02    -0.37394E-02
     0.51314E+00     0.87322E-03    -0.64614E-04     0.00000E+00     0.12738E-02     0.24086E-01    -0.45756E-02    -0.36462E-02
     0.52555E+00     0.87809E-03    -0.64582E-04     0.00000E+00     0.12790E-02     0.24091E-01    -0.44766E-02    -0.35555E-02
     0.53804E+00     0.88274E-03    -0.64595E-04     0.00000E+00     0.12839E-02     0.24095E-01    -0.43764E-02    -0.34673E-02
     0.55061E+00     0.88719E-03    -0.64664E-04     0.00000E+00     0.12884E-02     0.24100E-01    -0.42742E-02    -0.33796E-02
     0.56325E+00     0.89147E-03    -0.64772E-04     0.00000E+00     0.12926E-02     0.24104E-01    -0.41695E-02    -0.32921E-02
     0.57596E+00     0.89559E-03    -0.64918E-04     0.00000E+00     0.12965E-02     0.24109E-01    -0.40619E-02    -0.32031E-02
     0.58874E+00     0.89959E-03    -0.65098E-04     0.00000E+00     0.13003E-02     0.24113E-01    -0.39513E-02    -0.31118E-02
     0.60158E+00     0.90347E-03    -0.65310E-04     0.00000E+00     0.13038E-02     0.24117E-01    -0.38371E-02    -0.30160E-02
     0.61449E+00     0.90725E-03    -0.65575E-04     0.00000E+00     0.13072E-02     0.24121E-01    -0.37188E-02    -0.29144E-02
     0.62747E+00     0.91094E-03    -0.65878E-04     0.00000E+00     0.13104E-02     0.24125E-01    -0.35962E-02    -0.28064E-02
     0.64050E+00     0.91456E-03    -0.66202E-04     0.00000E+00     0.13135E-02     0.24129E-01    -0.34692E-02    -0.26924E-02
     0.65359E+00     0.91815E-03    -0.66564E-04     0.00000E+00     0.13165E-02     0.24133E-01    -0.33379E-02    -0.25747E-02
     0.66673E+00     0.92171E-03    -0.66950E-04     0.00000E+00     0.13194E-02     0.24137E-01    -0.32021E-02    -0.24539E-02
     0.67993E+00     0.92523E-03    -0.67353E-04     0.00000E+00     0.13222E-02     0.24140E-01    -0.30618E-02    -0.23302E-02
     0.69318E+00     0.92872E-03    -0.67782E-04     0.00000E+00     0.13249E-02     0.24144E-01    -0.29164E-02    -0.22043E-02
     0.70648E+00     0.93222E-03    -0.68224E-04     0.00000E+00     0.13277E-02     0.24148E-01    -0.27657E-02    -0.20769E-02
     0.71982E+00     0.93574E-03    -0.68648E-04     0.00000E+00     0.13304E-02     0.24152E-01    -0.26094E-02    -0.19483E-02
     0.73321E+00     0.93931E-03    -0.69056E-04     0.00000E+00     0.13331E-02     0.24156E-01    -0.24476E-02    -0.18188E-02
     0.74665E+00     0.94293E-03    -0.69433E-04     0.00000E+00     0.13359E-02     0.24160E-01    -0.22804E-02    -0.16888E-02
     0.76012E+00     0.94659E-03    -0.69779E-04     0.00000E+00     0.13387E-02     0.24164E-01    -0.21082E-02    -0.15591E-02
     0.77363E+00     0.95033E-03    -0.70170E-04     0.00000E+00     0.13416E-02     0.24168E-01    -0.19312E-02    -0.14289E-02
     0.78717E+00     0.95415E-03    -0.70549E-04     0.00000E+00     0.13446E-02     0.24172E-01    -0.17494E-02    -0.12979E-02
     0.80075E+00     0.95805E-03    -0.70920E-04     0.00000E+00     0.13476E-02     0.24176E-01    -0.15628E-02    -0.11647E-02
     0.81436E+00     0.96208E-03    -0.71270E-04     0.00000E+00     0.13508E-02     0.24180E-01    -0.13714E-02    -0.10293E-02
     0.82800E+00     0.96623E-03    -0.71538E-04     0.00000E+00     0.13541E-02     0.24185E-01    -0.11756E-02    -0.89175E-03
     0.84166E+00     0.97051E-03    -0.71726E-04     0.00000E+00     0.13576E-02     0.24189E-01    -0.97567E-03    -0.75162E-03
     0.85535E+00     0.97491E-03    -0.71853E-04     0.00000E+00     0.13613E-02     0.24194E-01    -0.77239E-03    -0.60845E-03
     0.86906E+00     0.97943E-03    -0.71937E-04     0.00000E+00     0.13651E-02     0.24198E-01    -0.56618E-03    -0.46259E-03
     0.88279E+00     0.98405E-03    -0.71967E-04     0.00000E+00     0.13690E-02     0.24203E-01    -0.35749E-03    -0.31507E-03
     0.89654E+00     0.98877E-03    -0.71948E-04     0.00000E+00     0.13730E-02     0.24208E-01    -0.14701E-03    -0.16673E-03
     0.91031E+00     0.99360E-03    -0.71888E-04     0.00000E+00     0.13771E-02     0.24213E-01     0.64582E-04    -0.18531E-04
     0.92408E+00     0.99853E-03    -0.71792E-04     0.00000E+00     0.13814E-02     0.24218E-01     0.27680E-03     0.12905E-03
     0.93787E+00     0.10036E-02    -0.71669E-04     0.00000E+00     0.13858E-02     0.24223E-01     0.48916E-03     0.27465E-03
     0.95167E+00     0.10087E-02    -0.71527E-04     0.00000E+00     0.13903E-02     0.24228E-01     0.70111E-03     0.41670E-03
     0.96547E+00     0.10139E-02    -0.71391E-04     0.00000E+00     0.13949E-02     0.24233E-01     0.91202E-03     0.55438E-03
     0.97928E+00     0.10192E-02    -0.71268E-04     0.00000E+00     0.13996E-02     0.24238E-01     0.11214E-02     0.68764E-03
     0.99309E+00     0.10245E-02    -0.71131E-04     0.00000E+00     0.14043E-02     0.24244E-01     0.13286E-02     0.81631E-03
     0.10069E+01     0.10299E-02    -0.70984E-04     0.00000E+00     0.14092E-02     0.24249E-01     0.15332E-02     0.94022E-03
     0.10207E+01     0.10355E-02    -0.70813E-04     0.00000E+00     0.14142E-02     0.24254E-01     0.17344E-02     0.10599E-02
     0.10345E+01     0.10411E-02    -0.70600E-04     0.00000E+00     0.14194E-02     0.24260E-01     0.19315E-02     0.11757E-02
     0.10483E+01     0.10469E-02    -0.70347E-04     0.00000E+00     0.14247E-02     0.24265E-01     0.21237E-02     0.12880E-02
     0.10621E+01     0.10527E-02    -0.70097E-04     0.00000E+00     0.14302E-02     0.24271E-01     0.23104E-02     0.13962E-02
     0.10759E+01     0.10587E-02    -0.69854E-04     0.00000E+00     0.14357E-02     0.24277E-01     0.24913E-02     0.14997E-02
     0.10897E+01     0.10647E-02    -0.69584E-04     0.00000E+00     0.14414E-02     0.24282E-01     0.26660E-02     0.15980E-02
     0.11035E+01     0.10708E-02    -0.69279E-04     0.00000E+00     0.14471E-02     0.24288E-01     0.28346E-02     0.16919E-02
     0.11172E+01     0.10769E-02    -0.68954E-04     0.00000E+00     0.14529E-02     0.24294E-01     0.29971E-02     0.17807E-02
     0.11309E+01     0.10830E-02    -0.68612E-04     0.00000E+00     0.14586E-02     0.24299E-01     0.31533E-02     0.18646E-02
     0.11447E+01     0.10891E-02    -0.68245E-04     0.00000E+00     0.14643E-02     0.24305E-01     0.33031E-02     0.19441E-02
     0.11583E+01     0.10952E-02    -0.67848E-04     0.00000E+00     0.14701E-02     0.24311E-01     0.34465E-02     0.20192E-02
     0.11720E+01     0.11013E-02    -0.67426E-04     0.00000E+00     0.14759E-02     0.24317E-01     0.35833E-02     0.20897E-02
     0.11856E+01     0.11074E-02    -0.67001E-04     0.00000E+00     0.14817E-02     0.24322E-01     0.37134E-02     0.21560E-02
     0.11993E+01     0.11135E-02    -0.66575E-04     0.00000E+00     0.14875E-02     0.24328E-01     0.38370E-02     0.22185E-02
     0.12128E+01     0.11196E-02    -0.66148E-04     0.00000E+00     0.14933E-02     0.24334E-01     0.39545E-02     0.22781E-02
     0.12264E+01     0.11257E-02    -0.65720E-04     0.00000E+00     0.14991E-02     0.24339E-01     0.40664E-02     0.23354E-02
     0.12399E+01     0.11317E-02    -0.65296E-04     0.00000E+00     0.15047E-02     0.24345E-01     0.41731E-02     0.23904E-02
     0.12534E+01     0.11375E-02    -0.64894E-04     0.00000E+00     0.15102E-02     0.24351E-01     0.42749E-02     0.24433E-02
     0.12668E+01     0.11433E-02    -0.64530E-04     0.00000E+00     0.15155E-02     0.24356E-01     0.43726E-02     0.24947E-02
     0.12802E+01     0.11488E-02    -0.64179E-04     0.00000E+00     0.15206E-02     0.24361E-01     0.44667E-02     0.25435E-02
     0.12935E+01     0.11542E-02    -0.63846E-04     0.00000E+00     0.15254E-02     0.24367E-01     0.45579E-02     0.25893E-02
     0.13068E+01     0.11595E-02    -0.63571E-04     0.00000E+00     0.15300E-02     0.24372E-01     0.46469E-02     0.26316E-02
     0.13201E+01     0.11645E-02    -0.63367E-04     0.00000E+00     0.15344E-02     0.24377E-01     0.47341E-02     0.26701E-02
     0.13333E+01     0.11695E-02    -0.63232E-04     0.00000E+00     0.15386E-02     0.24382E-01     0.48202E-02     0.27056E-02
     0.13464E+01     0.11743E-02    -0.63124E-04     0.00000E+00     0.15427E-02     0.24386E-01     0.49058E-02     0.27388E-02
     0.13595E+01     0.11790E-02    -0.63059E-04     0.00000E+00     0.15466E-02     0.24391E-01     0.49909E-02     0.27720E-02
     0.13725E+01     0.11836E-02    -0.63047E-04     0.00000E+00     0.15502E-02     0.24396E-01     0.50758E-02     0.28063E-02
     0.13855E+01     0.11881E-02    -0.63106E-04     0.00000E+00     0.15537E-02     0.24400E-01     0.51612E-02     0.28413E-02
     0.13984E+01     0.11924E-02    -0.63226E-04     0.00000E+00     0.15569E-02     0.24404E-01     0.52472E-02     0.28755E-02
     0.14113E+01     0.11965E-02    -0.63394E-04     0.00000E+00     0.15600E-02     0.24408E-01     0.53335E-02     0.29065E-02
     0.14240E+01     0.12005E-02    -0.63601E-04     0.00000E+00     0.15627E-02     0.24412E-01     0.54199E-02     0.29365E-02
     0.14368E+01     0.12042E-02    -0.63818E-04     0.00000E+00     0.15652E-02     0.24416E-01     0.55060E-02     0.29662E-02
     0.14494E+01     0.12078E-02    -0.64059E-04     0.00000E+00     0.15675E-02     0.24420E-01     0.55927E-02     0.29981E-02
     0.14620E+01     0.12112E-02    -0.64305E-04     0.00000E+00     0.15694E-02     0.24423E-01     0.56810E-02     0.30317E-02
     0.14744E+01     0.12143E-02    -0.64563E-04     0.00000E+00     0.15711E-02     0.24427E-01     0.57719E-02     0.30670E-02
     0.14869E+01     0.12172E-02    -0.64825E-04     0.00000E+00     0.15725E-02     0.24430E-01     0.58666E-02     0.31038E-02
     0.14992E+01     0.12200E-02    -0.65133E-04     0.00000E+00     0.15735E-02     0.24433E-01     0.59651E-02     0.31425E-02
     0.15114E+01     0.12224E-02    -0.65527E-04     0.00000E+00     0.15743E-02     0.24436E-01     0.60673E-02     0.31821E-02
     0.15236E+01     0.12247E-02    -0.65995E-04     0.00000E+00     0.15747E-02     0.24438E-01     0.61735E-02     0.32235E-02
     0.15357E+01     0.12268E-02    -0.66554E-04     0.00000E+00     0.15750E-02     0.24441E-01     0.62846E-02     0.32674E-02
     0.15477E+01     0.12288E-02    -0.67128E-04     0.00000E+00     0.15751E-02     0.24443E-01     0.64008E-02     0.33135E-02
     0.15596E+01     0.12307E-02    -0.67696E-04     0.00000E+00     0.15749E-02     0.24446E-01     0.65221E-02     0.33591E-02
     0.15714E+01     0.12322E-02    -0.68274E-04     0.00000E+00     0.15743E-02     0.24448E-01     0.66480E-02     0.34021E-02
     0.15831E+01     0.12334E-02    -0.68892E-04     0.00000E+00     0.15732E-02     0.24449E-01     0.67780E-02     0.34421E-02
     0.15947E+01     0.12341E-02    -0.69583E-04     0.00000E+00     0.15716E-02     0.24451E-01     0.69121E-02     0.34815E-02
     0.16062E+01     0.12346E-02    -0.70332E-04     0.00000E+00     0.15695E-02     0.24453E-01     0.70516E-02     0.35230E-02
     0.16176E+01     0.12347E-02    -0.71153E-04     0.00000E+00     0.15670E-02     0.24454E-01     0.71977E-02     0.35661E-02
     0.16290E+01     0.12345E-02    -0.72095E-04     0.00000E+00     0.15640E-02     0.24455E-01     0.73508E-02     0.36106E-02
     0.16402E+01     0.12339E-02    -0.73185E-04     0.00000E+00     0.15606E-02     0.24456E-01     0.75117E-02     0.36581E-02
     0.16512E+01     0.12332E-02    -0.74389E-04     0.00000E+00     0.15568E-02     0.24456E-01     0.76815E-02     0.37081E-02
     0.16622E+01     0.12321E-02    -0.75711E-04     0.00000E+00     0.15526E-02     0.24456E-01     0.78618E-02     0.37628E-02
     0.16731E+01     0.12307E-02    -0.77180E-04     0.00000E+00     0.15481E-02     0.24457E-01     0.80537E-02     0.38232E-02
     0.16839E+01     0.12291E-02    -0.78818E-04     0.00000E+00     0.15430E-02     0.24456E-01     0.82579E-02     0.38894E-02
     0.16945E+01     0.12271E-02    -0.80633E-04     0.00000E+00     0.15375E-02     0.24456E-01     0.84753E-02     0.39610E-02
     0.17050E+01     0.12247E-02    -0.82629E-04     0.00000E+00     0.15315E-02     0.24455E-01     0.87067E-02     0.40377E-02
     0.17154E+01     0.12218E-02    -0.84837E-04     0.00000E+00     0.15248E-02     0.24454E-01     0.89537E-02     0.41207E-02
     0.17257E+01     0.12184E-02    -0.87243E-04     0.00000E+00     0.15174E-02     0.24453E-01     0.92181E-02     0.42098E-02
     0.17358E+01     0.12146E-02    -0.89864E-04     0.00000E+00     0.15095E-02     0.24452E-01     0.95011E-02     0.43040E-02
     0.17458E+01     0.12102E-02    -0.92757E-04     0.00000E+00     0.15009E-02     0.24450E-01     0.98035E-02     0.44042E-02
     0.17557E+01     0.12054E-02    -0.95972E-04     0.00000E+00     0.14916E-02     0.24448E-01     0.10127E-01     0.45099E-02
     0.17655E+01     0.11999E-02    -0.99567E-04     0.00000E+00     0.14815E-02     0.24446E-01     0.10472E-01     0.46248E-02
     0.17751E+01     0.11936E-02    -0.10358E-03     0.00000E+00     0.14704E-02     0.24443E-01     0.10842E-01     0.47495E-02
     0.17845E+01     0.11866E-02    -0.10805E-03     0.00000E+00     0.14583E-02     0.24440E-01     0.11236E-01     0.48846E-02
     0.17939E+01     0.11786E-02    -0.11307E-03     0.00000E+00     0.14450E-02     0.24437E-01     0.11655E-01     0.50311E-02
     0.18031E+01     0.11696E-02    -0.11875E-03     0.00000E+00     0.14304E-02     0.24434E-01     0.12100E-01     0.51867E-02
     0.18121E+01     0.11594E-02    -0.12524E-03     0.00000E+00     0.14145E-02     0.24430E-01     0.12571E-01     0.53525E-02
     0.18210E+01     0.11481E-02    -0.13263E-03     0.00000E+00     0.13970E-02     0.24426E-01     0.13068E-01     0.55262E-02
     0.18298E+01     0.11354E-02    -0.14108E-03     0.00000E+00     0.13779E-02     0.24421E-01     0.13592E-01     0.57052E-02
     0.18384E+01     0.11210E-02    -0.15078E-03     0.00000E+00     0.13568E-02     0.24416E-01     0.14141E-01     0.58873E-02
     0.18468E+01     0.11048E-02    -0.16194E-03     0.00000E+00     0.13334E-02     0.24411E-01     0.14711E-01     0.60703E-02
     0.18551E+01     0.10865E-02    -0.17482E-03     0.00000E+00     0.13076E-02     0.24406E-01     0.15299E-01     0.62522E-02
     0.18633E+01     0.10657E-02    -0.18974E-03     0.00000E+00     0.12790E-02     0.24400E-01     0.15899E-01     0.64295E-02
     0.18713E+01     0.10423E-02    -0.20703E-03     0.00000E+00     0.12472E-02     0.24394E-01     0.16505E-01     0.65990E-02
     0.18791E+01     0.10159E-02    -0.22705E-03     0.00000E+00     0.12120E-02     0.24388E-01     0.17108E-01     0.67551E-02
     0.18867E+01     0.98623E-03    -0.25017E-03     0.00000E+00     0.11729E-02     0.24381E-01     0.17694E-01     0.68918E-02
     0.18942E+01     0.95279E-03    -0.27688E-03     0.00000E+00     0.11296E-02     0.24374E-01     0.18246E-01     0.70018E-02
     0.19015E+01     0.91513E-03    -0.30780E-03     0.00000E+00     0.10814E-02     0.24368E-01     0.18741E-01     0.70748E-02
     0.19087E+01     0.87275E-03    -0.34357E-03     0.00000E+00     0.10278E-02     0.24361E-01     0.19150E-01     0.71030E-02
     0.19157E+01     0.82512E-03    -0.38488E-03     0.00000E+00     0.96835E-03     0.24355E-01     0.19441E-01     0.70750E-02
     0.19225E+01     0.77176E-03    -0.43237E-03     0.00000E+00     0.90242E-03     0.24350E-01     0.19575E-01     0.69784E-02
     0.19291E+01     0.71227E-03    -0.48658E-03     0.00000E+00     0.82966E-03     0.24345E-01     0.19510E-01     0.68010E-02
     0.19355E+01     0.64649E-03    -0.54794E-03     0.00000E+00     0.74995E-03     0.24341E-01     0.19196E-01     0.65334E-02
     0.19418E+01     0.57463E-03    -0.61654E-03     0.00000E+00     0.66362E-03     0.24338E-01     0.18586E-01     0.61652E-02
     0.19479E+01     0.49744E-03    -0.69194E-03     0.00000E+00     0.57162E-03     0.24337E-01     0.17634E-01     0.56930E-02
     0.19537E+01     0.41643E-03    -0.77295E-03     0.00000E+00     0.47583E-03     0.24338E-01     0.16308E-01     0.51154E-02
     0.19594E+01     0.33407E-03    -0.85748E-03     0.00000E+00     0.37918E-03     0.24341E-01     0.14601E-01     0.44441E-02
     0.19650E+01     0.25373E-03    -0.94241E-03     0.00000E+00     0.28567E-03     0.24347E-01     0.12544E-01     0.37001E-02
     0.19703E+01     0.17951E-03    -0.10239E-02     0.00000E+00     0.20008E-03     0.24356E-01     0.10222E-01     0.29205E-02
     0.19754E+01     0.11567E-03    -0.10977E-02     0.00000E+00     0.12724E-03     0.24367E-01     0.77787E-02     0.21529E-02
     0.19803E+01     0.65660E-04    -0.11605E-02     0.00000E+00     0.70961E-04     0.24381E-01     0.54056E-02     0.14536E-02
     0.19850E+01     0.31132E-04    -0.12104E-02     0.00000E+00     0.32800E-04     0.24398E-01     0.33114E-02     0.87265E-03
     0.19896E+01     0.11175E-04    -0.12484E-02     0.00000E+00     0.11288E-04     0.24418E-01     0.16715E-02     0.44186E-03
     0.19939E+01     0.24202E-05    -0.12779E-02     0.00000E+00     0.22188E-05     0.24440E-01     0.58444E-03     0.16685E-03
     0.19980E+01     0.14971E-06    -0.13042E-02     0.00000E+00     0.69983E-07     0.24467E-01     0.62407E-04     0.29542E-04
