     0.20039E-02     0.14603E-02     0.20507E+00     0.71581E-01     0.15200E+00     0.21431E-02     0.30670E+00     0.10820E+00    -0.31678E-03     0.15801E-03     0.43012E-03    -0.31295E-05     0.10453E-03     0.30604E+02     0.99471E+00     0.24253E+01     0.30052E+02     0.84019E-01
     0.61156E-02     0.44204E-02     0.12924E+00     0.21351E+00     0.25043E+00     0.64967E-02     0.42361E+00     0.32726E+00    -0.16059E-02     0.14466E-02     0.18229E-02    -0.28718E-04     0.94378E-03     0.30095E+02     0.98426E+00     0.24407E+01     0.29688E+02     0.51985E-01
     0.10434E-01     0.74534E-02     0.11030E+00     0.35474E+00     0.35937E+00     0.10957E-01     0.56974E+00     0.55155E+00    -0.39058E-02     0.41109E-02     0.41676E-02    -0.81666E-04     0.26439E-02     0.29597E+02     0.97390E+00     0.24559E+01     0.29288E+02     0.44247E-01
     0.14956E-01     0.10561E-01     0.13409E+00     0.49531E+00     0.47406E+00     0.15526E-01     0.73489E+00     0.78102E+00    -0.73180E-02     0.82483E-02     0.76555E-02    -0.16397E-03     0.52306E-02     0.29108E+02     0.96358E+00     0.24711E+01     0.28873E+02     0.53902E-01
     0.19680E-01     0.13717E-01     0.17256E+00     0.63405E+00     0.59105E+00     0.20161E-01     0.91197E+00     0.10136E+01    -0.11864E-01     0.13904E-01     0.12380E-01    -0.27655E-03     0.86963E-02     0.28628E+02     0.95331E+00     0.24862E+01     0.28452E+02     0.68934E-01
     0.24604E-01     0.16872E-01     0.21255E+00     0.76891E+00     0.70712E+00     0.24787E-01     0.10950E+01     0.12457E+01    -0.17465E-01     0.21018E-01     0.18325E-01    -0.41821E-03     0.12972E-01     0.28157E+02     0.94309E+00     0.25012E+01     0.28028E+02     0.84162E-01
     0.29725E-01     0.19967E-01     0.24906E+00     0.89751E+00     0.81966E+00     0.29311E-01     0.12791E+01     0.14728E+01    -0.23954E-01     0.29407E-01     0.25375E-01    -0.58523E-03     0.17917E-01     0.27695E+02     0.93296E+00     0.25161E+01     0.27607E+02     0.97739E-01
     0.35041E-01     0.22939E-01     0.27997E+00     0.10176E+01     0.92669E+00     0.33642E-01     0.14608E+01     0.16903E+01    -0.31100E-01     0.38773E-01     0.33337E-01    -0.77171E-03     0.23338E-01     0.27247E+02     0.92296E+00     0.25308E+01     0.27191E+02     0.10895E+00
     0.40551E-01     0.25736E-01     0.30490E+00     0.11275E+01     0.10263E+01     0.37705E-01     0.16361E+01     0.18944E+01    -0.38616E-01     0.48755E-01     0.41932E-01    -0.97038E-03     0.29010E-01     0.26812E+02     0.91315E+00     0.25452E+01     0.26784E+02     0.11776E+00
     0.46252E-01     0.28322E-01     0.32414E+00     0.12260E+01     0.11171E+01     0.41444E-01     0.18018E+01     0.20824E+01    -0.46216E-01     0.58976E-01     0.50853E-01    -0.11738E-02     0.34713E-01     0.26394E+02     0.90359E+00     0.25592E+01     0.26389E+02     0.12434E+00
     0.52141E-01     0.30673E-01     0.33851E+00     0.13128E+01     0.11985E+01     0.44829E-01     0.19556E+01     0.22526E+01    -0.53642E-01     0.69095E-01     0.59809E-01    -0.13750E-02     0.40256E-01     0.25993E+02     0.89433E+00     0.25727E+01     0.26008E+02     0.12906E+00
     0.58216E-01     0.32783E-01     0.34848E+00     0.13882E+01     0.12702E+01     0.47851E-01     0.20964E+01     0.24047E+01    -0.60696E-01     0.78834E-01     0.68551E-01    -0.15687E-02     0.45492E-01     0.25612E+02     0.88542E+00     0.25857E+01     0.25642E+02     0.13215E+00
     0.64476E-01     0.34656E-01     0.35475E+00     0.14526E+01     0.13327E+01     0.50517E-01     0.22238E+01     0.25390E+01    -0.67237E-01     0.87993E-01     0.76892E-01    -0.17507E-02     0.50321E-01     0.25251E+02     0.87688E+00     0.25982E+01     0.25292E+02     0.13389E+00
     0.70917E-01     0.36304E-01     0.35837E+00     0.15070E+01     0.13863E+01     0.52847E-01     0.23376E+01     0.26565E+01    -0.73173E-01     0.96439E-01     0.84686E-01    -0.19185E-02     0.54685E-01     0.24910E+02     0.86873E+00     0.26101E+01     0.24959E+02     0.13468E+00
     0.77539E-01     0.37742E-01     0.35969E+00     0.15523E+01     0.14318E+01     0.54864E-01     0.24385E+01     0.27583E+01    -0.78467E-01     0.10410E+00     0.91856E-01    -0.20706E-02     0.58560E-01     0.24589E+02     0.86099E+00     0.26213E+01     0.24645E+02     0.13467E+00
     0.84338E-01     0.38990E-01     0.35974E+00     0.15897E+01     0.14699E+01     0.56598E-01     0.25270E+01     0.28460E+01    -0.83105E-01     0.11096E+00     0.98344E-01    -0.22067E-02     0.61950E-01     0.24287E+02     0.85365E+00     0.26320E+01     0.24347E+02     0.13424E+00
     0.91312E-01     0.40067E-01     0.35877E+00     0.16201E+01     0.15015E+01     0.58080E-01     0.26041E+01     0.29211E+01    -0.87114E-01     0.11704E+00     0.10415E+00    -0.23270E-02     0.64876E-01     0.24004E+02     0.84671E+00     0.26421E+01     0.24067E+02     0.13347E+00
     0.98459E-01     0.40994E-01     0.35700E+00     0.16445E+01     0.15274E+01     0.59339E-01     0.26711E+01     0.29852E+01    -0.90540E-01     0.12237E+00     0.10931E+00    -0.24324E-02     0.67376E-01     0.23739E+02     0.84014E+00     0.26516E+01     0.23803E+02     0.13245E+00
     0.10578E+00     0.41790E-01     0.35459E+00     0.16639E+01     0.15484E+01     0.60405E-01     0.27292E+01     0.30396E+01    -0.93438E-01     0.12702E+00     0.11386E+00    -0.25242E-02     0.69491E-01     0.23490E+02     0.83394E+00     0.26606E+01     0.23555E+02     0.13123E+00
     0.11326E+00     0.42473E-01     0.35163E+00     0.16790E+01     0.15654E+01     0.61304E-01     0.27797E+01     0.30858E+01    -0.95868E-01     0.13106E+00     0.11786E+00    -0.26037E-02     0.71266E-01     0.23256E+02     0.82807E+00     0.26690E+01     0.23321E+02     0.12984E+00
     0.12092E+00     0.43059E-01     0.34846E+00     0.16905E+01     0.15788E+01     0.62060E-01     0.28232E+01     0.31249E+01    -0.97884E-01     0.13455E+00     0.12137E+00    -0.26722E-02     0.72743E-01     0.23037E+02     0.82252E+00     0.26771E+01     0.23100E+02     0.12840E+00
     0.12873E+00     0.43564E-01     0.34526E+00     0.16991E+01     0.15892E+01     0.62696E-01     0.28608E+01     0.31580E+01    -0.99542E-01     0.13757E+00     0.12442E+00    -0.27311E-02     0.73967E-01     0.22830E+02     0.81726E+00     0.26846E+01     0.22892E+02     0.12698E+00
     0.13671E+00     0.44000E-01     0.34208E+00     0.17053E+01     0.15972E+01     0.63232E-01     0.28933E+01     0.31863E+01    -0.10090E+00     0.14019E+00     0.12710E+00    -0.27820E-02     0.74978E-01     0.22635E+02     0.81227E+00     0.26918E+01     0.22695E+02     0.12557E+00
     0.14485E+00     0.44379E-01     0.33865E+00     0.17096E+01     0.16034E+01     0.63684E-01     0.29219E+01     0.32104E+01    -0.10201E+00     0.14247E+00     0.12946E+00    -0.28261E-02     0.75813E-01     0.22451E+02     0.80751E+00     0.26987E+01     0.22509E+02     0.12408E+00
     0.15315E+00     0.44712E-01     0.33525E+00     0.17123E+01     0.16079E+01     0.64068E-01     0.29470E+01     0.32312E+01    -0.10292E+00     0.14447E+00     0.13156E+00    -0.28644E-02     0.76503E-01     0.22276E+02     0.80298E+00     0.27052E+01     0.22332E+02     0.12262E+00
     0.16160E+00     0.45007E-01     0.33182E+00     0.17139E+01     0.16112E+01     0.64396E-01     0.29694E+01     0.32492E+01    -0.10366E+00     0.14624E+00     0.13344E+00    -0.28980E-02     0.77076E-01     0.22110E+02     0.79865E+00     0.27114E+01     0.22163E+02     0.12116E+00
     0.17021E+00     0.45272E-01     0.32852E+00     0.17145E+01     0.16135E+01     0.64678E-01     0.29893E+01     0.32651E+01    -0.10426E+00     0.14781E+00     0.13512E+00    -0.29278E-02     0.77554E-01     0.21951E+02     0.79449E+00     0.27173E+01     0.22002E+02     0.11975E+00
     0.17896E+00     0.45513E-01     0.32522E+00     0.17144E+01     0.16150E+01     0.64925E-01     0.30074E+01     0.32793E+01    -0.10475E+00     0.14924E+00     0.13666E+00    -0.29546E-02     0.77961E-01     0.21799E+02     0.79050E+00     0.27230E+01     0.21848E+02     0.11834E+00
     0.18787E+00     0.45736E-01     0.32193E+00     0.17138E+01     0.16160E+01     0.65146E-01     0.30241E+01     0.32922E+01    -0.10517E+00     0.15057E+00     0.13810E+00    -0.29792E-02     0.78317E-01     0.21654E+02     0.78665E+00     0.27285E+01     0.21701E+02     0.11695E+00
     0.19692E+00     0.45947E-01     0.31862E+00     0.17130E+01     0.16167E+01     0.65347E-01     0.30400E+01     0.33042E+01    -0.10554E+00     0.15181E+00     0.13947E+00    -0.30021E-02     0.78637E-01     0.21514E+02     0.78293E+00     0.27338E+01     0.21559E+02     0.11555E+00
     0.20611E+00     0.46150E-01     0.31542E+00     0.17120E+01     0.16172E+01     0.65535E-01     0.30551E+01     0.33157E+01    -0.10588E+00     0.15301E+00     0.14078E+00    -0.30240E-02     0.78936E-01     0.21379E+02     0.77932E+00     0.27390E+01     0.21422E+02     0.11420E+00
     0.21545E+00     0.46348E-01     0.31233E+00     0.17110E+01     0.16175E+01     0.65715E-01     0.30696E+01     0.33268E+01    -0.10619E+00     0.15418E+00     0.14206E+00    -0.30454E-02     0.79226E-01     0.21248E+02     0.77582E+00     0.27440E+01     0.21289E+02     0.11290E+00
     0.22493E+00     0.46546E-01     0.30942E+00     0.17100E+01     0.16179E+01     0.65892E-01     0.30839E+01     0.33379E+01    -0.10650E+00     0.15536E+00     0.14333E+00    -0.30665E-02     0.79517E-01     0.21121E+02     0.77240E+00     0.27488E+01     0.21161E+02     0.11166E+00
     0.23454E+00     0.46746E-01     0.30637E+00     0.17092E+01     0.16184E+01     0.66070E-01     0.30984E+01     0.33491E+01    -0.10683E+00     0.15655E+00     0.14463E+00    -0.30881E-02     0.79821E-01     0.20998E+02     0.76907E+00     0.27535E+01     0.21036E+02     0.11038E+00
     0.24429E+00     0.46952E-01     0.30364E+00     0.17087E+01     0.16191E+01     0.66254E-01     0.31129E+01     0.33607E+01    -0.10717E+00     0.15778E+00     0.14595E+00    -0.31102E-02     0.80146E-01     0.20878E+02     0.76581E+00     0.27582E+01     0.20914E+02     0.10921E+00
     0.25418E+00     0.47165E-01     0.30091E+00     0.17085E+01     0.16201E+01     0.66445E-01     0.31278E+01     0.33727E+01    -0.10755E+00     0.15906E+00     0.14732E+00    -0.31333E-02     0.80497E-01     0.20761E+02     0.76260E+00     0.27627E+01     0.20795E+02     0.10806E+00
     0.26419E+00     0.47386E-01     0.29839E+00     0.17087E+01     0.16214E+01     0.66647E-01     0.31431E+01     0.33854E+01    -0.10796E+00     0.16041E+00     0.14873E+00    -0.31575E-02     0.80881E-01     0.20647E+02     0.75946E+00     0.27671E+01     0.20679E+02     0.10698E+00
     0.27434E+00     0.47618E-01     0.29595E+00     0.17092E+01     0.16230E+01     0.66861E-01     0.31589E+01     0.33987E+01    -0.10841E+00     0.16183E+00     0.15022E+00    -0.31831E-02     0.81302E-01     0.20534E+02     0.75636E+00     0.27715E+01     0.20565E+02     0.10593E+00
     0.28460E+00     0.47861E-01     0.29354E+00     0.17102E+01     0.16250E+01     0.67088E-01     0.31755E+01     0.34129E+01    -0.10891E+00     0.16333E+00     0.15178E+00    -0.32102E-02     0.81762E-01     0.20424E+02     0.75330E+00     0.27758E+01     0.20453E+02     0.10490E+00
     0.29500E+00     0.48116E-01     0.29135E+00     0.17117E+01     0.16273E+01     0.67329E-01     0.31927E+01     0.34278E+01    -0.10947E+00     0.16492E+00     0.15342E+00    -0.32389E-02     0.82265E-01     0.20315E+02     0.75027E+00     0.27801E+01     0.20343E+02     0.10396E+00
     0.30551E+00     0.48384E-01     0.28930E+00     0.17135E+01     0.16301E+01     0.67584E-01     0.32106E+01     0.34436E+01    -0.11007E+00     0.16660E+00     0.15514E+00    -0.32692E-02     0.82811E-01     0.20208E+02     0.74728E+00     0.27843E+01     0.20235E+02     0.10307E+00
     0.31615E+00     0.48664E-01     0.28744E+00     0.17158E+01     0.16331E+01     0.67853E-01     0.32290E+01     0.34601E+01    -0.11071E+00     0.16837E+00     0.15694E+00    -0.33011E-02     0.83397E-01     0.20102E+02     0.74431E+00     0.27884E+01     0.20128E+02     0.10225E+00
     0.32690E+00     0.48956E-01     0.28552E+00     0.17184E+01     0.16366E+01     0.68135E-01     0.32482E+01     0.34775E+01    -0.11141E+00     0.17023E+00     0.15882E+00    -0.33347E-02     0.84024E-01     0.19997E+02     0.74135E+00     0.27925E+01     0.20022E+02     0.10141E+00
     0.33777E+00     0.49260E-01     0.28372E+00     0.17214E+01     0.16404E+01     0.68431E-01     0.32681E+01     0.34956E+01    -0.11215E+00     0.17218E+00     0.16079E+00    -0.33699E-02     0.84692E-01     0.19893E+02     0.73841E+00     0.27966E+01     0.19917E+02     0.10062E+00
     0.34875E+00     0.49576E-01     0.28194E+00     0.17248E+01     0.16445E+01     0.68739E-01     0.32888E+01     0.35145E+01    -0.11294E+00     0.17422E+00     0.16285E+00    -0.34067E-02     0.85400E-01     0.19790E+02     0.73548E+00     0.28007E+01     0.19813E+02     0.99837E-01
     0.35985E+00     0.49906E-01     0.28025E+00     0.17286E+01     0.16490E+01     0.69063E-01     0.33103E+01     0.35344E+01    -0.11379E+00     0.17637E+00     0.16501E+00    -0.34455E-02     0.86156E-01     0.19688E+02     0.73255E+00     0.28048E+01     0.19709E+02     0.99094E-01
     0.37105E+00     0.50252E-01     0.27876E+00     0.17329E+01     0.16540E+01     0.69405E-01     0.33326E+01     0.35552E+01    -0.11470E+00     0.17864E+00     0.16727E+00    -0.34865E-02     0.86966E-01     0.19586E+02     0.72963E+00     0.28089E+01     0.19607E+02     0.98418E-01
     0.38236E+00     0.50615E-01     0.27738E+00     0.17377E+01     0.16594E+01     0.69767E-01     0.33559E+01     0.35772E+01    -0.11567E+00     0.18105E+00     0.16967E+00    -0.35300E-02     0.87835E-01     0.19484E+02     0.72671E+00     0.28129E+01     0.19504E+02     0.97780E-01
     0.39377E+00     0.50996E-01     0.27612E+00     0.17430E+01     0.16653E+01     0.70149E-01     0.33803E+01     0.36004E+01    -0.11672E+00     0.18359E+00     0.17219E+00    -0.35760E-02     0.88766E-01     0.19383E+02     0.72378E+00     0.28170E+01     0.19402E+02     0.97193E-01
     0.40528E+00     0.51395E-01     0.27486E+00     0.17489E+01     0.16716E+01     0.70550E-01     0.34057E+01     0.36247E+01    -0.11783E+00     0.18628E+00     0.17484E+00    -0.36245E-02     0.89756E-01     0.19282E+02     0.72086E+00     0.28210E+01     0.19301E+02     0.96602E-01
     0.41690E+00     0.51810E-01     0.27364E+00     0.17551E+01     0.16784E+01     0.70968E-01     0.34321E+01     0.36500E+01    -0.11901E+00     0.18909E+00     0.17762E+00    -0.36753E-02     0.90802E-01     0.19182E+02     0.71793E+00     0.28250E+01     0.19200E+02     0.96039E-01
     0.42861E+00     0.52238E-01     0.27268E+00     0.17618E+01     0.16855E+01     0.71400E-01     0.34591E+01     0.36762E+01    -0.12025E+00     0.19202E+00     0.18050E+00    -0.37282E-02     0.91897E-01     0.19082E+02     0.71500E+00     0.28291E+01     0.19099E+02     0.95559E-01
     0.44042E+00     0.52680E-01     0.27167E+00     0.17688E+01     0.16929E+01     0.71846E-01     0.34871E+01     0.37032E+01    -0.12153E+00     0.19506E+00     0.18350E+00    -0.37831E-02     0.93041E-01     0.18982E+02     0.71206E+00     0.28331E+01     0.18999E+02     0.95072E-01
     0.45232E+00     0.53135E-01     0.27077E+00     0.17762E+01     0.17007E+01     0.72306E-01     0.35157E+01     0.37311E+01    -0.12287E+00     0.19823E+00     0.18661E+00    -0.38401E-02     0.94233E-01     0.18883E+02     0.70912E+00     0.28371E+01     0.18899E+02     0.94623E-01
     0.46431E+00     0.53602E-01     0.26997E+00     0.17839E+01     0.17088E+01     0.72777E-01     0.35450E+01     0.37597E+01    -0.12426E+00     0.20150E+00     0.18982E+00    -0.38990E-02     0.95471E-01     0.18783E+02     0.70617E+00     0.28411E+01     0.18799E+02     0.94218E-01
     0.47639E+00     0.54080E-01     0.26927E+00     0.17919E+01     0.17171E+01     0.73260E-01     0.35749E+01     0.37890E+01    -0.12570E+00     0.20488E+00     0.19314E+00    -0.39598E-02     0.96753E-01     0.18684E+02     0.70322E+00     0.28452E+01     0.18699E+02     0.93843E-01
     0.48855E+00     0.54570E-01     0.26870E+00     0.18002E+01     0.17257E+01     0.73753E-01     0.36054E+01     0.38190E+01    -0.12718E+00     0.20838E+00     0.19655E+00    -0.40225E-02     0.98079E-01     0.18585E+02     0.70025E+00     0.28492E+01     0.18600E+02     0.93529E-01
     0.50081E+00     0.55071E-01     0.26801E+00     0.18088E+01     0.17346E+01     0.74257E-01     0.36366E+01     0.38497E+01    -0.12871E+00     0.21198E+00     0.20008E+00    -0.40871E-02     0.99448E-01     0.18486E+02     0.69728E+00     0.28532E+01     0.18500E+02     0.93175E-01
     0.51314E+00     0.55584E-01     0.26756E+00     0.18176E+01     0.17436E+01     0.74771E-01     0.36683E+01     0.38811E+01    -0.13027E+00     0.21570E+00     0.20370E+00    -0.41536E-02     0.10086E+00     0.18387E+02     0.69429E+00     0.28573E+01     0.18401E+02     0.92903E-01
     0.52555E+00     0.56106E-01     0.26718E+00     0.18266E+01     0.17528E+01     0.75293E-01     0.37005E+01     0.39130E+01    -0.13188E+00     0.21951E+00     0.20742E+00    -0.42217E-02     0.10231E+00     0.18288E+02     0.69128E+00     0.28614E+01     0.18301E+02     0.92654E-01
     0.53804E+00     0.56635E-01     0.26691E+00     0.18358E+01     0.17622E+01     0.75819E-01     0.37330E+01     0.39453E+01    -0.13351E+00     0.22341E+00     0.21122E+00    -0.42913E-02     0.10379E+00     0.18189E+02     0.68826E+00     0.28654E+01     0.18201E+02     0.92451E-01
     0.55061E+00     0.57170E-01     0.26658E+00     0.18451E+01     0.17716E+01     0.76348E-01     0.37657E+01     0.39780E+01    -0.13516E+00     0.22739E+00     0.21509E+00    -0.43620E-02     0.10530E+00     0.18090E+02     0.68521E+00     0.28695E+01     0.18102E+02     0.92222E-01
     0.56325E+00     0.57711E-01     0.26629E+00     0.18544E+01     0.17811E+01     0.76879E-01     0.37987E+01     0.40109E+01    -0.13684E+00     0.23144E+00     0.21903E+00    -0.44337E-02     0.10683E+00     0.17990E+02     0.68214E+00     0.28736E+01     0.18001E+02     0.92012E-01
     0.57596E+00     0.58257E-01     0.26595E+00     0.18639E+01     0.17907E+01     0.77413E-01     0.38321E+01     0.40441E+01    -0.13853E+00     0.23556E+00     0.22305E+00    -0.45067E-02     0.10839E+00     0.17890E+02     0.67905E+00     0.28778E+01     0.17901E+02     0.91788E-01
     0.58874E+00     0.58811E-01     0.26577E+00     0.18734E+01     0.18004E+01     0.77951E-01     0.38657E+01     0.40777E+01    -0.14025E+00     0.23978E+00     0.22715E+00    -0.45810E-02     0.10998E+00     0.17789E+02     0.67594E+00     0.28819E+01     0.17800E+02     0.91624E-01
     0.60158E+00     0.59371E-01     0.26567E+00     0.18830E+01     0.18101E+01     0.78490E-01     0.38995E+01     0.41115E+01    -0.14198E+00     0.24407E+00     0.23131E+00    -0.46565E-02     0.11160E+00     0.17689E+02     0.67280E+00     0.28861E+01     0.17699E+02     0.91482E-01
     0.61449E+00     0.59934E-01     0.26557E+00     0.18926E+01     0.18197E+01     0.79027E-01     0.39333E+01     0.41455E+01    -0.14372E+00     0.24841E+00     0.23554E+00    -0.47327E-02     0.11323E+00     0.17587E+02     0.66963E+00     0.28903E+01     0.17598E+02     0.91342E-01
     0.62747E+00     0.60497E-01     0.26550E+00     0.19022E+01     0.18293E+01     0.79560E-01     0.39670E+01     0.41794E+01    -0.14545E+00     0.25280E+00     0.23979E+00    -0.48093E-02     0.11487E+00     0.17486E+02     0.66643E+00     0.28946E+01     0.17496E+02     0.91222E-01
     0.64050E+00     0.61061E-01     0.26539E+00     0.19116E+01     0.18388E+01     0.80088E-01     0.40008E+01     0.42132E+01    -0.14718E+00     0.25722E+00     0.24409E+00    -0.48862E-02     0.11652E+00     0.17383E+02     0.66320E+00     0.28988E+01     0.17393E+02     0.91088E-01
     0.65359E+00     0.61624E-01     0.26539E+00     0.19210E+01     0.18482E+01     0.80609E-01     0.40342E+01     0.42469E+01    -0.14889E+00     0.26167E+00     0.24840E+00    -0.49632E-02     0.11816E+00     0.17281E+02     0.65995E+00     0.29031E+01     0.17290E+02     0.90996E-01
     0.66673E+00     0.62183E-01     0.26545E+00     0.19301E+01     0.18573E+01     0.81119E-01     0.40673E+01     0.42802E+01    -0.15058E+00     0.26611E+00     0.25271E+00    -0.50399E-02     0.11980E+00     0.17177E+02     0.65666E+00     0.29075E+01     0.17187E+02     0.90927E-01
     0.67993E+00     0.62737E-01     0.26550E+00     0.19390E+01     0.18662E+01     0.81617E-01     0.40998E+01     0.43129E+01    -0.15223E+00     0.27054E+00     0.25700E+00    -0.51158E-02     0.12142E+00     0.17073E+02     0.65333E+00     0.29118E+01     0.17083E+02     0.90856E-01
     0.69318E+00     0.63284E-01     0.26567E+00     0.19475E+01     0.18747E+01     0.82099E-01     0.41317E+01     0.43451E+01    -0.15383E+00     0.27493E+00     0.26126E+00    -0.51907E-02     0.12302E+00     0.16969E+02     0.64998E+00     0.29162E+01     0.16978E+02     0.90825E-01
     0.70648E+00     0.63822E-01     0.26580E+00     0.19557E+01     0.18829E+01     0.82565E-01     0.41629E+01     0.43766E+01    -0.15538E+00     0.27928E+00     0.26547E+00    -0.52645E-02     0.12459E+00     0.16864E+02     0.64658E+00     0.29206E+01     0.16873E+02     0.90776E-01
     0.71982E+00     0.64350E-01     0.26590E+00     0.19635E+01     0.18908E+01     0.83013E-01     0.41933E+01     0.44073E+01    -0.15687E+00     0.28356E+00     0.26963E+00    -0.53366E-02     0.12612E+00     0.16758E+02     0.64316E+00     0.29251E+01     0.16767E+02     0.90718E-01
     0.73321E+00     0.64865E-01     0.26606E+00     0.19709E+01     0.18981E+01     0.83438E-01     0.42227E+01     0.44371E+01    -0.15829E+00     0.28776E+00     0.27370E+00    -0.54068E-02     0.12760E+00     0.16652E+02     0.63970E+00     0.29295E+01     0.16661E+02     0.90678E-01
     0.74665E+00     0.65365E-01     0.26612E+00     0.19777E+01     0.19049E+01     0.83838E-01     0.42511E+01     0.44657E+01    -0.15962E+00     0.29185E+00     0.27766E+00    -0.54745E-02     0.12903E+00     0.16546E+02     0.63621E+00     0.29341E+01     0.16555E+02     0.90612E-01
     0.76012E+00     0.65848E-01     0.26627E+00     0.19839E+01     0.19111E+01     0.84211E-01     0.42782E+01     0.44930E+01    -0.16086E+00     0.29581E+00     0.28150E+00    -0.55394E-02     0.13040E+00     0.16439E+02     0.63270E+00     0.29386E+01     0.16448E+02     0.90568E-01
     0.77363E+00     0.66314E-01     0.26640E+00     0.19895E+01     0.19168E+01     0.84555E-01     0.43039E+01     0.45191E+01    -0.16199E+00     0.29962E+00     0.28520E+00    -0.56012E-02     0.13169E+00     0.16331E+02     0.62915E+00     0.29431E+01     0.16341E+02     0.90516E-01
     0.78717E+00     0.66759E-01     0.26632E+00     0.19945E+01     0.19217E+01     0.84867E-01     0.43284E+01     0.45436E+01    -0.16301E+00     0.30327E+00     0.28874E+00    -0.56595E-02     0.13290E+00     0.16224E+02     0.62558E+00     0.29477E+01     0.16233E+02     0.90400E-01
     0.80075E+00     0.67182E-01     0.26630E+00     0.19987E+01     0.19260E+01     0.85144E-01     0.43511E+01     0.45665E+01    -0.16391E+00     0.30673E+00     0.29210E+00    -0.57137E-02     0.13403E+00     0.16115E+02     0.62198E+00     0.29523E+01     0.16125E+02     0.90304E-01
     0.81436E+00     0.67580E-01     0.26620E+00     0.20021E+01     0.19294E+01     0.85385E-01     0.43722E+01     0.45877E+01    -0.16467E+00     0.30998E+00     0.29525E+00    -0.57637E-02     0.13505E+00     0.16007E+02     0.61835E+00     0.29569E+01     0.16017E+02     0.90181E-01
     0.82800E+00     0.67954E-01     0.26602E+00     0.20047E+01     0.19321E+01     0.85589E-01     0.43915E+01     0.46070E+01    -0.16529E+00     0.31300E+00     0.29820E+00    -0.58092E-02     0.13597E+00     0.15898E+02     0.61470E+00     0.29615E+01     0.15908E+02     0.90030E-01
     0.84166E+00     0.68301E-01     0.26579E+00     0.20065E+01     0.19340E+01     0.85753E-01     0.44090E+01     0.46245E+01    -0.16577E+00     0.31580E+00     0.30092E+00    -0.58499E-02     0.13679E+00     0.15790E+02     0.61103E+00     0.29662E+01     0.15800E+02     0.89866E-01
     0.85535E+00     0.68619E-01     0.26563E+00     0.20074E+01     0.19350E+01     0.85877E-01     0.44245E+01     0.46400E+01    -0.16610E+00     0.31833E+00     0.30338E+00    -0.58855E-02     0.13749E+00     0.15681E+02     0.60734E+00     0.29708E+01     0.15691E+02     0.89714E-01
     0.86906E+00     0.68906E-01     0.26530E+00     0.20074E+01     0.19351E+01     0.85957E-01     0.44380E+01     0.46532E+01    -0.16627E+00     0.32057E+00     0.30558E+00    -0.59154E-02     0.13806E+00     0.15572E+02     0.60364E+00     0.29755E+01     0.15583E+02     0.89512E-01
     0.88279E+00     0.69158E-01     0.26493E+00     0.20064E+01     0.19343E+01     0.85990E-01     0.44491E+01     0.46641E+01    -0.16626E+00     0.32250E+00     0.30747E+00    -0.59391E-02     0.13850E+00     0.15464E+02     0.59994E+00     0.29801E+01     0.15475E+02     0.89298E-01
     0.89654E+00     0.69375E-01     0.26444E+00     0.20044E+01     0.19324E+01     0.85974E-01     0.44578E+01     0.46725E+01    -0.16607E+00     0.32409E+00     0.30903E+00    -0.59564E-02     0.13879E+00     0.15356E+02     0.59623E+00     0.29847E+01     0.15367E+02     0.89041E-01
     0.91031E+00     0.69555E-01     0.26397E+00     0.20013E+01     0.19295E+01     0.85910E-01     0.44641E+01     0.46785E+01    -0.16570E+00     0.32534E+00     0.31027E+00    -0.59672E-02     0.13894E+00     0.15248E+02     0.59252E+00     0.29893E+01     0.15260E+02     0.88787E-01
     0.92408E+00     0.69698E-01     0.26337E+00     0.19971E+01     0.19256E+01     0.85798E-01     0.44680E+01     0.46819E+01    -0.16515E+00     0.32625E+00     0.31119E+00    -0.59715E-02     0.13893E+00     0.15141E+02     0.58880E+00     0.29939E+01     0.15153E+02     0.88491E-01
     0.93787E+00     0.69805E-01     0.26286E+00     0.19920E+01     0.19207E+01     0.85635E-01     0.44693E+01     0.46828E+01    -0.16441E+00     0.32681E+00     0.31175E+00    -0.59690E-02     0.13878E+00     0.15035E+02     0.58509E+00     0.29985E+01     0.15047E+02     0.88225E-01
     0.95167E+00     0.69874E-01     0.26227E+00     0.19857E+01     0.19147E+01     0.85423E-01     0.44682E+01     0.46811E+01    -0.16349E+00     0.32701E+00     0.31198E+00    -0.59599E-02     0.13849E+00     0.14929E+02     0.58139E+00     0.30031E+01     0.14941E+02     0.87935E-01
     0.96547E+00     0.69904E-01     0.26173E+00     0.19784E+01     0.19076E+01     0.85161E-01     0.44644E+01     0.46768E+01    -0.16239E+00     0.32686E+00     0.31185E+00    -0.59440E-02     0.13804E+00     0.14824E+02     0.57769E+00     0.30076E+01     0.14836E+02     0.87662E-01
     0.97928E+00     0.69898E-01     0.26100E+00     0.19701E+01     0.18995E+01     0.84851E-01     0.44583E+01     0.46700E+01    -0.16111E+00     0.32636E+00     0.31140E+00    -0.59216E-02     0.13744E+00     0.14719E+02     0.57400E+00     0.30121E+01     0.14731E+02     0.87321E-01
     0.99309E+00     0.69858E-01     0.26020E+00     0.19608E+01     0.18906E+01     0.84495E-01     0.44500E+01     0.46609E+01    -0.15968E+00     0.32553E+00     0.31064E+00    -0.58931E-02     0.13671E+00     0.14615E+02     0.57031E+00     0.30166E+01     0.14627E+02     0.86957E-01
     0.10069E+01     0.69785E-01     0.25948E+00     0.19505E+01     0.18806E+01     0.84094E-01     0.44393E+01     0.46495E+01    -0.15809E+00     0.32439E+00     0.30957E+00    -0.58588E-02     0.13585E+00     0.14511E+02     0.56663E+00     0.30210E+01     0.14524E+02     0.86616E-01
     0.10207E+01     0.69679E-01     0.25879E+00     0.19394E+01     0.18698E+01     0.83649E-01     0.44264E+01     0.46358E+01    -0.15634E+00     0.32294E+00     0.30819E+00    -0.58186E-02     0.13487E+00     0.14408E+02     0.56296E+00     0.30255E+01     0.14421E+02     0.86278E-01
     0.10345E+01     0.69540E-01     0.25789E+00     0.19273E+01     0.18581E+01     0.83161E-01     0.44114E+01     0.46200E+01    -0.15446E+00     0.32120E+00     0.30654E+00    -0.57729E-02     0.13376E+00     0.14306E+02     0.55930E+00     0.30299E+01     0.14319E+02     0.85874E-01
     0.10483E+01     0.69372E-01     0.25707E+00     0.19144E+01     0.18456E+01     0.82634E-01     0.43944E+01     0.46021E+01    -0.15245E+00     0.31918E+00     0.30461E+00    -0.57221E-02     0.13255E+00     0.14205E+02     0.55565E+00     0.30342E+01     0.14218E+02     0.85490E-01
     0.10621E+01     0.69175E-01     0.25610E+00     0.19008E+01     0.18324E+01     0.82070E-01     0.43756E+01     0.45823E+01    -0.15032E+00     0.31690E+00     0.30245E+00    -0.56667E-02     0.13123E+00     0.14105E+02     0.55201E+00     0.30386E+01     0.14118E+02     0.85058E-01
     0.10759E+01     0.68952E-01     0.25523E+00     0.18865E+01     0.18184E+01     0.81471E-01     0.43549E+01     0.45607E+01    -0.14809E+00     0.31439E+00     0.30005E+00    -0.56068E-02     0.12982E+00     0.14005E+02     0.54840E+00     0.30429E+01     0.14019E+02     0.84664E-01
     0.10897E+01     0.68704E-01     0.25427E+00     0.18716E+01     0.18039E+01     0.80841E-01     0.43327E+01     0.45374E+01    -0.14577E+00     0.31167E+00     0.29745E+00    -0.55432E-02     0.12833E+00     0.13907E+02     0.54479E+00     0.30471E+01     0.13920E+02     0.84236E-01
     0.11035E+01     0.68436E-01     0.25337E+00     0.18561E+01     0.17888E+01     0.80183E-01     0.43091E+01     0.45128E+01    -0.14338E+00     0.30876E+00     0.29467E+00    -0.54762E-02     0.12677E+00     0.13809E+02     0.54121E+00     0.30513E+01     0.13823E+02     0.83828E-01
     0.11172E+01     0.68148E-01     0.25243E+00     0.18401E+01     0.17733E+01     0.79499E-01     0.42843E+01     0.44869E+01    -0.14092E+00     0.30570E+00     0.29173E+00    -0.54064E-02     0.12515E+00     0.13713E+02     0.53765E+00     0.30555E+01     0.13726E+02     0.83400E-01
     0.11309E+01     0.67843E-01     0.25141E+00     0.18238E+01     0.17574E+01     0.78793E-01     0.42583E+01     0.44597E+01    -0.13841E+00     0.30248E+00     0.28866E+00    -0.53340E-02     0.12348E+00     0.13617E+02     0.53410E+00     0.30596E+01     0.13631E+02     0.82942E-01
     0.11447E+01     0.67522E-01     0.25044E+00     0.18070E+01     0.17410E+01     0.78065E-01     0.42311E+01     0.44316E+01    -0.13586E+00     0.29915E+00     0.28546E+00    -0.52594E-02     0.12176E+00     0.13523E+02     0.53059E+00     0.30637E+01     0.13536E+02     0.82502E-01
     0.11583E+01     0.67187E-01     0.24939E+00     0.17899E+01     0.17244E+01     0.77320E-01     0.42032E+01     0.44025E+01    -0.13327E+00     0.29571E+00     0.28217E+00    -0.51831E-02     0.12002E+00     0.13429E+02     0.52709E+00     0.30677E+01     0.13443E+02     0.82039E-01
     0.11720E+01     0.66841E-01     0.24840E+00     0.17726E+01     0.17075E+01     0.76559E-01     0.41744E+01     0.43726E+01    -0.13067E+00     0.29219E+00     0.27879E+00    -0.51052E-02     0.11824E+00     0.13337E+02     0.52363E+00     0.30717E+01     0.13351E+02     0.81607E-01
     0.11856E+01     0.66484E-01     0.24733E+00     0.17551E+01     0.16905E+01     0.75785E-01     0.41451E+01     0.43420E+01    -0.12805E+00     0.28860E+00     0.27535E+00    -0.50263E-02     0.11644E+00     0.13246E+02     0.52019E+00     0.30756E+01     0.13260E+02     0.81137E-01
     0.11993E+01     0.66122E-01     0.24632E+00     0.17375E+01     0.16733E+01     0.75002E-01     0.41153E+01     0.43111E+01    -0.12544E+00     0.28498E+00     0.27188E+00    -0.49469E-02     0.11465E+00     0.13156E+02     0.51678E+00     0.30795E+01     0.13170E+02     0.80691E-01
     0.12128E+01     0.65756E-01     0.24531E+00     0.17198E+01     0.16561E+01     0.74215E-01     0.40853E+01     0.42800E+01    -0.12285E+00     0.28135E+00     0.26840E+00    -0.48675E-02     0.11285E+00     0.13068E+02     0.51340E+00     0.30833E+01     0.13081E+02     0.80247E-01
     0.12264E+01     0.65390E-01     0.24446E+00     0.17023E+01     0.16389E+01     0.73428E-01     0.40551E+01     0.42488E+01    -0.12029E+00     0.27775E+00     0.26493E+00    -0.47887E-02     0.11108E+00     0.12980E+02     0.51005E+00     0.30871E+01     0.12994E+02     0.79851E-01
     0.12399E+01     0.65026E-01     0.24345E+00     0.16849E+01     0.16220E+01     0.72643E-01     0.40253E+01     0.42179E+01    -0.11777E+00     0.27419E+00     0.26151E+00    -0.47108E-02     0.10933E+00     0.12894E+02     0.50673E+00     0.30908E+01     0.12908E+02     0.79403E-01
     0.12534E+01     0.64668E-01     0.24258E+00     0.16678E+01     0.16053E+01     0.71864E-01     0.39957E+01     0.41873E+01    -0.11530E+00     0.27070E+00     0.25816E+00    -0.46343E-02     0.10763E+00     0.12809E+02     0.50345E+00     0.30945E+01     0.12823E+02     0.79007E-01
     0.12668E+01     0.64317E-01     0.24163E+00     0.16510E+01     0.15889E+01     0.71096E-01     0.39667E+01     0.41573E+01    -0.11291E+00     0.26730E+00     0.25489E+00    -0.45596E-02     0.10597E+00     0.12726E+02     0.50019E+00     0.30981E+01     0.12739E+02     0.78582E-01
     0.12802E+01     0.63976E-01     0.24105E+00     0.16346E+01     0.15728E+01     0.70340E-01     0.39380E+01     0.41279E+01    -0.11057E+00     0.26401E+00     0.25170E+00    -0.44868E-02     0.10436E+00     0.12643E+02     0.49695E+00     0.31016E+01     0.12656E+02     0.78279E-01
     0.12935E+01     0.63645E-01     0.24036E+00     0.16186E+01     0.15571E+01     0.69596E-01     0.39102E+01     0.40993E+01    -0.10830E+00     0.26082E+00     0.24863E+00    -0.44160E-02     0.10280E+00     0.12561E+02     0.49375E+00     0.31051E+01     0.12574E+02     0.77940E-01
     0.13068E+01     0.63324E-01     0.23978E+00     0.16029E+01     0.15416E+01     0.68863E-01     0.38828E+01     0.40713E+01    -0.10610E+00     0.25773E+00     0.24564E+00    -0.43471E-02     0.10128E+00     0.12481E+02     0.49057E+00     0.31086E+01     0.12494E+02     0.77637E-01
     0.13201E+01     0.63012E-01     0.23913E+00     0.15875E+01     0.15266E+01     0.68142E-01     0.38562E+01     0.40440E+01    -0.10396E+00     0.25474E+00     0.24275E+00    -0.42801E-02     0.99823E-01     0.12402E+02     0.48742E+00     0.31120E+01     0.12414E+02     0.77319E-01
     0.13333E+01     0.62714E-01     0.23856E+00     0.15726E+01     0.15119E+01     0.67435E-01     0.38303E+01     0.40175E+01    -0.10189E+00     0.25187E+00     0.23997E+00    -0.42153E-02     0.98416E-01     0.12323E+02     0.48429E+00     0.31153E+01     0.12335E+02     0.77028E-01
     0.13464E+01     0.62430E-01     0.23811E+00     0.15582E+01     0.14977E+01     0.66742E-01     0.38053E+01     0.39920E+01    -0.99895E-01     0.24914E+00     0.23733E+00    -0.41528E-02     0.97070E-01     0.12246E+02     0.48117E+00     0.31187E+01     0.12257E+02     0.76779E-01
     0.13595E+01     0.62160E-01     0.23783E+00     0.15441E+01     0.14838E+01     0.66063E-01     0.37810E+01     0.39673E+01    -0.97959E-01     0.24653E+00     0.23479E+00    -0.40923E-02     0.95777E-01     0.12169E+02     0.47808E+00     0.31219E+01     0.12180E+02     0.76584E-01
     0.13725E+01     0.61901E-01     0.23754E+00     0.15303E+01     0.14703E+01     0.65393E-01     0.37574E+01     0.39434E+01    -0.96077E-01     0.24402E+00     0.23235E+00    -0.40336E-02     0.94530E-01     0.12093E+02     0.47500E+00     0.31252E+01     0.12104E+02     0.76386E-01
     0.13855E+01     0.61653E-01     0.23738E+00     0.15169E+01     0.14570E+01     0.64733E-01     0.37343E+01     0.39201E+01    -0.94245E-01     0.24160E+00     0.22999E+00    -0.39765E-02     0.93325E-01     0.12017E+02     0.47193E+00     0.31284E+01     0.12028E+02     0.76230E-01
     0.13984E+01     0.61413E-01     0.23713E+00     0.15038E+01     0.14440E+01     0.64081E-01     0.37119E+01     0.38974E+01    -0.92464E-01     0.23927E+00     0.22772E+00    -0.39207E-02     0.92158E-01     0.11943E+02     0.46887E+00     0.31316E+01     0.11953E+02     0.76050E-01
     0.14113E+01     0.61183E-01     0.23701E+00     0.14910E+01     0.14313E+01     0.63438E-01     0.36900E+01     0.38753E+01    -0.90730E-01     0.23702E+00     0.22552E+00    -0.38665E-02     0.91031E-01     0.11869E+02     0.46582E+00     0.31347E+01     0.11879E+02     0.75911E-01
     0.14240E+01     0.60964E-01     0.23700E+00     0.14785E+01     0.14190E+01     0.62807E-01     0.36688E+01     0.38539E+01    -0.89049E-01     0.23487E+00     0.22342E+00    -0.38139E-02     0.89948E-01     0.11795E+02     0.46278E+00     0.31378E+01     0.11805E+02     0.75817E-01
     0.14368E+01     0.60756E-01     0.23700E+00     0.14664E+01     0.14070E+01     0.62185E-01     0.36481E+01     0.38332E+01    -0.87417E-01     0.23281E+00     0.22140E+00    -0.37629E-02     0.88907E-01     0.11722E+02     0.45974E+00     0.31409E+01     0.11732E+02     0.75723E-01
     0.14494E+01     0.60560E-01     0.23712E+00     0.14546E+01     0.13953E+01     0.61574E-01     0.36282E+01     0.38133E+01    -0.85835E-01     0.23085E+00     0.21948E+00    -0.37135E-02     0.87909E-01     0.11649E+02     0.45671E+00     0.31440E+01     0.11659E+02     0.75667E-01
     0.14620E+01     0.60377E-01     0.23727E+00     0.14432E+01     0.13839E+01     0.60975E-01     0.36091E+01     0.37941E+01    -0.84306E-01     0.22900E+00     0.21766E+00    -0.36658E-02     0.86956E-01     0.11577E+02     0.45369E+00     0.31470E+01     0.11586E+02     0.75621E-01
     0.14744E+01     0.60207E-01     0.23750E+00     0.14322E+01     0.13729E+01     0.60387E-01     0.35907E+01     0.37759E+01    -0.82827E-01     0.22725E+00     0.21593E+00    -0.36198E-02     0.86050E-01     0.11506E+02     0.45067E+00     0.31500E+01     0.11514E+02     0.75601E-01
     0.14869E+01     0.60051E-01     0.23771E+00     0.14216E+01     0.13624E+01     0.59812E-01     0.35732E+01     0.37584E+01    -0.81402E-01     0.22562E+00     0.21432E+00    -0.35756E-02     0.85192E-01     0.11435E+02     0.44766E+00     0.31530E+01     0.11443E+02     0.75577E-01
     0.14992E+01     0.59909E-01     0.23805E+00     0.14114E+01     0.13521E+01     0.59248E-01     0.35563E+01     0.37418E+01    -0.80023E-01     0.22409E+00     0.21280E+00    -0.35331E-02     0.84377E-01     0.11364E+02     0.44465E+00     0.31559E+01     0.11372E+02     0.75589E-01
     0.15114E+01     0.59780E-01     0.23827E+00     0.14015E+01     0.13422E+01     0.58696E-01     0.35405E+01     0.37261E+01    -0.78696E-01     0.22266E+00     0.21139E+00    -0.34921E-02     0.83607E-01     0.11294E+02     0.44165E+00     0.31589E+01     0.11301E+02     0.75574E-01
     0.15236E+01     0.59668E-01     0.23868E+00     0.13920E+01     0.13328E+01     0.58156E-01     0.35254E+01     0.37113E+01    -0.77416E-01     0.22136E+00     0.21009E+00    -0.34530E-02     0.82887E-01     0.11224E+02     0.43865E+00     0.31618E+01     0.11231E+02     0.75616E-01
     0.15357E+01     0.59573E-01     0.23914E+00     0.13830E+01     0.13237E+01     0.57629E-01     0.35113E+01     0.36976E+01    -0.76187E-01     0.22019E+00     0.20892E+00    -0.34157E-02     0.82220E-01     0.11155E+02     0.43565E+00     0.31646E+01     0.11161E+02     0.75677E-01
     0.15477E+01     0.59499E-01     0.23974E+00     0.13745E+01     0.13150E+01     0.57116E-01     0.34982E+01     0.36851E+01    -0.75012E-01     0.21917E+00     0.20788E+00    -0.33806E-02     0.81611E-01     0.11086E+02     0.43264E+00     0.31675E+01     0.11092E+02     0.75785E-01
     0.15596E+01     0.59444E-01     0.24044E+00     0.13664E+01     0.13068E+01     0.56616E-01     0.34861E+01     0.36736E+01    -0.73885E-01     0.21829E+00     0.20696E+00    -0.33473E-02     0.81054E-01     0.11017E+02     0.42964E+00     0.31703E+01     0.11023E+02     0.75920E-01
     0.15714E+01     0.59402E-01     0.24119E+00     0.13586E+01     0.12988E+01     0.56124E-01     0.34747E+01     0.36630E+01    -0.72792E-01     0.21750E+00     0.20614E+00    -0.33152E-02     0.80535E-01     0.10949E+02     0.42662E+00     0.31731E+01     0.10954E+02     0.76077E-01
     0.15831E+01     0.59369E-01     0.24189E+00     0.13511E+01     0.12912E+01     0.55637E-01     0.34640E+01     0.36529E+01    -0.71729E-01     0.21678E+00     0.20539E+00    -0.32841E-02     0.80046E-01     0.10881E+02     0.42361E+00     0.31759E+01     0.10885E+02     0.76218E-01
     0.15947E+01     0.59349E-01     0.24266E+00     0.13439E+01     0.12838E+01     0.55157E-01     0.34539E+01     0.36435E+01    -0.70697E-01     0.21615E+00     0.20471E+00    -0.32540E-02     0.79590E-01     0.10813E+02     0.42060E+00     0.31787E+01     0.10817E+02     0.76385E-01
     0.16062E+01     0.59345E-01     0.24364E+00     0.13370E+01     0.12767E+01     0.54686E-01     0.34445E+01     0.36349E+01    -0.69698E-01     0.21562E+00     0.20414E+00    -0.32253E-02     0.79176E-01     0.10745E+02     0.41758E+00     0.31814E+01     0.10748E+02     0.76616E-01
     0.16176E+01     0.59357E-01     0.24466E+00     0.13305E+01     0.12699E+01     0.54222E-01     0.34360E+01     0.36274E+01    -0.68737E-01     0.21522E+00     0.20367E+00    -0.31979E-02     0.78806E-01     0.10677E+02     0.41455E+00     0.31842E+01     0.10680E+02     0.76856E-01
     0.16290E+01     0.59386E-01     0.24578E+00     0.13243E+01     0.12635E+01     0.53767E-01     0.34284E+01     0.36207E+01    -0.67809E-01     0.21493E+00     0.20331E+00    -0.31719E-02     0.78481E-01     0.10610E+02     0.41151E+00     0.31869E+01     0.10612E+02     0.77130E-01
     0.16402E+01     0.59434E-01     0.24695E+00     0.13185E+01     0.12575E+01     0.53321E-01     0.34216E+01     0.36151E+01    -0.66917E-01     0.21477E+00     0.20307E+00    -0.31474E-02     0.78202E-01     0.10543E+02     0.40846E+00     0.31896E+01     0.10544E+02     0.77422E-01
     0.16512E+01     0.59502E-01     0.24824E+00     0.13132E+01     0.12518E+01     0.52883E-01     0.34158E+01     0.36105E+01    -0.66059E-01     0.21474E+00     0.20296E+00    -0.31243E-02     0.77972E-01     0.10475E+02     0.40539E+00     0.31922E+01     0.10476E+02     0.77754E-01
     0.16622E+01     0.59588E-01     0.24970E+00     0.13082E+01     0.12464E+01     0.52453E-01     0.34110E+01     0.36070E+01    -0.65234E-01     0.21484E+00     0.20296E+00    -0.31025E-02     0.77789E-01     0.10408E+02     0.40230E+00     0.31949E+01     0.10408E+02     0.78135E-01
     0.16731E+01     0.59696E-01     0.25128E+00     0.13036E+01     0.12414E+01     0.52029E-01     0.34071E+01     0.36046E+01    -0.64439E-01     0.21508E+00     0.20309E+00    -0.30821E-02     0.77656E-01     0.10340E+02     0.39919E+00     0.31976E+01     0.10340E+02     0.78562E-01
     0.16839E+01     0.59827E-01     0.25295E+00     0.12994E+01     0.12368E+01     0.51611E-01     0.34043E+01     0.36034E+01    -0.63675E-01     0.21548E+00     0.20336E+00    -0.30631E-02     0.77577E-01     0.10273E+02     0.39604E+00     0.32003E+01     0.10271E+02     0.79012E-01
     0.16945E+01     0.59981E-01     0.25476E+00     0.12957E+01     0.12326E+01     0.51199E-01     0.34025E+01     0.36033E+01    -0.62939E-01     0.21603E+00     0.20377E+00    -0.30453E-02     0.77549E-01     0.10204E+02     0.39286E+00     0.32029E+01     0.10202E+02     0.79508E-01
     0.17050E+01     0.60156E-01     0.25660E+00     0.12923E+01     0.12287E+01     0.50790E-01     0.34017E+01     0.36043E+01    -0.62228E-01     0.21671E+00     0.20432E+00    -0.30287E-02     0.77570E-01     0.10136E+02     0.38965E+00     0.32056E+01     0.10133E+02     0.80013E-01
     0.17154E+01     0.60354E-01     0.25867E+00     0.12892E+01     0.12251E+01     0.50384E-01     0.34019E+01     0.36064E+01    -0.61540E-01     0.21756E+00     0.20500E+00    -0.30132E-02     0.77643E-01     0.10066E+02     0.38638E+00     0.32082E+01     0.10062E+02     0.80586E-01
     0.17257E+01     0.60577E-01     0.26082E+00     0.12866E+01     0.12219E+01     0.49981E-01     0.34032E+01     0.36098E+01    -0.60876E-01     0.21856E+00     0.20583E+00    -0.29989E-02     0.77772E-01     0.99966E+01     0.38307E+00     0.32109E+01     0.99915E+01     0.81192E-01
     0.17358E+01     0.60826E-01     0.26306E+00     0.12844E+01     0.12190E+01     0.49580E-01     0.34056E+01     0.36144E+01    -0.60234E-01     0.21974E+00     0.20682E+00    -0.29857E-02     0.77956E-01     0.99260E+01     0.37970E+00     0.32136E+01     0.99200E+01     0.81817E-01
     0.17458E+01     0.61101E-01     0.26530E+00     0.12826E+01     0.12166E+01     0.49180E-01     0.34093E+01     0.36203E+01    -0.59616E-01     0.22109E+00     0.20797E+00    -0.29736E-02     0.78199E-01     0.98546E+01     0.37628E+00     0.32163E+01     0.98476E+01     0.82448E-01
     0.17557E+01     0.61404E-01     0.26780E+00     0.12813E+01     0.12145E+01     0.48781E-01     0.34140E+01     0.36275E+01    -0.59015E-01     0.22263E+00     0.20929E+00    -0.29625E-02     0.78503E-01     0.97822E+01     0.37278E+00     0.32190E+01     0.97741E+01     0.83155E-01
     0.17655E+01     0.61736E-01     0.27037E+00     0.12803E+01     0.12128E+01     0.48379E-01     0.34199E+01     0.36361E+01    -0.58430E-01     0.22436E+00     0.21078E+00    -0.29523E-02     0.78867E-01     0.97086E+01     0.36921E+00     0.32217E+01     0.96994E+01     0.83891E-01
     0.17751E+01     0.62096E-01     0.27312E+00     0.12797E+01     0.12114E+01     0.47971E-01     0.34269E+01     0.36459E+01    -0.57850E-01     0.22627E+00     0.21244E+00    -0.29426E-02     0.79290E-01     0.96338E+01     0.36555E+00     0.32245E+01     0.96233E+01     0.84679E-01
     0.17845E+01     0.62483E-01     0.27587E+00     0.12794E+01     0.12103E+01     0.47551E-01     0.34349E+01     0.36567E+01    -0.57270E-01     0.22836E+00     0.21425E+00    -0.29330E-02     0.79764E-01     0.95574E+01     0.36179E+00     0.32273E+01     0.95458E+01     0.85467E-01
     0.17939E+01     0.62894E-01     0.27872E+00     0.12793E+01     0.12093E+01     0.47114E-01     0.34436E+01     0.36684E+01    -0.56675E-01     0.23059E+00     0.21620E+00    -0.29230E-02     0.80281E-01     0.94793E+01     0.35792E+00     0.32301E+01     0.94663E+01     0.86287E-01
     0.18031E+01     0.63328E-01     0.28173E+00     0.12794E+01     0.12084E+01     0.46655E-01     0.34528E+01     0.36810E+01    -0.56056E-01     0.23297E+00     0.21827E+00    -0.29121E-02     0.80838E-01     0.93992E+01     0.35392E+00     0.32329E+01     0.93848E+01     0.87156E-01
     0.18121E+01     0.63784E-01     0.28497E+00     0.12796E+01     0.12075E+01     0.46171E-01     0.34624E+01     0.36941E+01    -0.55406E-01     0.23549E+00     0.22046E+00    -0.29000E-02     0.81432E-01     0.93168E+01     0.34978E+00     0.32358E+01     0.93008E+01     0.88096E-01
     0.18210E+01     0.64262E-01     0.28823E+00     0.12798E+01     0.12067E+01     0.45654E-01     0.34725E+01     0.37078E+01    -0.54716E-01     0.23813E+00     0.22275E+00    -0.28860E-02     0.82054E-01     0.92317E+01     0.34548E+00     0.32388E+01     0.92142E+01     0.89043E-01
     0.18298E+01     0.64756E-01     0.29163E+00     0.12799E+01     0.12057E+01     0.45095E-01     0.34825E+01     0.37217E+01    -0.53966E-01     0.24085E+00     0.22511E+00    -0.28694E-02     0.82692E-01     0.91435E+01     0.34099E+00     0.32418E+01     0.91244E+01     0.90030E-01
     0.18384E+01     0.65262E-01     0.29513E+00     0.12798E+01     0.12044E+01     0.44485E-01     0.34920E+01     0.37353E+01    -0.53138E-01     0.24362E+00     0.22749E+00    -0.28491E-02     0.83329E-01     0.90517E+01     0.33629E+00     0.32449E+01     0.90310E+01     0.91048E-01
     0.18468E+01     0.65772E-01     0.29882E+00     0.12792E+01     0.12025E+01     0.43812E-01     0.35006E+01     0.37481E+01    -0.52207E-01     0.24636E+00     0.22982E+00    -0.28238E-02     0.83940E-01     0.89559E+01     0.33134E+00     0.32481E+01     0.89335E+01     0.92118E-01
     0.18551E+01     0.66276E-01     0.30261E+00     0.12779E+01     0.11999E+01     0.43060E-01     0.35075E+01     0.37595E+01    -0.51147E-01     0.24900E+00     0.23204E+00    -0.27921E-02     0.84497E-01     0.88554E+01     0.32610E+00     0.32514E+01     0.88312E+01     0.93214E-01
     0.18633E+01     0.66763E-01     0.30637E+00     0.12757E+01     0.11962E+01     0.42214E-01     0.35121E+01     0.37687E+01    -0.49931E-01     0.25144E+00     0.23405E+00    -0.27523E-02     0.84966E-01     0.87496E+01     0.32055E+00     0.32548E+01     0.87236E+01     0.94294E-01
     0.18713E+01     0.67220E-01     0.31003E+00     0.12721E+01     0.11913E+01     0.41260E-01     0.35136E+01     0.37749E+01    -0.48533E-01     0.25358E+00     0.23575E+00    -0.27028E-02     0.85310E-01     0.86376E+01     0.31462E+00     0.32583E+01     0.86100E+01     0.95339E-01
     0.18791E+01     0.67634E-01     0.31366E+00     0.12670E+01     0.11849E+01     0.40178E-01     0.35113E+01     0.37772E+01    -0.46923E-01     0.25529E+00     0.23705E+00    -0.26416E-02     0.85490E-01     0.85186E+01     0.30826E+00     0.32620E+01     0.84896E+01     0.96362E-01
     0.18867E+01     0.67987E-01     0.31740E+00     0.12599E+01     0.11763E+01     0.38946E-01     0.35035E+01     0.37744E+01    -0.45061E-01     0.25642E+00     0.23776E+00    -0.25665E-02     0.85451E-01     0.83917E+01     0.30142E+00     0.32658E+01     0.83612E+01     0.97414E-01
     0.18942E+01     0.68251E-01     0.32084E+00     0.12502E+01     0.11652E+01     0.37538E-01     0.34892E+01     0.37648E+01    -0.42914E-01     0.25676E+00     0.23771E+00    -0.24747E-02     0.85125E-01     0.82560E+01     0.29403E+00     0.32698E+01     0.82244E+01     0.98361E-01
     0.19015E+01     0.68396E-01     0.32407E+00     0.12373E+01     0.11510E+01     0.35926E-01     0.34665E+01     0.37466E+01    -0.40442E-01     0.25606E+00     0.23667E+00    -0.23635E-02     0.84428E-01     0.81105E+01     0.28602E+00     0.32739E+01     0.80783E+01     0.99226E-01
     0.19087E+01     0.68383E-01     0.32662E+00     0.12206E+01     0.11332E+01     0.34081E-01     0.34336E+01     0.37175E+01    -0.37615E-01     0.25402E+00     0.23439E+00    -0.22299E-02     0.83269E-01     0.79541E+01     0.27731E+00     0.32782E+01     0.79219E+01     0.99871E-01
     0.19157E+01     0.68169E-01     0.32825E+00     0.11991E+01     0.11110E+01     0.31975E-01     0.33884E+01     0.36751E+01    -0.34412E-01     0.25033E+00     0.23058E+00    -0.20716E-02     0.81550E-01     0.77855E+01     0.26780E+00     0.32826E+01     0.77541E+01     0.10021E+00
     0.19225E+01     0.67703E-01     0.32910E+00     0.11721E+01     0.10835E+01     0.29583E-01     0.33279E+01     0.36166E+01    -0.30822E-01     0.24466E+00     0.22492E+00    -0.18866E-02     0.79172E-01     0.76038E+01     0.25740E+00     0.32871E+01     0.75741E+01     0.10031E+00
     0.19291E+01     0.66925E-01     0.32846E+00     0.11387E+01     0.10501E+01     0.26888E-01     0.32500E+01     0.35388E+01    -0.26870E-01     0.23665E+00     0.21714E+00    -0.16743E-02     0.76035E-01     0.74080E+01     0.24600E+00     0.32916E+01     0.73812E+01     0.99929E-01
     0.19355E+01     0.65767E-01     0.32601E+00     0.10979E+01     0.10101E+01     0.23883E-01     0.31518E+01     0.34385E+01    -0.22605E-01     0.22596E+00     0.20694E+00    -0.14356E-02     0.72047E-01     0.71973E+01     0.23353E+00     0.32961E+01     0.71752E+01     0.98986E-01
     0.19418E+01     0.64150E-01     0.32103E+00     0.10487E+01     0.96270E+00     0.20587E-01     0.30304E+01     0.33118E+01    -0.18118E-01     0.21228E+00     0.19407E+00    -0.11740E-02     0.67132E-01     0.69713E+01     0.21988E+00     0.33004E+01     0.69560E+01     0.97271E-01
     0.19479E+01     0.61983E-01     0.31282E+00     0.99026E+00     0.90721E+00     0.17059E-01     0.28828E+01     0.31549E+01    -0.13551E-01     0.19540E+00     0.17838E+00    -0.89628E-03     0.61253E-01     0.67303E+01     0.20499E+00     0.33043E+01     0.67240E+01     0.94575E-01
     0.19537E+01     0.59174E-01     0.30042E+00     0.92169E+00     0.84319E+00     0.13429E-01     0.27068E+01     0.29643E+01    -0.90981E-02     0.17527E+00     0.15989E+00    -0.61346E-03     0.54433E-01     0.64752E+01     0.18883E+00     0.33077E+01     0.64805E+01     0.90627E-01
     0.19594E+01     0.55629E-01     0.28306E+00     0.84257E+00     0.77045E+00     0.99771E-02     0.25002E+01     0.27371E+01    -0.50004E-02     0.15215E+00     0.13883E+00    -0.34115E-03     0.46786E-01     0.62077E+01     0.17141E+00     0.33102E+01     0.62274E+01     0.85209E-01
     0.19650E+01     0.51275E-01     0.25981E+00     0.75302E+00     0.68946E+00     0.72997E-02     0.22633E+01     0.24721E+01    -0.15249E-02     0.12666E+00     0.11581E+00    -0.98867E-04     0.38546E-01     0.59310E+01     0.15282E+00     0.33115E+01     0.59678E+01     0.78053E-01
     0.19703E+01     0.46072E-01     0.23029E+00     0.65398E+00     0.60130E+00     0.63737E-02     0.19977E+01     0.21708E+01     0.10826E-02     0.99942E-01     0.91817E-01     0.92472E-04     0.30085E-01     0.56489E+01     0.13321E+00     0.33114E+01     0.57052E+01     0.69064E-01
     0.19754E+01     0.40041E-01     0.19522E+00     0.54752E+00     0.50793E+00     0.72795E-02     0.17083E+01     0.18382E+01     0.26578E-02     0.73556E-01     0.68203E-01     0.21495E-03     0.21895E-01     0.53663E+01     0.11283E+00     0.33094E+01     0.54440E+01     0.58467E-01
     0.19803E+01     0.33285E-01     0.15738E+00     0.43697E+00     0.41225E+00     0.86191E-02     0.14034E+01     0.14840E+01     0.31797E-02     0.49371E-01     0.46538E-01     0.25946E-03     0.14530E-01     0.50884E+01     0.91966E-01     0.33053E+01     0.51890E+01     0.47091E-01
     0.19850E+01     0.26001E-01     0.12306E+00     0.32670E+00     0.31789E+00     0.92579E-02     0.10942E+01     0.11222E+01     0.28220E-02     0.29166E-01     0.28305E-01     0.23225E-03     0.84886E-02     0.48202E+01     0.70949E-01     0.32989E+01     0.49453E+01     0.36808E-01
     0.19896E+01     0.18450E-01     0.10394E+00     0.22136E+00     0.22882E+00     0.86193E-02     0.79424E+00     0.76860E+00     0.19353E-02     0.14178E-01     0.14543E-01     0.15711E-03     0.40825E-02     0.45655E+01     0.50087E-01     0.32902E+01     0.47169E+01     0.31122E-01
     0.19939E+01     0.10903E-01     0.11122E+00     0.12476E+00     0.14851E+00     0.63160E-02     0.51588E+00     0.43714E+00     0.92344E-03     0.47656E-02     0.55516E-02     0.68694E-04     0.13601E-02     0.43268E+01     0.29627E-01     0.32793E+01     0.45091E+01     0.33514E-01
     0.19980E+01     0.35623E-02     0.15329E+00     0.38889E-01     0.83257E-01     0.25871E-02     0.28299E+00     0.13775E+00     0.20840E-03     0.49068E-03     0.97757E-03     0.92131E-05     0.13853E-03     0.41049E+01     0.97232E-02     0.32664E+01     0.43323E+01     0.46722E-01
