     0.20039E-02     0.31690E-04    -0.42858E-02     0.83046E-06     0.00000E+00     0.83395E-04    -0.29106E-04     0.42004E-02     0.00000E+00
     0.61156E-02     0.29196E-03    -0.40711E-02     0.25181E-04     0.00000E+00     0.16386E-03     0.41635E-04     0.38798E-02     0.00000E+00
     0.10434E-01     0.83025E-03    -0.39493E-02     0.12734E-03     0.00000E+00     0.22323E-03     0.15623E-03     0.35621E-02     0.00000E+00
     0.14956E-01     0.16600E-02    -0.38230E-02     0.37334E-03     0.00000E+00     0.24617E-03     0.42694E-03     0.30978E-02     0.00000E+00
     0.19680E-01     0.27789E-02    -0.36769E-02     0.82575E-03     0.00000E+00     0.25211E-03     0.81803E-03     0.24240E-02     0.00000E+00
     0.24604E-01     0.41591E-02    -0.35064E-02     0.15235E-02     0.00000E+00     0.24563E-03     0.12411E-02     0.15630E-02     0.00000E+00
     0.29725E-01     0.57442E-02    -0.33306E-02     0.24639E-02     0.00000E+00     0.23292E-03     0.15507E-02     0.61903E-03     0.00000E+00
     0.35041E-01     0.74538E-02    -0.31771E-02     0.35958E-02     0.00000E+00     0.21653E-03     0.16210E-02    -0.27267E-03     0.00000E+00
     0.40551E-01     0.91958E-02    -0.30666E-02     0.48280E-02     0.00000E+00     0.19790E-03     0.13946E-02    -0.99901E-03     0.00000E+00
     0.46252E-01     0.10880E-01    -0.30063E-02     0.60491E-02     0.00000E+00     0.17740E-03     0.89790E-03    -0.14991E-02     0.00000E+00
     0.52141E-01     0.12430E-01    -0.29898E-02     0.71518E-02     0.00000E+00     0.15509E-03     0.21957E-03    -0.17665E-02     0.00000E+00
     0.58216E-01     0.13791E-01    -0.30026E-02     0.80525E-02     0.00000E+00     0.13106E-03    -0.52628E-03    -0.18336E-02     0.00000E+00
     0.64476E-01     0.14929E-01    -0.30282E-02     0.87020E-02     0.00000E+00     0.10567E-03    -0.12333E-02    -0.17524E-02     0.00000E+00
     0.70917E-01     0.15833E-01    -0.30520E-02     0.90860E-02     0.00000E+00     0.79535E-04    -0.18232E-02    -0.15776E-02     0.00000E+00
     0.77539E-01     0.16506E-01    -0.30639E-02     0.92196E-02     0.00000E+00     0.53487E-04    -0.22531E-02    -0.13565E-02     0.00000E+00
     0.84338E-01     0.16966E-01    -0.30587E-02     0.91372E-02     0.00000E+00     0.28449E-04    -0.25122E-02    -0.11238E-02     0.00000E+00
     0.91312E-01     0.17235E-01    -0.30347E-02     0.88830E-02     0.00000E+00     0.53731E-05    -0.26133E-02    -0.90253E-03     0.00000E+00
     0.98459E-01     0.17339E-01    -0.29928E-02     0.85028E-02     0.00000E+00    -0.14926E-04    -0.25832E-02    -0.70500E-03     0.00000E+00
     0.10578E+00     0.17306E-01    -0.29354E-02     0.80387E-02     0.00000E+00    -0.31896E-04    -0.24545E-02    -0.53595E-03     0.00000E+00
     0.11326E+00     0.17159E-01    -0.28654E-02     0.75264E-02     0.00000E+00    -0.45258E-04    -0.22590E-02    -0.39524E-03     0.00000E+00
     0.12092E+00     0.16923E-01    -0.27856E-02     0.69943E-02     0.00000E+00    -0.54943E-04    -0.20241E-02    -0.28066E-03     0.00000E+00
     0.12873E+00     0.16618E-01    -0.26982E-02     0.64635E-02     0.00000E+00    -0.61064E-04    -0.17709E-02    -0.18938E-03     0.00000E+00
     0.13671E+00     0.16260E-01    -0.26054E-02     0.59489E-02     0.00000E+00    -0.63828E-04    -0.15156E-02    -0.11809E-03     0.00000E+00
     0.14485E+00     0.15867E-01    -0.25089E-02     0.54601E-02     0.00000E+00    -0.63511E-04    -0.12697E-02    -0.63505E-04     0.00000E+00
     0.15315E+00     0.15448E-01    -0.24101E-02     0.50029E-02     0.00000E+00    -0.60584E-04    -0.10397E-02    -0.22868E-04     0.00000E+00
     0.16160E+00     0.15016E-01    -0.23102E-02     0.45800E-02     0.00000E+00    -0.55541E-04    -0.82936E-03     0.62433E-05     0.00000E+00
     0.17021E+00     0.14577E-01    -0.22105E-02     0.41925E-02     0.00000E+00    -0.48888E-04    -0.64130E-03     0.26313E-04     0.00000E+00
     0.17896E+00     0.14137E-01    -0.21120E-02     0.38399E-02     0.00000E+00    -0.41197E-04    -0.47757E-03     0.39982E-04     0.00000E+00
     0.18787E+00     0.13702E-01    -0.20153E-02     0.35207E-02     0.00000E+00    -0.33004E-04    -0.33871E-03     0.49371E-04     0.00000E+00
     0.19692E+00     0.13274E-01    -0.19208E-02     0.32326E-02     0.00000E+00    -0.24715E-04    -0.22385E-03     0.55644E-04     0.00000E+00
     0.20611E+00     0.12857E-01    -0.18287E-02     0.29730E-02     0.00000E+00    -0.16679E-04    -0.13066E-03     0.59258E-04     0.00000E+00
     0.21545E+00     0.12452E-01    -0.17391E-02     0.27390E-02     0.00000E+00    -0.91719E-05    -0.55017E-04     0.60353E-04     0.00000E+00
     0.22493E+00     0.12062E-01    -0.16520E-02     0.25277E-02     0.00000E+00    -0.23782E-05     0.68870E-05     0.59314E-04     0.00000E+00
     0.23454E+00     0.11686E-01    -0.15681E-02     0.23365E-02     0.00000E+00     0.33467E-05     0.56710E-04     0.57493E-04     0.00000E+00
     0.24429E+00     0.11326E-01    -0.14881E-02     0.21631E-02     0.00000E+00     0.74562E-05     0.94722E-04     0.56346E-04     0.00000E+00
     0.25418E+00     0.10981E-01    -0.14118E-02     0.20060E-02     0.00000E+00     0.95743E-05     0.12304E-03     0.55424E-04     0.00000E+00
     0.26419E+00     0.10652E-01    -0.13390E-02     0.18635E-02     0.00000E+00     0.98265E-05     0.14641E-03     0.53006E-04     0.00000E+00
     0.27434E+00     0.10340E-01    -0.12697E-02     0.17345E-02     0.00000E+00     0.86151E-05     0.16809E-03     0.48825E-04     0.00000E+00
     0.28460E+00     0.10042E-01    -0.12042E-02     0.16177E-02     0.00000E+00     0.63377E-05     0.18790E-03     0.44088E-04     0.00000E+00
     0.29500E+00     0.97595E-02    -0.11424E-02     0.15118E-02     0.00000E+00     0.32618E-05     0.20506E-03     0.39419E-04     0.00000E+00
     0.30551E+00     0.94895E-02    -0.10839E-02     0.14155E-02     0.00000E+00    -0.35621E-06     0.21995E-03     0.34552E-04     0.00000E+00
     0.31615E+00     0.92312E-02    -0.10286E-02     0.13276E-02     0.00000E+00    -0.43064E-05     0.23354E-03     0.29365E-04     0.00000E+00
     0.32690E+00     0.89828E-02    -0.97686E-03     0.12476E-02     0.00000E+00    -0.84931E-05     0.24488E-03     0.25113E-04     0.00000E+00
     0.33777E+00     0.87430E-02    -0.92883E-03     0.11748E-02     0.00000E+00    -0.12757E-04     0.25151E-03     0.22624E-04     0.00000E+00
     0.34875E+00     0.85110E-02    -0.88403E-03     0.11083E-02     0.00000E+00    -0.16920E-04     0.25317E-03     0.21173E-04     0.00000E+00
     0.35985E+00     0.82865E-02    -0.84197E-03     0.10473E-02     0.00000E+00    -0.20952E-04     0.25150E-03     0.19840E-04     0.00000E+00
     0.37105E+00     0.80691E-02    -0.80214E-03     0.99084E-03     0.00000E+00    -0.24981E-04     0.24796E-03     0.17994E-04     0.00000E+00
     0.38236E+00     0.78583E-02    -0.76419E-03     0.93826E-03     0.00000E+00    -0.29110E-04     0.24394E-03     0.15481E-04     0.00000E+00
     0.39377E+00     0.76532E-02    -0.72823E-03     0.88899E-03     0.00000E+00    -0.33530E-04     0.24066E-03     0.13139E-04     0.00000E+00
     0.40528E+00     0.74529E-02    -0.69444E-03     0.84248E-03     0.00000E+00    -0.38439E-04     0.23852E-03     0.12016E-04     0.00000E+00
     0.41690E+00     0.72570E-02    -0.66258E-03     0.79813E-03     0.00000E+00    -0.43655E-04     0.23717E-03     0.11770E-04     0.00000E+00
     0.42861E+00     0.70656E-02    -0.63221E-03     0.75556E-03     0.00000E+00    -0.48892E-04     0.23617E-03     0.11293E-04     0.00000E+00
     0.44042E+00     0.68786E-02    -0.60330E-03     0.71477E-03     0.00000E+00    -0.54045E-04     0.23544E-03     0.10566E-04     0.00000E+00
     0.45232E+00     0.66958E-02    -0.57616E-03     0.67594E-03     0.00000E+00    -0.59085E-04     0.23417E-03     0.10432E-04     0.00000E+00
     0.46431E+00     0.65173E-02    -0.55066E-03     0.63911E-03     0.00000E+00    -0.63961E-04     0.23175E-03     0.10706E-04     0.00000E+00
     0.47639E+00     0.63434E-02    -0.52630E-03     0.60397E-03     0.00000E+00    -0.68539E-04     0.22983E-03     0.10244E-04     0.00000E+00
     0.48855E+00     0.61738E-02    -0.50308E-03     0.57022E-03     0.00000E+00    -0.72716E-04     0.22946E-03     0.93076E-05     0.00000E+00
     0.50081E+00     0.60084E-02    -0.48124E-03     0.53772E-03     0.00000E+00    -0.76371E-04     0.22920E-03     0.88380E-05     0.00000E+00
     0.51314E+00     0.58469E-02    -0.46073E-03     0.50640E-03     0.00000E+00    -0.79554E-04     0.22826E-03     0.87760E-05     0.00000E+00
     0.52555E+00     0.56895E-02    -0.44130E-03     0.47616E-03     0.00000E+00    -0.82506E-04     0.22698E-03     0.87662E-05     0.00000E+00
     0.53804E+00     0.55362E-02    -0.42281E-03     0.44691E-03     0.00000E+00    -0.85426E-04     0.22594E-03     0.84972E-05     0.00000E+00
     0.55061E+00     0.53870E-02    -0.40509E-03     0.41858E-03     0.00000E+00    -0.88381E-04     0.22620E-03     0.77054E-05     0.00000E+00
     0.56325E+00     0.52415E-02    -0.38819E-03     0.39108E-03     0.00000E+00    -0.91371E-04     0.22869E-03     0.65850E-05     0.00000E+00
     0.57596E+00     0.50993E-02    -0.37236E-03     0.36437E-03     0.00000E+00    -0.94346E-04     0.23353E-03     0.57495E-05     0.00000E+00
     0.58874E+00     0.49599E-02    -0.35767E-03     0.33842E-03     0.00000E+00    -0.97024E-04     0.23940E-03     0.56195E-05     0.00000E+00
     0.60158E+00     0.48233E-02    -0.34391E-03     0.31315E-03     0.00000E+00    -0.99115E-04     0.24427E-03     0.61879E-05     0.00000E+00
     0.61449E+00     0.46899E-02    -0.33077E-03     0.28852E-03     0.00000E+00    -0.10060E-03     0.24774E-03     0.66781E-05     0.00000E+00
     0.62747E+00     0.45601E-02    -0.31814E-03     0.26453E-03     0.00000E+00    -0.10147E-03     0.25088E-03     0.66970E-05     0.00000E+00
     0.64050E+00     0.44339E-02    -0.30621E-03     0.24124E-03     0.00000E+00    -0.10168E-03     0.25393E-03     0.67578E-05     0.00000E+00
     0.65359E+00     0.43116E-02    -0.29504E-03     0.21870E-03     0.00000E+00    -0.10139E-03     0.25664E-03     0.71592E-05     0.00000E+00
     0.66673E+00     0.41934E-02    -0.28453E-03     0.19701E-03     0.00000E+00    -0.10069E-03     0.25902E-03     0.77422E-05     0.00000E+00
     0.67993E+00     0.40798E-02    -0.27458E-03     0.17628E-03     0.00000E+00    -0.99587E-04     0.26127E-03     0.81026E-05     0.00000E+00
     0.69318E+00     0.39710E-02    -0.26520E-03     0.15660E-03     0.00000E+00    -0.98018E-04     0.26395E-03     0.80584E-05     0.00000E+00
     0.70648E+00     0.38672E-02    -0.25642E-03     0.13803E-03     0.00000E+00    -0.95985E-04     0.26736E-03     0.78229E-05     0.00000E+00
     0.71982E+00     0.37682E-02    -0.24828E-03     0.12060E-03     0.00000E+00    -0.93494E-04     0.27136E-03     0.77148E-05     0.00000E+00
     0.73321E+00     0.36741E-02    -0.24084E-03     0.10432E-03     0.00000E+00    -0.90456E-04     0.27507E-03     0.80858E-05     0.00000E+00
     0.74665E+00     0.35853E-02    -0.23405E-03     0.89136E-04     0.00000E+00    -0.86936E-04     0.27738E-03     0.89523E-05     0.00000E+00
     0.76012E+00     0.35023E-02    -0.22781E-03     0.75050E-04     0.00000E+00    -0.83151E-04     0.27849E-03     0.98296E-05     0.00000E+00
     0.77363E+00     0.34257E-02    -0.22204E-03     0.62087E-04     0.00000E+00    -0.79156E-04     0.27936E-03     0.10339E-04     0.00000E+00
     0.78717E+00     0.33560E-02    -0.21671E-03     0.50267E-04     0.00000E+00    -0.74959E-04     0.28054E-03     0.10411E-04     0.00000E+00
     0.80075E+00     0.32933E-02    -0.21186E-03     0.39605E-04     0.00000E+00    -0.70620E-04     0.28200E-03     0.10368E-04     0.00000E+00
     0.81436E+00     0.32377E-02    -0.20751E-03     0.30124E-04     0.00000E+00    -0.66243E-04     0.28331E-03     0.10434E-04     0.00000E+00
     0.82800E+00     0.31892E-02    -0.20365E-03     0.21864E-04     0.00000E+00    -0.61796E-04     0.28443E-03     0.10469E-04     0.00000E+00
     0.84166E+00     0.31479E-02    -0.20037E-03     0.14873E-04     0.00000E+00    -0.57114E-04     0.28549E-03     0.10464E-04     0.00000E+00
     0.85535E+00     0.31140E-02    -0.19777E-03     0.91979E-05     0.00000E+00    -0.52117E-04     0.28608E-03     0.10590E-04     0.00000E+00
     0.86906E+00     0.30874E-02    -0.19578E-03     0.48694E-05     0.00000E+00    -0.46793E-04     0.28588E-03     0.10839E-04     0.00000E+00
     0.88279E+00     0.30685E-02    -0.19423E-03     0.19051E-05     0.00000E+00    -0.41231E-04     0.28538E-03     0.10969E-04     0.00000E+00
     0.89654E+00     0.30573E-02    -0.19307E-03     0.30711E-06     0.00000E+00    -0.35623E-04     0.28488E-03     0.10844E-04     0.00000E+00
     0.91031E+00     0.30538E-02    -0.19242E-03     0.67298E-07     0.00000E+00    -0.30197E-04     0.28415E-03     0.10627E-04     0.00000E+00
     0.92408E+00     0.30578E-02    -0.19234E-03     0.11698E-05     0.00000E+00    -0.25068E-04     0.28293E-03     0.10517E-04     0.00000E+00
     0.93787E+00     0.30693E-02    -0.19285E-03     0.35898E-05     0.00000E+00    -0.20255E-04     0.28103E-03     0.10534E-04     0.00000E+00
     0.95167E+00     0.30884E-02    -0.19384E-03     0.73063E-05     0.00000E+00    -0.15740E-04     0.27836E-03     0.10521E-04     0.00000E+00
     0.96547E+00     0.31149E-02    -0.19526E-03     0.12309E-04     0.00000E+00    -0.11437E-04     0.27507E-03     0.10324E-04     0.00000E+00
     0.97928E+00     0.31488E-02    -0.19713E-03     0.18571E-04     0.00000E+00    -0.72281E-05     0.27160E-03     0.10087E-04     0.00000E+00
     0.99309E+00     0.31900E-02    -0.19950E-03     0.26024E-04     0.00000E+00    -0.29547E-05     0.26826E-03     0.99796E-05     0.00000E+00
     0.10069E+01     0.32383E-02    -0.20227E-03     0.34570E-04     0.00000E+00     0.14739E-05     0.26493E-03     0.98740E-05     0.00000E+00
     0.10207E+01     0.32936E-02    -0.20539E-03     0.44111E-04     0.00000E+00     0.60325E-05     0.26132E-03     0.95612E-05     0.00000E+00
     0.10345E+01     0.33557E-02    -0.20880E-03     0.54563E-04     0.00000E+00     0.10545E-04     0.25714E-03     0.89805E-05     0.00000E+00
     0.10483E+01     0.34242E-02    -0.21254E-03     0.65853E-04     0.00000E+00     0.14756E-04     0.25229E-03     0.83161E-05     0.00000E+00
     0.10621E+01     0.34987E-02    -0.21674E-03     0.77911E-04     0.00000E+00     0.18452E-04     0.24703E-03     0.78309E-05     0.00000E+00
     0.10759E+01     0.35787E-02    -0.22143E-03     0.90703E-04     0.00000E+00     0.21445E-04     0.24205E-03     0.74693E-05     0.00000E+00
     0.10897E+01     0.36639E-02    -0.22653E-03     0.10425E-03     0.00000E+00     0.23735E-04     0.23747E-03     0.69491E-05     0.00000E+00
     0.11035E+01     0.37540E-02    -0.23205E-03     0.11860E-03     0.00000E+00     0.25443E-04     0.23262E-03     0.63313E-05     0.00000E+00
     0.11172E+01     0.38484E-02    -0.23811E-03     0.13380E-03     0.00000E+00     0.26809E-04     0.22737E-03     0.59576E-05     0.00000E+00
     0.11309E+01     0.39470E-02    -0.24477E-03     0.14985E-03     0.00000E+00     0.27976E-04     0.22270E-03     0.57521E-05     0.00000E+00
     0.11447E+01     0.40494E-02    -0.25189E-03     0.16664E-03     0.00000E+00     0.28912E-04     0.21885E-03     0.52754E-05     0.00000E+00
     0.11583E+01     0.41553E-02    -0.25943E-03     0.18396E-03     0.00000E+00     0.29665E-04     0.21446E-03     0.45427E-05     0.00000E+00
     0.11720E+01     0.42642E-02    -0.26743E-03     0.20161E-03     0.00000E+00     0.30263E-04     0.20850E-03     0.39419E-05     0.00000E+00
     0.11856E+01     0.43756E-02    -0.27594E-03     0.21945E-03     0.00000E+00     0.30609E-04     0.20163E-03     0.36816E-05     0.00000E+00
     0.11993E+01     0.44894E-02    -0.28494E-03     0.23737E-03     0.00000E+00     0.30558E-04     0.19518E-03     0.37069E-05     0.00000E+00
     0.12128E+01     0.46055E-02    -0.29428E-03     0.25541E-03     0.00000E+00     0.30054E-04     0.18986E-03     0.36976E-05     0.00000E+00
     0.12264E+01     0.47238E-02    -0.30389E-03     0.27370E-03     0.00000E+00     0.29267E-04     0.18533E-03     0.33839E-05     0.00000E+00
     0.12399E+01     0.48441E-02    -0.31392E-03     0.29238E-03     0.00000E+00     0.28348E-04     0.18100E-03     0.29519E-05     0.00000E+00
     0.12534E+01     0.49661E-02    -0.32457E-03     0.31159E-03     0.00000E+00     0.27239E-04     0.17680E-03     0.26412E-05     0.00000E+00
     0.12668E+01     0.50894E-02    -0.33581E-03     0.33143E-03     0.00000E+00     0.25965E-04     0.17250E-03     0.22595E-05     0.00000E+00
     0.12802E+01     0.52139E-02    -0.34761E-03     0.35184E-03     0.00000E+00     0.24551E-04     0.16758E-03     0.18919E-05     0.00000E+00
     0.12935E+01     0.53393E-02    -0.36002E-03     0.37269E-03     0.00000E+00     0.22950E-04     0.16183E-03     0.17846E-05     0.00000E+00
     0.13068E+01     0.54653E-02    -0.37298E-03     0.39392E-03     0.00000E+00     0.21165E-04     0.15569E-03     0.19771E-05     0.00000E+00
     0.13201E+01     0.55922E-02    -0.38641E-03     0.41553E-03     0.00000E+00     0.19338E-04     0.15069E-03     0.24354E-05     0.00000E+00
     0.13333E+01     0.57201E-02    -0.40019E-03     0.43749E-03     0.00000E+00     0.17594E-04     0.14747E-03     0.26796E-05     0.00000E+00
     0.13464E+01     0.58492E-02    -0.41441E-03     0.45978E-03     0.00000E+00     0.16160E-04     0.14472E-03     0.25190E-05     0.00000E+00
     0.13595E+01     0.59794E-02    -0.42922E-03     0.48238E-03     0.00000E+00     0.15325E-04     0.14092E-03     0.20860E-05     0.00000E+00
     0.13725E+01     0.61104E-02    -0.44456E-03     0.50531E-03     0.00000E+00     0.15050E-04     0.13573E-03     0.13644E-05     0.00000E+00
     0.13855E+01     0.62417E-02    -0.46044E-03     0.52876E-03     0.00000E+00     0.15108E-04     0.12938E-03     0.50831E-06     0.00000E+00
     0.13984E+01     0.63727E-02    -0.47718E-03     0.55297E-03     0.00000E+00     0.15317E-04     0.12212E-03     0.24772E-06     0.00000E+00
     0.14113E+01     0.65033E-02    -0.49501E-03     0.57810E-03     0.00000E+00     0.15530E-04     0.11585E-03     0.71509E-06     0.00000E+00
     0.14240E+01     0.66337E-02    -0.51391E-03     0.60394E-03     0.00000E+00     0.15849E-04     0.11186E-03     0.86737E-06     0.00000E+00
     0.14368E+01     0.67638E-02    -0.53370E-03     0.63014E-03     0.00000E+00     0.16346E-04     0.10838E-03     0.62110E-06     0.00000E+00
     0.14494E+01     0.68936E-02    -0.55445E-03     0.65673E-03     0.00000E+00     0.16842E-04     0.10425E-03     0.93367E-06     0.00000E+00
     0.14620E+01     0.70231E-02    -0.57614E-03     0.68378E-03     0.00000E+00     0.17206E-04     0.10063E-03     0.15687E-05     0.00000E+00
     0.14744E+01     0.71527E-02    -0.59867E-03     0.71119E-03     0.00000E+00     0.17765E-04     0.97082E-04     0.22826E-05     0.00000E+00
     0.14869E+01     0.72828E-02    -0.62197E-03     0.73893E-03     0.00000E+00     0.19124E-04     0.93192E-04     0.30654E-05     0.00000E+00
     0.14992E+01     0.74137E-02    -0.64598E-03     0.76723E-03     0.00000E+00     0.21420E-04     0.89462E-04     0.34190E-05     0.00000E+00
     0.15114E+01     0.75456E-02    -0.67122E-03     0.79642E-03     0.00000E+00     0.24369E-04     0.85195E-04     0.42202E-05     0.00000E+00
     0.15236E+01     0.76790E-02    -0.69800E-03     0.82667E-03     0.00000E+00     0.27396E-04     0.82437E-04     0.57532E-05     0.00000E+00
     0.15357E+01     0.78145E-02    -0.72600E-03     0.85811E-03     0.00000E+00     0.29756E-04     0.83986E-04     0.68577E-05     0.00000E+00
     0.15477E+01     0.79527E-02    -0.75534E-03     0.89095E-03     0.00000E+00     0.31002E-04     0.89637E-04     0.77833E-05     0.00000E+00
     0.15596E+01     0.80940E-02    -0.78609E-03     0.92510E-03     0.00000E+00     0.30893E-04     0.99094E-04     0.82513E-05     0.00000E+00
     0.15714E+01     0.82384E-02    -0.81809E-03     0.95993E-03     0.00000E+00     0.29452E-04     0.10984E-03     0.77295E-05     0.00000E+00
     0.15831E+01     0.83856E-02    -0.85167E-03     0.99497E-03     0.00000E+00     0.27339E-04     0.11925E-03     0.76192E-05     0.00000E+00
     0.15947E+01     0.85354E-02    -0.88711E-03     0.10305E-02     0.00000E+00     0.25136E-04     0.12912E-03     0.80861E-05     0.00000E+00
     0.16062E+01     0.86879E-02    -0.92438E-03     0.10669E-02     0.00000E+00     0.22997E-04     0.13998E-03     0.83349E-05     0.00000E+00
     0.16176E+01     0.88431E-02    -0.96358E-03     0.11047E-02     0.00000E+00     0.20824E-04     0.15040E-03     0.87157E-05     0.00000E+00
     0.16290E+01     0.90010E-02    -0.10050E-02     0.11446E-02     0.00000E+00     0.18596E-04     0.16104E-03     0.90894E-05     0.00000E+00
     0.16402E+01     0.91617E-02    -0.10493E-02     0.11866E-02     0.00000E+00     0.16998E-04     0.16992E-03     0.94504E-05     0.00000E+00
     0.16512E+01     0.93252E-02    -0.10966E-02     0.12306E-02     0.00000E+00     0.16566E-04     0.17422E-03     0.11063E-04     0.00000E+00
     0.16622E+01     0.94920E-02    -0.11469E-02     0.12767E-02     0.00000E+00     0.17007E-04     0.17591E-03     0.13306E-04     0.00000E+00
     0.16731E+01     0.96630E-02    -0.12002E-02     0.13255E-02     0.00000E+00     0.18398E-04     0.17726E-03     0.15821E-04     0.00000E+00
     0.16839E+01     0.98389E-02    -0.12569E-02     0.13779E-02     0.00000E+00     0.21180E-04     0.17788E-03     0.18193E-04     0.00000E+00
     0.16945E+01     0.10020E-01    -0.13175E-02     0.14349E-02     0.00000E+00     0.25225E-04     0.17592E-03     0.20958E-04     0.00000E+00
     0.17050E+01     0.10209E-01    -0.13820E-02     0.14970E-02     0.00000E+00     0.29890E-04     0.17292E-03     0.23767E-04     0.00000E+00
     0.17154E+01     0.10404E-01    -0.14503E-02     0.15645E-02     0.00000E+00     0.34452E-04     0.17157E-03     0.24809E-04     0.00000E+00
     0.17257E+01     0.10607E-01    -0.15229E-02     0.16384E-02     0.00000E+00     0.38233E-04     0.17156E-03     0.25536E-04     0.00000E+00
     0.17358E+01     0.10817E-01    -0.16006E-02     0.17207E-02     0.00000E+00     0.40825E-04     0.17226E-03     0.27106E-04     0.00000E+00
     0.17458E+01     0.11035E-01    -0.16843E-02     0.18136E-02     0.00000E+00     0.41803E-04     0.17174E-03     0.29305E-04     0.00000E+00
     0.17557E+01     0.11260E-01    -0.17742E-02     0.19185E-02     0.00000E+00     0.40754E-04     0.16803E-03     0.32019E-04     0.00000E+00
     0.17655E+01     0.11494E-01    -0.18707E-02     0.20356E-02     0.00000E+00     0.38248E-04     0.16031E-03     0.35890E-04     0.00000E+00
     0.17751E+01     0.11737E-01    -0.19735E-02     0.21655E-02     0.00000E+00     0.34698E-04     0.14930E-03     0.40100E-04     0.00000E+00
     0.17845E+01     0.11990E-01    -0.20821E-02     0.23092E-02     0.00000E+00     0.29548E-04     0.13689E-03     0.42798E-04     0.00000E+00
     0.17939E+01     0.12254E-01    -0.21972E-02     0.24691E-02     0.00000E+00     0.22861E-04     0.11965E-03     0.44541E-04     0.00000E+00
     0.18031E+01     0.12527E-01    -0.23207E-02     0.26483E-02     0.00000E+00     0.15495E-04     0.90303E-04     0.48297E-04     0.00000E+00
     0.18121E+01     0.12811E-01    -0.24531E-02     0.28504E-02     0.00000E+00     0.77628E-05     0.45668E-04     0.53409E-04     0.00000E+00
     0.18210E+01     0.13106E-01    -0.25939E-02     0.30791E-02     0.00000E+00    -0.10862E-05    -0.16307E-04     0.58066E-04     0.00000E+00
     0.18298E+01     0.13414E-01    -0.27434E-02     0.33378E-02     0.00000E+00    -0.11440E-04    -0.99337E-04     0.62617E-04     0.00000E+00
     0.18384E+01     0.13733E-01    -0.29015E-02     0.36296E-02     0.00000E+00    -0.22414E-04    -0.20599E-03     0.65881E-04     0.00000E+00
     0.18468E+01     0.14065E-01    -0.30664E-02     0.39581E-02     0.00000E+00    -0.33756E-04    -0.33489E-03     0.63329E-04     0.00000E+00
     0.18551E+01     0.14407E-01    -0.32371E-02     0.43275E-02     0.00000E+00    -0.45860E-04    -0.48495E-03     0.52697E-04     0.00000E+00
     0.18633E+01     0.14755E-01    -0.34134E-02     0.47423E-02     0.00000E+00    -0.58270E-04    -0.66270E-03     0.34484E-04     0.00000E+00
     0.18713E+01     0.15105E-01    -0.35943E-02     0.52061E-02     0.00000E+00    -0.70503E-04    -0.87190E-03     0.52650E-05     0.00000E+00
     0.18791E+01     0.15449E-01    -0.37783E-02     0.57212E-02     0.00000E+00    -0.81878E-04    -0.11113E-02    -0.39724E-04     0.00000E+00
     0.18867E+01     0.15777E-01    -0.39636E-02     0.62879E-02     0.00000E+00    -0.90534E-04    -0.13817E-02    -0.10415E-03     0.00000E+00
     0.18942E+01     0.16076E-01    -0.41479E-02     0.69034E-02     0.00000E+00    -0.94194E-04    -0.16812E-02    -0.19279E-03     0.00000E+00
     0.19015E+01     0.16329E-01    -0.43287E-02     0.75604E-02     0.00000E+00    -0.90966E-04    -0.20010E-02    -0.31025E-03     0.00000E+00
     0.19087E+01     0.16516E-01    -0.45027E-02     0.82441E-02     0.00000E+00    -0.79498E-04    -0.23232E-02    -0.46371E-03     0.00000E+00
     0.19157E+01     0.16613E-01    -0.46645E-02     0.89298E-02     0.00000E+00    -0.58716E-04    -0.26178E-02    -0.66267E-03     0.00000E+00
     0.19225E+01     0.16592E-01    -0.48082E-02     0.95799E-02     0.00000E+00    -0.28152E-04    -0.28454E-02    -0.91429E-03     0.00000E+00
     0.19291E+01     0.16418E-01    -0.49271E-02     0.10141E-01     0.00000E+00     0.11942E-04    -0.29561E-02    -0.12232E-02     0.00000E+00
     0.19355E+01     0.16056E-01    -0.50140E-02     0.10542E-01     0.00000E+00     0.60769E-04    -0.28905E-02    -0.15879E-02     0.00000E+00
     0.19418E+01     0.15469E-01    -0.50635E-02     0.10697E-01     0.00000E+00     0.11668E-03    -0.25907E-02    -0.19913E-02     0.00000E+00
     0.19479E+01     0.14619E-01    -0.50745E-02     0.10515E-01     0.00000E+00     0.17672E-03    -0.20162E-02    -0.23902E-02     0.00000E+00
     0.19537E+01     0.13482E-01    -0.50569E-02     0.99169E-02     0.00000E+00     0.23701E-03    -0.11726E-02    -0.27009E-02     0.00000E+00
     0.19594E+01     0.12049E-01    -0.50376E-02     0.88687E-02     0.00000E+00     0.29410E-03    -0.14454E-03    -0.27918E-02     0.00000E+00
     0.19650E+01     0.10345E-01    -0.50616E-02     0.74100E-02     0.00000E+00     0.34546E-03     0.88958E-03    -0.24941E-02     0.00000E+00
     0.19703E+01     0.84355E-02    -0.51829E-02     0.56762E-02     0.00000E+00     0.39019E-03     0.16800E-02    -0.16474E-02     0.00000E+00
     0.19754E+01     0.64352E-02    -0.54400E-02     0.38884E-02     0.00000E+00     0.42783E-03     0.19968E-02    -0.19401E-03     0.00000E+00
     0.19803E+01     0.44958E-02    -0.58210E-02     0.22997E-02     0.00000E+00     0.45860E-03     0.17623E-02     0.17179E-02     0.00000E+00
     0.19850E+01     0.27804E-02    -0.62606E-02     0.11108E-02     0.00000E+00     0.47183E-03     0.11535E-02     0.37163E-02     0.00000E+00
     0.19896E+01     0.14251E-02    -0.66803E-02     0.39463E-03     0.00000E+00     0.46077E-03     0.49547E-03     0.53726E-02     0.00000E+00
     0.19939E+01     0.50976E-03    -0.70164E-02     0.79285E-04     0.00000E+00     0.36272E-03     0.14181E-03     0.64347E-02     0.00000E+00
     0.19980E+01     0.56163E-04    -0.76253E-02     0.26225E-05     0.00000E+00     0.21141E-03    -0.91671E-04     0.77227E-02     0.00000E+00
