     0.20039E-02    -0.20925E-07    -0.32826E-04     0.19898E-01     0.99346E+00     0.28023E-04     0.50438E+01     0.25605E+01     0.30543E+02     0.25605E+01     0.28573E+02     0.73161E+02     0.78205E+02     0.60157E+00     0.19953E-08     0.11395E-04     0.49054E-04    -0.76481E-07
     0.61156E-02     0.62012E-07    -0.10103E-03     0.61116E-01     0.98189E+00     0.27991E-04     0.38898E+01     0.25658E+01     0.29980E+02     0.25658E+01     0.28464E+02     0.73033E+02     0.76923E+02     0.60438E+00     0.15077E-06     0.93999E-04     0.46335E-03    -0.23227E-05
     0.10434E-01     0.37160E-06    -0.17253E-03     0.10415E+00     0.97211E+00     0.27484E-04     0.29748E+01     0.25704E+01     0.29510E+02     0.25704E+01     0.28352E+02     0.72877E+02     0.75852E+02     0.60677E+00     0.10788E-05     0.23876E-03     0.13470E-02    -0.11813E-04
     0.14956E-01     0.10219E-05    -0.24721E-03     0.14882E+00     0.96386E+00     0.25895E-04     0.22414E+01     0.25743E+01     0.29118E+02     0.25743E+01     0.28247E+02     0.72715E+02     0.74957E+02     0.60880E+00     0.38354E-05     0.42687E-03     0.27457E-02    -0.34996E-04
     0.19680E-01     0.20863E-05    -0.32516E-03     0.19489E+00     0.95689E+00     0.22432E-04     0.16724E+01     0.25776E+01     0.28790E+02     0.25776E+01     0.28141E+02     0.72536E+02     0.74208E+02     0.61053E+00     0.96665E-05     0.64247E-03     0.46727E-02    -0.78724E-04
     0.24604E-01     0.35867E-05    -0.40669E-03     0.24199E+00     0.95099E+00     0.16302E-04     0.12349E+01     0.25804E+01     0.28514E+02     0.25804E+01     0.28036E+02     0.72344E+02     0.73579E+02     0.61200E+00     0.19845E-04     0.87299E-03     0.70910E-02    -0.14896E-03
     0.29725E-01     0.55072E-05    -0.49234E-03     0.28969E+00     0.94596E+00     0.67655E-05     0.89552E+00     0.25828E+01     0.28281E+02     0.25828E+01     0.27934E+02     0.72149E+02     0.73045E+02     0.61326E+00     0.35548E-04     0.11093E-02     0.99051E-02    -0.24945E-03
     0.35041E-01     0.78174E-05    -0.58263E-03     0.33747E+00     0.94162E+00    -0.68138E-05     0.63514E+00     0.25849E+01     0.28081E+02     0.25849E+01     0.27835E+02     0.71952E+02     0.72587E+02     0.61435E+00     0.57791E-04     0.13452E-02     0.12969E-01    -0.38092E-03
     0.40551E-01     0.10491E-04    -0.67780E-03     0.38478E+00     0.93784E+00    -0.24950E-04     0.43617E+00     0.25867E+01     0.27908E+02     0.25867E+01     0.27739E+02     0.71753E+02     0.72189E+02     0.61530E+00     0.87388E-04     0.15771E-02     0.16108E-01    -0.54085E-03
     0.46252E-01     0.13514E-04    -0.77759E-03     0.43109E+00     0.93448E+00    -0.48025E-04     0.28728E+00     0.25884E+01     0.27754E+02     0.25884E+01     0.27643E+02     0.71550E+02     0.71838E+02     0.61615E+00     0.12495E-03     0.18029E-02     0.19145E-01    -0.72401E-03
     0.52141E-01     0.16886E-04    -0.88109E-03     0.47592E+00     0.93144E+00    -0.76298E-04     0.17732E+00     0.25899E+01     0.27616E+02     0.25899E+01     0.27547E+02     0.71343E+02     0.71521E+02     0.61692E+00     0.17087E-03     0.20217E-02     0.21931E-01    -0.92339E-03
     0.58216E-01     0.20616E-04    -0.98659E-03     0.51887E+00     0.92864E+00    -0.10990E-03     0.97815E-01     0.25913E+01     0.27489E+02     0.25913E+01     0.27451E+02     0.71132E+02     0.71229E+02     0.61763E+00     0.22536E-03     0.22326E-02     0.24353E-01    -0.11313E-02
     0.64476E-01     0.24718E-04    -0.10916E-02     0.55963E+00     0.92601E+00    -0.14886E-03     0.37824E-01     0.25926E+01     0.27370E+02     0.25926E+01     0.27355E+02     0.70920E+02     0.70957E+02     0.61830E+00     0.28842E-03     0.24349E-02     0.26344E-01    -0.13403E-02
     0.70917E-01     0.29209E-04    -0.11928E-02     0.59801E+00     0.92350E+00    -0.19306E-03    -0.48353E-02     0.25938E+01     0.27257E+02     0.25938E+01     0.27259E+02     0.70704E+02     0.70699E+02     0.61894E+00     0.35988E-03     0.26275E-02     0.27881E-01    -0.15441E-02
     0.77539E-01     0.34102E-04    -0.12863E-02     0.63388E+00     0.92109E+00    -0.24229E-03    -0.38066E-01     0.25950E+01     0.27149E+02     0.25950E+01     0.27164E+02     0.70489E+02     0.70451E+02     0.61956E+00     0.43936E-03     0.28093E-02     0.28972E-01    -0.17374E-02
     0.84338E-01     0.39404E-04    -0.13680E-02     0.66722E+00     0.91875E+00    -0.29623E-03    -0.65201E-01     0.25961E+01     0.27044E+02     0.25961E+01     0.27069E+02     0.70275E+02     0.70210E+02     0.62016E+00     0.52631E-03     0.29789E-02     0.29651E-01    -0.19168E-02
     0.91312E-01     0.45112E-04    -0.14333E-02     0.69808E+00     0.91645E+00    -0.35442E-03    -0.87134E-01     0.25973E+01     0.26942E+02     0.25973E+01     0.26975E+02     0.70062E+02     0.69975E+02     0.62075E+00     0.62003E-03     0.31352E-02     0.29962E-01    -0.20797E-02
     0.98459E-01     0.51210E-04    -0.14781E-02     0.72654E+00     0.91418E+00    -0.41636E-03    -0.10538E+00     0.25984E+01     0.26841E+02     0.25984E+01     0.26881E+02     0.69848E+02     0.69742E+02     0.62133E+00     0.71964E-03     0.32777E-02     0.29961E-01    -0.22253E-02
     0.10578E+00     0.57666E-04    -0.14992E-02     0.75272E+00     0.91193E+00    -0.48142E-03    -0.11833E+00     0.25995E+01     0.26741E+02     0.25995E+01     0.26786E+02     0.69631E+02     0.69512E+02     0.62191E+00     0.82416E-03     0.34061E-02     0.29700E-01    -0.23531E-02
     0.11326E+00     0.64433E-04    -0.14943E-02     0.77677E+00     0.90967E+00    -0.54893E-03    -0.12740E+00     0.26007E+01     0.26641E+02     0.26007E+01     0.26690E+02     0.69411E+02     0.69283E+02     0.62250E+00     0.93250E-03     0.35207E-02     0.29232E-01    -0.24636E-02
     0.12092E+00     0.71459E-04    -0.14625E-02     0.79886E+00     0.90742E+00    -0.61818E-03    -0.13304E+00     0.26018E+01     0.26541E+02     0.26018E+01     0.26592E+02     0.69188E+02     0.69055E+02     0.62308E+00     0.10435E-02     0.36223E-02     0.28602E-01    -0.25577E-02
     0.12873E+00     0.78689E-04    -0.14044E-02     0.81913E+00     0.90516E+00    -0.68839E-03    -0.13742E+00     0.26029E+01     0.26442E+02     0.26029E+01     0.26494E+02     0.68963E+02     0.68826E+02     0.62367E+00     0.11559E-02     0.37123E-02     0.27849E-01    -0.26365E-02
     0.13671E+00     0.86073E-04    -0.13220E-02     0.83776E+00     0.90289E+00    -0.75882E-03    -0.14086E+00     0.26041E+01     0.26342E+02     0.26041E+01     0.26396E+02     0.68738E+02     0.68597E+02     0.62426E+00     0.12685E-02     0.37924E-02     0.27007E-01    -0.27013E-02
     0.14485E+00     0.93556E-04    -0.12179E-02     0.85489E+00     0.90060E+00    -0.82872E-03    -0.14186E+00     0.26053E+01     0.26243E+02     0.26053E+01     0.26297E+02     0.68509E+02     0.68367E+02     0.62485E+00     0.13802E-02     0.38640E-02     0.26104E-01    -0.27531E-02
     0.15315E+00     0.10109E-03    -0.10948E-02     0.87067E+00     0.89831E+00    -0.89745E-03    -0.14199E+00     0.26064E+01     0.26142E+02     0.26064E+01     0.26196E+02     0.68279E+02     0.68137E+02     0.62545E+00     0.14899E-02     0.39283E-02     0.25162E-01    -0.27931E-02
     0.16160E+00     0.10862E-03    -0.95514E-03     0.88523E+00     0.89599E+00    -0.96439E-03    -0.14039E+00     0.26076E+01     0.26042E+02     0.26076E+01     0.26095E+02     0.68045E+02     0.67905E+02     0.62605E+00     0.15966E-02     0.39861E-02     0.24199E-01    -0.28224E-02
     0.17021E+00     0.11612E-03    -0.80041E-03     0.89872E+00     0.89366E+00    -0.10290E-02    -0.13853E+00     0.26088E+01     0.25940E+02     0.26088E+01     0.25993E+02     0.67810E+02     0.67672E+02     0.62666E+00     0.16996E-02     0.40378E-02     0.23229E-01    -0.28420E-02
     0.17896E+00     0.12356E-03    -0.63142E-03     0.91123E+00     0.89131E+00    -0.10909E-02    -0.13610E+00     0.26100E+01     0.25839E+02     0.26100E+01     0.25891E+02     0.67574E+02     0.67438E+02     0.62728E+00     0.17980E-02     0.40836E-02     0.22264E-01    -0.28528E-02
     0.18787E+00     0.13091E-03    -0.44861E-03     0.92289E+00     0.88893E+00    -0.11497E-02    -0.13365E+00     0.26112E+01     0.25736E+02     0.26112E+01     0.25787E+02     0.67335E+02     0.67202E+02     0.62791E+00     0.18914E-02     0.41238E-02     0.21315E-01    -0.28560E-02
     0.19692E+00     0.13815E-03    -0.25260E-03     0.93379E+00     0.88653E+00    -0.12049E-02    -0.13032E+00     0.26125E+01     0.25633E+02     0.26125E+01     0.25683E+02     0.67094E+02     0.66964E+02     0.62854E+00     0.19790E-02     0.41587E-02     0.20389E-01    -0.28524E-02
     0.20611E+00     0.14525E-03    -0.44931E-04     0.94401E+00     0.88411E+00    -0.12563E-02    -0.12655E+00     0.26137E+01     0.25529E+02     0.26137E+01     0.25577E+02     0.66851E+02     0.66725E+02     0.62918E+00     0.20606E-02     0.41885E-02     0.19493E-01    -0.28429E-02
     0.21545E+00     0.15217E-03     0.17145E-03     0.95362E+00     0.88166E+00    -0.13037E-02    -0.12260E+00     0.26150E+01     0.25425E+02     0.26150E+01     0.25471E+02     0.66606E+02     0.66483E+02     0.62983E+00     0.21356E-02     0.42129E-02     0.18632E-01    -0.28283E-02
     0.22493E+00     0.15889E-03     0.39225E-03     0.96270E+00     0.87918E+00    -0.13467E-02    -0.11660E+00     0.26163E+01     0.25319E+02     0.26163E+01     0.25363E+02     0.66356E+02     0.66240E+02     0.63048E+00     0.22037E-02     0.42312E-02     0.17806E-01    -0.28092E-02
     0.23454E+00     0.16542E-03     0.61257E-03     0.97129E+00     0.87667E+00    -0.13854E-02    -0.11227E+00     0.26176E+01     0.25213E+02     0.26176E+01     0.25255E+02     0.66106E+02     0.65994E+02     0.63115E+00     0.22649E-02     0.42426E-02     0.17019E-01    -0.27860E-02
     0.24429E+00     0.17174E-03     0.82770E-03     0.97945E+00     0.87414E+00    -0.14196E-02    -0.10899E+00     0.26189E+01     0.25106E+02     0.26189E+01     0.25147E+02     0.65856E+02     0.65747E+02     0.63182E+00     0.23189E-02     0.42468E-02     0.16270E-01    -0.27594E-02
     0.25418E+00     0.17784E-03     0.10336E-02     0.98721E+00     0.87157E+00    -0.14494E-02    -0.10375E+00     0.26202E+01     0.24997E+02     0.26202E+01     0.25036E+02     0.65600E+02     0.65497E+02     0.63251E+00     0.23659E-02     0.42434E-02     0.15559E-01    -0.27297E-02
     0.26419E+00     0.18369E-03     0.12265E-02     0.99460E+00     0.86897E+00    -0.14747E-02    -0.98232E-01     0.26216E+01     0.24888E+02     0.26216E+01     0.24925E+02     0.65343E+02     0.65244E+02     0.63320E+00     0.24058E-02     0.42324E-02     0.14888E-01    -0.26976E-02
     0.27434E+00     0.18929E-03     0.14029E-02     0.10017E+01     0.86634E+00    -0.14957E-02    -0.93381E-01     0.26230E+01     0.24778E+02     0.26230E+01     0.24813E+02     0.65083E+02     0.64990E+02     0.63390E+00     0.24389E-02     0.42140E-02     0.14255E-01    -0.26633E-02
     0.28460E+00     0.19465E-03     0.15599E-02     0.10084E+01     0.86368E+00    -0.15126E-02    -0.88516E-01     0.26244E+01     0.24667E+02     0.26244E+01     0.24700E+02     0.64821E+02     0.64733E+02     0.63462E+00     0.24655E-02     0.41889E-02     0.13660E-01    -0.26270E-02
     0.29500E+00     0.19977E-03     0.16956E-02     0.10149E+01     0.86099E+00    -0.15255E-02    -0.83911E-01     0.26258E+01     0.24555E+02     0.26258E+01     0.24586E+02     0.64558E+02     0.64474E+02     0.63534E+00     0.24860E-02     0.41577E-02     0.13098E-01    -0.25889E-02
     0.30551E+00     0.20467E-03     0.18092E-02     0.10211E+01     0.85826E+00    -0.15349E-02    -0.80194E-01     0.26273E+01     0.24442E+02     0.26273E+01     0.24472E+02     0.64292E+02     0.64212E+02     0.63608E+00     0.25008E-02     0.41210E-02     0.12568E-01    -0.25491E-02
     0.31615E+00     0.20934E-03     0.19008E-02     0.10270E+01     0.85550E+00    -0.15408E-02    -0.75221E-01     0.26288E+01     0.24328E+02     0.26288E+01     0.24356E+02     0.64023E+02     0.63948E+02     0.63682E+00     0.25103E-02     0.40788E-02     0.12066E-01    -0.25078E-02
     0.32690E+00     0.21379E-03     0.19707E-02     0.10328E+01     0.85271E+00    -0.15436E-02    -0.71169E-01     0.26302E+01     0.24213E+02     0.26302E+01     0.24239E+02     0.63753E+02     0.63682E+02     0.63758E+00     0.25150E-02     0.40311E-02     0.11591E-01    -0.24650E-02
     0.33777E+00     0.21805E-03     0.20193E-02     0.10384E+01     0.84988E+00    -0.15435E-02    -0.68969E-01     0.26318E+01     0.24097E+02     0.26318E+01     0.24122E+02     0.63482E+02     0.63413E+02     0.63835E+00     0.25151E-02     0.39781E-02     0.11141E-01    -0.24210E-02
     0.34875E+00     0.22211E-03     0.20483E-02     0.10437E+01     0.84702E+00    -0.15408E-02    -0.64264E-01     0.26333E+01     0.23980E+02     0.26333E+01     0.24003E+02     0.63206E+02     0.63142E+02     0.63913E+00     0.25112E-02     0.39203E-02     0.10713E-01    -0.23757E-02
     0.35985E+00     0.22598E-03     0.20606E-02     0.10490E+01     0.84412E+00    -0.15358E-02    -0.61376E-01     0.26349E+01     0.23861E+02     0.26349E+01     0.23884E+02     0.62930E+02     0.62868E+02     0.63992E+00     0.25038E-02     0.38581E-02     0.10306E-01    -0.23290E-02
     0.37105E+00     0.22966E-03     0.20598E-02     0.10540E+01     0.84119E+00    -0.15286E-02    -0.57803E-01     0.26365E+01     0.23742E+02     0.26365E+01     0.23764E+02     0.62650E+02     0.62592E+02     0.64072E+00     0.24930E-02     0.37924E-02     0.99179E-02    -0.22810E-02
     0.38236E+00     0.23316E-03     0.20499E-02     0.10590E+01     0.83822E+00    -0.15195E-02    -0.54093E-01     0.26381E+01     0.23622E+02     0.26381E+01     0.23642E+02     0.62368E+02     0.62313E+02     0.64154E+00     0.24794E-02     0.37244E-02     0.95470E-02    -0.22316E-02
     0.39377E+00     0.23651E-03     0.20343E-02     0.10638E+01     0.83521E+00    -0.15086E-02    -0.52314E-01     0.26397E+01     0.23501E+02     0.26397E+01     0.23520E+02     0.62085E+02     0.62033E+02     0.64236E+00     0.24631E-02     0.36550E-02     0.91924E-02    -0.21811E-02
     0.40528E+00     0.23971E-03     0.20155E-02     0.10685E+01     0.83217E+00    -0.14960E-02    -0.49841E-01     0.26414E+01     0.23380E+02     0.26414E+01     0.23398E+02     0.61800E+02     0.61750E+02     0.64320E+00     0.24442E-02     0.35853E-02     0.88534E-02    -0.21295E-02
     0.41690E+00     0.24274E-03     0.19948E-02     0.10731E+01     0.82910E+00    -0.14819E-02    -0.47445E-01     0.26431E+01     0.23257E+02     0.26431E+01     0.23274E+02     0.61512E+02     0.61465E+02     0.64405E+00     0.24230E-02     0.35162E-02     0.85292E-02    -0.20772E-02
     0.42861E+00     0.24559E-03     0.19734E-02     0.10776E+01     0.82599E+00    -0.14663E-02    -0.43920E-01     0.26448E+01     0.23133E+02     0.26448E+01     0.23149E+02     0.61221E+02     0.61177E+02     0.64491E+00     0.23997E-02     0.34477E-02     0.82198E-02    -0.20242E-02
     0.44042E+00     0.24828E-03     0.19532E-02     0.10820E+01     0.82284E+00    -0.14494E-02    -0.41086E-01     0.26465E+01     0.23008E+02     0.26465E+01     0.23023E+02     0.60928E+02     0.60887E+02     0.64579E+00     0.23744E-02     0.33796E-02     0.79253E-02    -0.19707E-02
     0.45232E+00     0.25086E-03     0.19360E-02     0.10863E+01     0.81966E+00    -0.14312E-02    -0.40201E-01     0.26483E+01     0.22882E+02     0.26483E+01     0.22897E+02     0.60635E+02     0.60595E+02     0.64667E+00     0.23474E-02     0.33117E-02     0.76456E-02    -0.19167E-02
     0.46431E+00     0.25333E-03     0.19217E-02     0.10905E+01     0.81644E+00    -0.14121E-02    -0.38074E-01     0.26501E+01     0.22756E+02     0.26501E+01     0.22769E+02     0.60338E+02     0.60300E+02     0.64757E+00     0.23189E-02     0.32440E-02     0.73799E-02    -0.18623E-02
     0.47639E+00     0.25569E-03     0.19082E-02     0.10947E+01     0.81319E+00    -0.13920E-02    -0.37172E-01     0.26519E+01     0.22628E+02     0.26519E+01     0.22642E+02     0.60041E+02     0.60004E+02     0.64849E+00     0.22891E-02     0.31764E-02     0.71268E-02    -0.18076E-02
     0.48855E+00     0.25796E-03     0.18923E-02     0.10987E+01     0.80989E+00    -0.13712E-02    -0.34786E-01     0.26538E+01     0.22500E+02     0.26538E+01     0.22512E+02     0.59739E+02     0.59705E+02     0.64941E+00     0.22584E-02     0.31087E-02     0.68850E-02    -0.17526E-02
     0.50081E+00     0.26013E-03     0.18725E-02     0.11027E+01     0.80656E+00    -0.13499E-02    -0.33242E-01     0.26557E+01     0.22371E+02     0.26557E+01     0.22382E+02     0.59437E+02     0.59403E+02     0.65035E+00     0.22270E-02     0.30410E-02     0.66524E-02    -0.16972E-02
     0.51314E+00     0.26222E-03     0.18486E-02     0.11066E+01     0.80320E+00    -0.13282E-02    -0.32121E-01     0.26576E+01     0.22241E+02     0.26576E+01     0.22252E+02     0.59132E+02     0.59100E+02     0.65130E+00     0.21953E-02     0.29731E-02     0.64271E-02    -0.16415E-02
     0.52555E+00     0.26428E-03     0.18213E-02     0.11104E+01     0.79980E+00    -0.13062E-02    -0.31195E-01     0.26595E+01     0.22110E+02     0.26595E+01     0.22121E+02     0.58826E+02     0.58795E+02     0.65226E+00     0.21633E-02     0.29052E-02     0.62080E-02    -0.15853E-02
     0.53804E+00     0.26632E-03     0.17915E-02     0.11141E+01     0.79636E+00    -0.12842E-02    -0.31498E-01     0.26615E+01     0.21978E+02     0.26615E+01     0.21989E+02     0.58520E+02     0.58488E+02     0.65324E+00     0.21313E-02     0.28374E-02     0.59949E-02    -0.15289E-02
     0.55061E+00     0.26835E-03     0.17609E-02     0.11177E+01     0.79289E+00    -0.12622E-02    -0.31165E-01     0.26635E+01     0.21846E+02     0.26635E+01     0.21857E+02     0.58210E+02     0.58179E+02     0.65423E+00     0.20995E-02     0.27699E-02     0.57881E-02    -0.14721E-02
     0.56325E+00     0.27039E-03     0.17309E-02     0.11213E+01     0.78938E+00    -0.12403E-02    -0.31334E-01     0.26655E+01     0.21713E+02     0.26655E+01     0.21723E+02     0.57900E+02     0.57868E+02     0.65523E+00     0.20680E-02     0.27024E-02     0.55885E-02    -0.14152E-02
     0.57596E+00     0.27245E-03     0.17030E-02     0.11247E+01     0.78584E+00    -0.12186E-02    -0.31251E-01     0.26675E+01     0.21579E+02     0.26675E+01     0.21590E+02     0.57587E+02     0.57556E+02     0.65625E+00     0.20370E-02     0.26350E-02     0.53965E-02    -0.13583E-02
     0.58874E+00     0.27454E-03     0.16784E-02     0.11281E+01     0.78226E+00    -0.11971E-02    -0.31587E-01     0.26696E+01     0.21444E+02     0.26696E+01     0.21455E+02     0.57272E+02     0.57241E+02     0.65728E+00     0.20066E-02     0.25678E-02     0.52121E-02    -0.13014E-02
     0.60158E+00     0.27670E-03     0.16576E-02     0.11313E+01     0.77864E+00    -0.11761E-02    -0.32680E-01     0.26717E+01     0.21309E+02     0.26717E+01     0.21320E+02     0.56957E+02     0.56924E+02     0.65833E+00     0.19769E-02     0.25013E-02     0.50342E-02    -0.12445E-02
     0.61449E+00     0.27895E-03     0.16405E-02     0.11344E+01     0.77499E+00    -0.11557E-02    -0.33451E-01     0.26739E+01     0.21173E+02     0.26739E+01     0.21184E+02     0.56639E+02     0.56606E+02     0.65939E+00     0.19483E-02     0.24359E-02     0.48613E-02    -0.11877E-02
     0.62747E+00     0.28130E-03     0.16263E-02     0.11375E+01     0.77130E+00    -0.11359E-02    -0.34776E-01     0.26760E+01     0.21036E+02     0.26760E+01     0.21048E+02     0.56320E+02     0.56286E+02     0.66046E+00     0.19208E-02     0.23718E-02     0.46923E-02    -0.11308E-02
     0.64050E+00     0.28376E-03     0.16133E-02     0.11404E+01     0.76758E+00    -0.11169E-02    -0.35662E-01     0.26782E+01     0.20899E+02     0.26782E+01     0.20911E+02     0.55999E+02     0.55964E+02     0.66154E+00     0.18947E-02     0.23096E-02     0.45272E-02    -0.10737E-02
     0.65359E+00     0.28635E-03     0.16002E-02     0.11432E+01     0.76382E+00    -0.10987E-02    -0.37748E-01     0.26805E+01     0.20761E+02     0.26805E+01     0.20773E+02     0.55678E+02     0.55640E+02     0.66264E+00     0.18699E-02     0.22495E-02     0.43669E-02    -0.10166E-02
     0.66673E+00     0.28906E-03     0.15869E-02     0.11459E+01     0.76002E+00    -0.10814E-02    -0.39160E-01     0.26827E+01     0.20622E+02     0.26827E+01     0.20635E+02     0.55354E+02     0.55315E+02     0.66376E+00     0.18466E-02     0.21920E-02     0.42128E-02    -0.95947E-03
     0.67993E+00     0.29189E-03     0.15740E-02     0.11484E+01     0.75619E+00    -0.10648E-02    -0.39960E-01     0.26850E+01     0.20483E+02     0.26850E+01     0.20496E+02     0.55029E+02     0.54989E+02     0.66489E+00     0.18245E-02     0.21373E-02     0.40660E-02    -0.90246E-03
     0.69318E+00     0.29487E-03     0.15618E-02     0.11508E+01     0.75233E+00    -0.10491E-02    -0.42379E-01     0.26874E+01     0.20343E+02     0.26874E+01     0.20358E+02     0.54703E+02     0.54661E+02     0.66603E+00     0.18038E-02     0.20853E-02     0.39268E-02    -0.84560E-03
     0.70648E+00     0.29799E-03     0.15507E-02     0.11531E+01     0.74843E+00    -0.10341E-02    -0.43974E-01     0.26897E+01     0.20203E+02     0.26897E+01     0.20218E+02     0.54376E+02     0.54332E+02     0.66718E+00     0.17844E-02     0.20363E-02     0.37955E-02    -0.78886E-03
     0.71982E+00     0.30123E-03     0.15411E-02     0.11553E+01     0.74450E+00    -0.10200E-02    -0.45110E-01     0.26921E+01     0.20062E+02     0.26921E+01     0.20078E+02     0.54046E+02     0.54001E+02     0.66836E+00     0.17663E-02     0.19903E-02     0.36724E-02    -0.73221E-03
     0.73321E+00     0.30464E-03     0.15335E-02     0.11573E+01     0.74053E+00    -0.10066E-02    -0.47375E-01     0.26945E+01     0.19921E+02     0.26945E+01     0.19937E+02     0.53717E+02     0.53669E+02     0.66954E+00     0.17495E-02     0.19471E-02     0.35576E-02    -0.67564E-03
     0.74665E+00     0.30823E-03     0.15282E-02     0.11591E+01     0.73653E+00    -0.99402E-03    -0.49323E-01     0.26970E+01     0.19780E+02     0.26970E+01     0.19797E+02     0.53385E+02     0.53336E+02     0.67074E+00     0.17339E-02     0.19068E-02     0.34511E-02    -0.61911E-03
     0.76012E+00     0.31198E-03     0.15264E-02     0.11608E+01     0.73250E+00    -0.98224E-03    -0.51583E-01     0.26995E+01     0.19638E+02     0.26995E+01     0.19655E+02     0.53054E+02     0.53002E+02     0.67195E+00     0.17196E-02     0.18695E-02     0.33528E-02    -0.56263E-03
     0.77363E+00     0.31591E-03     0.15302E-02     0.11624E+01     0.72843E+00    -0.97122E-03    -0.53144E-01     0.27020E+01     0.19495E+02     0.27020E+01     0.19514E+02     0.52720E+02     0.52667E+02     0.67318E+00     0.17066E-02     0.18356E-02     0.32627E-02    -0.50616E-03
     0.78717E+00     0.32002E-03     0.15423E-02     0.11638E+01     0.72433E+00    -0.96096E-03    -0.55519E-01     0.27046E+01     0.19353E+02     0.27046E+01     0.19372E+02     0.52386E+02     0.52330E+02     0.67442E+00     0.16947E-02     0.18050E-02     0.31809E-02    -0.44969E-03
     0.80075E+00     0.32436E-03     0.15643E-02     0.11650E+01     0.72020E+00    -0.95146E-03    -0.59086E-01     0.27071E+01     0.19210E+02     0.27071E+01     0.19230E+02     0.52052E+02     0.51993E+02     0.67568E+00     0.16840E-02     0.17776E-02     0.31080E-02    -0.39322E-03
     0.81436E+00     0.32889E-03     0.15961E-02     0.11661E+01     0.71604E+00    -0.94275E-03    -0.60913E-01     0.27098E+01     0.19066E+02     0.27098E+01     0.19087E+02     0.51716E+02     0.51655E+02     0.67695E+00     0.16745E-02     0.17535E-02     0.30446E-02    -0.33684E-03
     0.82800E+00     0.33363E-03     0.16368E-02     0.11670E+01     0.71184E+00    -0.93489E-03    -0.63422E-01     0.27124E+01     0.18923E+02     0.27124E+01     0.18945E+02     0.51379E+02     0.51315E+02     0.67824E+00     0.16664E-02     0.17326E-02     0.29914E-02    -0.28065E-03
     0.84166E+00     0.33860E-03     0.16850E-02     0.11678E+01     0.70761E+00    -0.92794E-03    -0.65781E-01     0.27151E+01     0.18779E+02     0.27151E+01     0.18801E+02     0.51041E+02     0.50975E+02     0.67954E+00     0.16596E-02     0.17151E-02     0.29485E-02    -0.22475E-03
     0.85535E+00     0.34383E-03     0.17386E-02     0.11683E+01     0.70335E+00    -0.92195E-03    -0.69071E-01     0.27178E+01     0.18634E+02     0.27178E+01     0.18658E+02     0.50703E+02     0.50634E+02     0.68086E+00     0.16543E-02     0.17010E-02     0.29163E-02    -0.16913E-03
     0.86906E+00     0.34934E-03     0.17954E-02     0.11688E+01     0.69905E+00    -0.91697E-03    -0.73192E-01     0.27206E+01     0.18490E+02     0.27206E+01     0.18515E+02     0.50365E+02     0.50292E+02     0.68219E+00     0.16505E-02     0.16903E-02     0.28950E-02    -0.11374E-03
     0.88279E+00     0.35509E-03     0.18536E-02     0.11690E+01     0.69473E+00    -0.91303E-03    -0.75311E-01     0.27234E+01     0.18345E+02     0.27234E+01     0.18371E+02     0.50025E+02     0.49950E+02     0.68354E+00     0.16482E-02     0.16828E-02     0.28847E-02    -0.58530E-04
     0.89654E+00     0.36111E-03     0.19110E-02     0.11691E+01     0.69037E+00    -0.91015E-03    -0.78664E-01     0.27262E+01     0.18201E+02     0.27262E+01     0.18228E+02     0.49685E+02     0.49606E+02     0.68490E+00     0.16474E-02     0.16783E-02     0.28857E-02    -0.34798E-05
     0.91031E+00     0.36739E-03     0.19653E-02     0.11690E+01     0.68598E+00    -0.90838E-03    -0.82272E-01     0.27291E+01     0.18056E+02     0.27291E+01     0.18084E+02     0.49345E+02     0.49263E+02     0.68628E+00     0.16483E-02     0.16767E-02     0.28976E-02     0.51384E-04
     0.92408E+00     0.37395E-03     0.20143E-02     0.11688E+01     0.68156E+00    -0.90777E-03    -0.84532E-01     0.27320E+01     0.17910E+02     0.27320E+01     0.17940E+02     0.49003E+02     0.48918E+02     0.68767E+00     0.16509E-02     0.16779E-02     0.29197E-02     0.10604E-03
     0.93787E+00     0.38082E-03     0.20569E-02     0.11684E+01     0.67712E+00    -0.90837E-03    -0.89332E-01     0.27350E+01     0.17765E+02     0.27350E+01     0.17796E+02     0.48663E+02     0.48574E+02     0.68908E+00     0.16553E-02     0.16821E-02     0.29513E-02     0.16052E-03
     0.95167E+00     0.38799E-03     0.20922E-02     0.11678E+01     0.67264E+00    -0.91023E-03    -0.92572E-01     0.27379E+01     0.17620E+02     0.27379E+01     0.17652E+02     0.48321E+02     0.48229E+02     0.69050E+00     0.16614E-02     0.16895E-02     0.29917E-02     0.21487E-03
     0.96547E+00     0.39542E-03     0.21192E-02     0.11670E+01     0.66814E+00    -0.91336E-03    -0.95850E-01     0.27410E+01     0.17475E+02     0.27410E+01     0.17508E+02     0.47979E+02     0.47883E+02     0.69194E+00     0.16694E-02     0.17002E-02     0.30405E-02     0.26916E-03
     0.97928E+00     0.40315E-03     0.21365E-02     0.11661E+01     0.66360E+00    -0.91773E-03    -0.98940E-01     0.27440E+01     0.17330E+02     0.27440E+01     0.17364E+02     0.47637E+02     0.47538E+02     0.69339E+00     0.16791E-02     0.17143E-02     0.30974E-02     0.32342E-03
     0.99309E+00     0.41117E-03     0.21431E-02     0.11651E+01     0.65905E+00    -0.92331E-03    -0.10320E+00     0.27471E+01     0.17185E+02     0.27471E+01     0.17220E+02     0.47296E+02     0.47192E+02     0.69486E+00     0.16905E-02     0.17318E-02     0.31621E-02     0.37769E-03
     0.10069E+01     0.41947E-03     0.21385E-02     0.11639E+01     0.65446E+00    -0.93005E-03    -0.10590E+00     0.27502E+01     0.17040E+02     0.27502E+01     0.17076E+02     0.46953E+02     0.46847E+02     0.69634E+00     0.17036E-02     0.17527E-02     0.32349E-02     0.43201E-03
     0.10207E+01     0.42805E-03     0.21231E-02     0.11625E+01     0.64986E+00    -0.93790E-03    -0.10942E+00     0.27534E+01     0.16895E+02     0.27534E+01     0.16932E+02     0.46611E+02     0.46502E+02     0.69784E+00     0.17182E-02     0.17771E-02     0.33160E-02     0.48633E-03
     0.10345E+01     0.43692E-03     0.20976E-02     0.11610E+01     0.64522E+00    -0.94682E-03    -0.11346E+00     0.27565E+01     0.16750E+02     0.27565E+01     0.16789E+02     0.46270E+02     0.46156E+02     0.69935E+00     0.17342E-02     0.18050E-02     0.34052E-02     0.54057E-03
     0.10483E+01     0.44606E-03     0.20637E-02     0.11593E+01     0.64057E+00    -0.95674E-03    -0.11656E+00     0.27598E+01     0.16606E+02     0.27598E+01     0.16646E+02     0.45928E+02     0.45811E+02     0.70087E+00     0.17517E-02     0.18364E-02     0.35022E-02     0.59461E-03
     0.10621E+01     0.45547E-03     0.20238E-02     0.11575E+01     0.63589E+00    -0.96763E-03    -0.11930E+00     0.27630E+01     0.16462E+02     0.27630E+01     0.16502E+02     0.45586E+02     0.45467E+02     0.70241E+00     0.17704E-02     0.18710E-02     0.36061E-02     0.64841E-03
     0.10759E+01     0.46517E-03     0.19802E-02     0.11555E+01     0.63119E+00    -0.97946E-03    -0.12441E+00     0.27663E+01     0.16318E+02     0.27663E+01     0.16360E+02     0.45247E+02     0.45123E+02     0.70396E+00     0.17904E-02     0.19086E-02     0.37160E-02     0.70196E-03
     0.10897E+01     0.47512E-03     0.19350E-02     0.11534E+01     0.62647E+00    -0.99219E-03    -0.12634E+00     0.27697E+01     0.16174E+02     0.27697E+01     0.16217E+02     0.44905E+02     0.44779E+02     0.70553E+00     0.18115E-02     0.19489E-02     0.38309E-02     0.75526E-03
     0.11035E+01     0.48529E-03     0.18893E-02     0.11512E+01     0.62173E+00    -0.10058E-02    -0.12971E+00     0.27730E+01     0.16031E+02     0.27730E+01     0.16075E+02     0.44565E+02     0.44436E+02     0.70711E+00     0.18338E-02     0.19919E-02     0.39495E-02     0.80830E-03
     0.11172E+01     0.49565E-03     0.18437E-02     0.11489E+01     0.61696E+00    -0.10202E-02    -0.13195E+00     0.27764E+01     0.15888E+02     0.27764E+01     0.15933E+02     0.44225E+02     0.44093E+02     0.70871E+00     0.18570E-02     0.20377E-02     0.40712E-02     0.86107E-03
     0.11309E+01     0.50621E-03     0.17988E-02     0.11464E+01     0.61218E+00    -0.10354E-02    -0.13419E+00     0.27799E+01     0.15746E+02     0.27799E+01     0.15791E+02     0.43885E+02     0.43751E+02     0.71032E+00     0.18813E-02     0.20862E-02     0.41955E-02     0.91361E-03
     0.11447E+01     0.51699E-03     0.17550E-02     0.11439E+01     0.60738E+00    -0.10515E-02    -0.13810E+00     0.27833E+01     0.15604E+02     0.27833E+01     0.15650E+02     0.43548E+02     0.43410E+02     0.71194E+00     0.19066E-02     0.21373E-02     0.43225E-02     0.96597E-03
     0.11583E+01     0.52794E-03     0.17128E-02     0.11412E+01     0.60257E+00    -0.10684E-02    -0.13985E+00     0.27869E+01     0.15462E+02     0.27869E+01     0.15509E+02     0.43209E+02     0.43070E+02     0.71357E+00     0.19328E-02     0.21906E-02     0.44525E-02     0.10182E-02
     0.11720E+01     0.53903E-03     0.16736E-02     0.11385E+01     0.59773E+00    -0.10862E-02    -0.14191E+00     0.27904E+01     0.15321E+02     0.27904E+01     0.15369E+02     0.42872E+02     0.42730E+02     0.71522E+00     0.19601E-02     0.22455E-02     0.45856E-02     0.10701E-02
     0.11856E+01     0.55023E-03     0.16397E-02     0.11357E+01     0.59288E+00    -0.11048E-02    -0.14377E+00     0.27940E+01     0.15180E+02     0.27940E+01     0.15229E+02     0.42535E+02     0.42391E+02     0.71688E+00     0.19883E-02     0.23016E-02     0.47218E-02     0.11219E-02
     0.11993E+01     0.56155E-03     0.16145E-02     0.11327E+01     0.58802E+00    -0.11241E-02    -0.14443E+00     0.27976E+01     0.15040E+02     0.27976E+01     0.15089E+02     0.42198E+02     0.42054E+02     0.71856E+00     0.20173E-02     0.23584E-02     0.48607E-02     0.11734E-02
     0.12128E+01     0.57299E-03     0.16017E-02     0.11298E+01     0.58314E+00    -0.11441E-02    -0.14781E+00     0.28012E+01     0.14901E+02     0.28012E+01     0.14950E+02     0.41866E+02     0.41718E+02     0.72025E+00     0.20471E-02     0.24160E-02     0.50017E-02     0.12247E-02
     0.12264E+01     0.58449E-03     0.16032E-02     0.11267E+01     0.57825E+00    -0.11648E-02    -0.14839E+00     0.28049E+01     0.14762E+02     0.28049E+01     0.14812E+02     0.41531E+02     0.41383E+02     0.72195E+00     0.20776E-02     0.24744E-02     0.51437E-02     0.12756E-02
     0.12399E+01     0.59601E-03     0.16186E-02     0.11236E+01     0.57335E+00    -0.11861E-02    -0.14937E+00     0.28086E+01     0.14624E+02     0.28086E+01     0.14674E+02     0.41198E+02     0.41049E+02     0.72366E+00     0.21087E-02     0.25337E-02     0.52858E-02     0.13262E-02
     0.12534E+01     0.60754E-03     0.16455E-02     0.11204E+01     0.56843E+00    -0.12080E-02    -0.14912E+00     0.28124E+01     0.14486E+02     0.28124E+01     0.14536E+02     0.40865E+02     0.40716E+02     0.72538E+00     0.21405E-02     0.25941E-02     0.54276E-02     0.13764E-02
     0.12668E+01     0.61909E-03     0.16802E-02     0.11171E+01     0.56351E+00    -0.12304E-02    -0.15039E+00     0.28161E+01     0.14349E+02     0.28161E+01     0.14399E+02     0.40535E+02     0.40385E+02     0.72712E+00     0.21728E-02     0.26558E-02     0.55690E-02     0.14263E-02
     0.12802E+01     0.63065E-03     0.17191E-02     0.11138E+01     0.55857E+00    -0.12535E-02    -0.15158E+00     0.28199E+01     0.14213E+02     0.28199E+01     0.14263E+02     0.40206E+02     0.40055E+02     0.72887E+00     0.22057E-02     0.27188E-02     0.57099E-02     0.14758E-02
     0.12935E+01     0.64218E-03     0.17603E-02     0.11105E+01     0.55363E+00    -0.12771E-02    -0.15149E+00     0.28238E+01     0.14077E+02     0.28238E+01     0.14127E+02     0.39878E+02     0.39726E+02     0.73063E+00     0.22391E-02     0.27831E-02     0.58505E-02     0.15250E-02
     0.13068E+01     0.65367E-03     0.18032E-02     0.11071E+01     0.54867E+00    -0.13013E-02    -0.15140E+00     0.28277E+01     0.13943E+02     0.28277E+01     0.13992E+02     0.39550E+02     0.39399E+02     0.73240E+00     0.22732E-02     0.28482E-02     0.59906E-02     0.15737E-02
     0.13201E+01     0.66509E-03     0.18481E-02     0.11036E+01     0.54370E+00    -0.13263E-02    -0.15116E+00     0.28316E+01     0.13808E+02     0.28316E+01     0.13858E+02     0.39224E+02     0.39073E+02     0.73419E+00     0.23079E-02     0.29142E-02     0.61299E-02     0.16221E-02
     0.13333E+01     0.67643E-03     0.18948E-02     0.11001E+01     0.53873E+00    -0.13521E-02    -0.15021E+00     0.28355E+01     0.13675E+02     0.28355E+01     0.13724E+02     0.38899E+02     0.38749E+02     0.73598E+00     0.23433E-02     0.29809E-02     0.62682E-02     0.16702E-02
     0.13464E+01     0.68770E-03     0.19428E-02     0.10966E+01     0.53374E+00    -0.13787E-02    -0.15050E+00     0.28395E+01     0.13542E+02     0.28395E+01     0.13591E+02     0.38577E+02     0.38426E+02     0.73779E+00     0.23796E-02     0.30483E-02     0.64057E-02     0.17179E-02
     0.13595E+01     0.69886E-03     0.19913E-02     0.10930E+01     0.52876E+00    -0.14062E-02    -0.15001E+00     0.28435E+01     0.13411E+02     0.28435E+01     0.13459E+02     0.38255E+02     0.38105E+02     0.73961E+00     0.24168E-02     0.31163E-02     0.65424E-02     0.17652E-02
     0.13725E+01     0.70987E-03     0.20401E-02     0.10893E+01     0.52377E+00    -0.14346E-02    -0.14803E+00     0.28475E+01     0.13280E+02     0.28475E+01     0.13328E+02     0.37934E+02     0.37786E+02     0.74144E+00     0.24547E-02     0.31848E-02     0.66783E-02     0.18120E-02
     0.13855E+01     0.72071E-03     0.20889E-02     0.10856E+01     0.51877E+00    -0.14637E-02    -0.14680E+00     0.28516E+01     0.13150E+02     0.28516E+01     0.13197E+02     0.37615E+02     0.37468E+02     0.74328E+00     0.24934E-02     0.32536E-02     0.68129E-02     0.18582E-02
     0.13984E+01     0.73137E-03     0.21367E-02     0.10819E+01     0.51377E+00    -0.14935E-02    -0.14465E+00     0.28557E+01     0.13020E+02     0.28557E+01     0.13067E+02     0.37297E+02     0.37153E+02     0.74513E+00     0.25326E-02     0.33225E-02     0.69463E-02     0.19038E-02
     0.14113E+01     0.74182E-03     0.21804E-02     0.10781E+01     0.50877E+00    -0.15238E-02    -0.14316E+00     0.28598E+01     0.12892E+02     0.28598E+01     0.12938E+02     0.36982E+02     0.36839E+02     0.74699E+00     0.25720E-02     0.33912E-02     0.70788E-02     0.19486E-02
     0.14240E+01     0.75202E-03     0.22171E-02     0.10743E+01     0.50378E+00    -0.15545E-02    -0.13991E+00     0.28640E+01     0.12765E+02     0.28640E+01     0.12809E+02     0.36668E+02     0.36528E+02     0.74886E+00     0.26117E-02     0.34601E-02     0.72117E-02     0.19928E-02
     0.14368E+01     0.76192E-03     0.22450E-02     0.10704E+01     0.49878E+00    -0.15855E-02    -0.13744E+00     0.28681E+01     0.12639E+02     0.28681E+01     0.12682E+02     0.36356E+02     0.36218E+02     0.75073E+00     0.26514E-02     0.35294E-02     0.73465E-02     0.20363E-02
     0.14494E+01     0.77151E-03     0.22639E-02     0.10664E+01     0.49379E+00    -0.16167E-02    -0.13332E+00     0.28723E+01     0.12513E+02     0.28723E+01     0.12555E+02     0.36045E+02     0.35911E+02     0.75261E+00     0.26910E-02     0.35989E-02     0.74850E-02     0.20792E-02
     0.14620E+01     0.78074E-03     0.22744E-02     0.10624E+01     0.48881E+00    -0.16481E-02    -0.13014E+00     0.28766E+01     0.12389E+02     0.28766E+01     0.12430E+02     0.35737E+02     0.35606E+02     0.75451E+00     0.27305E-02     0.36685E-02     0.76279E-02     0.21213E-02
     0.14744E+01     0.78956E-03     0.22779E-02     0.10583E+01     0.48382E+00    -0.16795E-02    -0.12508E+00     0.28808E+01     0.12266E+02     0.28808E+01     0.12304E+02     0.35429E+02     0.35304E+02     0.75641E+00     0.27696E-02     0.37378E-02     0.77757E-02     0.21629E-02
     0.14869E+01     0.79791E-03     0.22754E-02     0.10542E+01     0.47885E+00    -0.17109E-02    -0.11939E+00     0.28851E+01     0.12144E+02     0.28851E+01     0.12180E+02     0.35123E+02     0.35003E+02     0.75831E+00     0.28083E-02     0.38066E-02     0.79281E-02     0.22039E-02
     0.14992E+01     0.80575E-03     0.22664E-02     0.10500E+01     0.47388E+00    -0.17421E-02    -0.11349E+00     0.28894E+01     0.12022E+02     0.28894E+01     0.12057E+02     0.34819E+02     0.34705E+02     0.76023E+00     0.28465E-02     0.38750E-02     0.80842E-02     0.22445E-02
     0.15114E+01     0.81302E-03     0.22507E-02     0.10458E+01     0.46892E+00    -0.17731E-02    -0.10522E+00     0.28937E+01     0.11902E+02     0.28937E+01     0.11934E+02     0.34515E+02     0.34410E+02     0.76214E+00     0.28840E-02     0.39431E-02     0.82439E-02     0.22846E-02
     0.15236E+01     0.81974E-03     0.22287E-02     0.10415E+01     0.46397E+00    -0.18036E-02    -0.99113E-01     0.28980E+01     0.11784E+02     0.28980E+01     0.11813E+02     0.34216E+02     0.34117E+02     0.76407E+00     0.29206E-02     0.40117E-02     0.84079E-02     0.23242E-02
     0.15357E+01     0.82588E-03     0.21994E-02     0.10372E+01     0.45903E+00    -0.18336E-02    -0.92281E-01     0.29024E+01     0.11666E+02     0.29024E+01     0.11693E+02     0.33918E+02     0.33826E+02     0.76600E+00     0.29561E-02     0.40809E-02     0.85773E-02     0.23635E-02
     0.15477E+01     0.83140E-03     0.21583E-02     0.10327E+01     0.45410E+00    -0.18629E-02    -0.84132E-01     0.29068E+01     0.11549E+02     0.29068E+01     0.11573E+02     0.33622E+02     0.33538E+02     0.76793E+00     0.29904E-02     0.41505E-02     0.87532E-02     0.24024E-02
     0.15596E+01     0.83625E-03     0.20999E-02     0.10283E+01     0.44919E+00    -0.18913E-02    -0.75556E-01     0.29112E+01     0.11434E+02     0.29112E+01     0.11455E+02     0.33328E+02     0.33252E+02     0.76987E+00     0.30233E-02     0.42200E-02     0.89357E-02     0.24409E-02
     0.15714E+01     0.84039E-03     0.20200E-02     0.10237E+01     0.44428E+00    -0.19188E-02    -0.66062E-01     0.29156E+01     0.11319E+02     0.29156E+01     0.11337E+02     0.33035E+02     0.32969E+02     0.77182E+00     0.30546E-02     0.42890E-02     0.91251E-02     0.24789E-02
     0.15831E+01     0.84375E-03     0.19187E-02     0.10192E+01     0.43939E+00    -0.19452E-02    -0.55414E-01     0.29200E+01     0.11206E+02     0.29200E+01     0.11220E+02     0.32744E+02     0.32689E+02     0.77377E+00     0.30843E-02     0.43572E-02     0.93217E-02     0.25162E-02
     0.15947E+01     0.84635E-03     0.17985E-02     0.10145E+01     0.43451E+00    -0.19706E-02    -0.45010E-01     0.29245E+01     0.11094E+02     0.29245E+01     0.11104E+02     0.32456E+02     0.32411E+02     0.77572E+00     0.31122E-02     0.44243E-02     0.95258E-02     0.25527E-02
     0.16062E+01     0.84819E-03     0.16629E-02     0.10098E+01     0.42964E+00    -0.19948E-02    -0.34579E-01     0.29290E+01     0.10983E+02     0.29290E+01     0.10990E+02     0.32170E+02     0.32135E+02     0.77768E+00     0.31383E-02     0.44900E-02     0.97377E-02     0.25885E-02
     0.16176E+01     0.84925E-03     0.15149E-02     0.10050E+01     0.42479E+00    -0.20175E-02    -0.22723E-01     0.29334E+01     0.10873E+02     0.29334E+01     0.10876E+02     0.31885E+02     0.31862E+02     0.77965E+00     0.31622E-02     0.45544E-02     0.99577E-02     0.26233E-02
     0.16290E+01     0.84946E-03     0.13551E-02     0.10002E+01     0.41995E+00    -0.20386E-02    -0.11333E-01     0.29380E+01     0.10765E+02     0.29380E+01     0.10763E+02     0.31603E+02     0.31592E+02     0.78161E+00     0.31839E-02     0.46178E-02     0.10186E-01     0.26571E-02
     0.16402E+01     0.84878E-03     0.11829E-02     0.99531E+00     0.41513E+00    -0.20578E-02     0.28067E-02     0.29425E+01     0.10657E+02     0.29425E+01     0.10651E+02     0.31321E+02     0.31324E+02     0.78358E+00     0.32028E-02     0.46800E-02     0.10424E-01     0.26899E-02
     0.16512E+01     0.84716E-03     0.99892E-03     0.99035E+00     0.41033E+00    -0.20748E-02     0.15825E-01     0.29470E+01     0.10551E+02     0.29470E+01     0.10540E+02     0.31043E+02     0.31059E+02     0.78556E+00     0.32187E-02     0.47405E-02     0.10672E-01     0.27216E-02
     0.16622E+01     0.84458E-03     0.80575E-03     0.98532E+00     0.40554E+00    -0.20893E-02     0.30638E-01     0.29516E+01     0.10445E+02     0.29516E+01     0.10430E+02     0.30766E+02     0.30796E+02     0.78753E+00     0.32311E-02     0.47993E-02     0.10932E-01     0.27525E-02
     0.16731E+01     0.84098E-03     0.60660E-03     0.98021E+00     0.40076E+00    -0.21009E-02     0.46321E-01     0.29561E+01     0.10341E+02     0.29561E+01     0.10320E+02     0.30490E+02     0.30536E+02     0.78951E+00     0.32396E-02     0.48559E-02     0.11205E-01     0.27823E-02
     0.16839E+01     0.83635E-03     0.40476E-03     0.97502E+00     0.39601E+00    -0.21093E-02     0.62118E-01     0.29607E+01     0.10238E+02     0.29607E+01     0.10212E+02     0.30216E+02     0.30278E+02     0.79149E+00     0.32441E-02     0.49098E-02     0.11493E-01     0.28111E-02
     0.16945E+01     0.83065E-03     0.20293E-03     0.96974E+00     0.39126E+00    -0.21144E-02     0.79275E-01     0.29653E+01     0.10136E+02     0.29653E+01     0.10104E+02     0.29944E+02     0.30023E+02     0.79348E+00     0.32441E-02     0.49604E-02     0.11797E-01     0.28388E-02
     0.17050E+01     0.82388E-03     0.31955E-05     0.96434E+00     0.38653E+00    -0.21158E-02     0.95855E-01     0.29699E+01     0.10035E+02     0.29699E+01     0.99973E+01     0.29674E+02     0.29770E+02     0.79547E+00     0.32393E-02     0.50075E-02     0.12120E-01     0.28651E-02
     0.17154E+01     0.81602E-03    -0.19200E-03     0.95882E+00     0.38180E+00    -0.21132E-02     0.11412E+00     0.29746E+01     0.99349E+01     0.29746E+01     0.98911E+01     0.29405E+02     0.29519E+02     0.79747E+00     0.32294E-02     0.50509E-02     0.12466E-01     0.28901E-02
     0.17257E+01     0.80706E-03    -0.37936E-03     0.95315E+00     0.37709E+00    -0.21062E-02     0.13262E+00     0.29792E+01     0.98357E+01     0.29792E+01     0.97858E+01     0.29137E+02     0.29270E+02     0.79947E+00     0.32140E-02     0.50904E-02     0.12836E-01     0.29139E-02
     0.17358E+01     0.79701E-03    -0.55567E-03     0.94732E+00     0.37238E+00    -0.20947E-02     0.15019E+00     0.29839E+01     0.97374E+01     0.29839E+01     0.96816E+01     0.28873E+02     0.29023E+02     0.80148E+00     0.31929E-02     0.51259E-02     0.13234E-01     0.29365E-02
     0.17458E+01     0.78587E-03    -0.71858E-03     0.94131E+00     0.36767E+00    -0.20783E-02     0.16908E+00     0.29886E+01     0.96398E+01     0.29886E+01     0.95778E+01     0.28608E+02     0.28777E+02     0.80350E+00     0.31656E-02     0.51572E-02     0.13661E-01     0.29576E-02
     0.17557E+01     0.77365E-03    -0.86613E-03     0.93509E+00     0.36296E+00    -0.20566E-02     0.18846E+00     0.29934E+01     0.95429E+01     0.29934E+01     0.94746E+01     0.28345E+02     0.28533E+02     0.80553E+00     0.31318E-02     0.51835E-02     0.14120E-01     0.29770E-02
     0.17655E+01     0.76037E-03    -0.99628E-03     0.92864E+00     0.35825E+00    -0.20293E-02     0.20733E+00     0.29982E+01     0.94467E+01     0.29982E+01     0.93722E+01     0.28083E+02     0.28291E+02     0.80758E+00     0.30911E-02     0.52047E-02     0.14612E-01     0.29945E-02
     0.17751E+01     0.74605E-03    -0.11075E-02     0.92194E+00     0.35353E+00    -0.19961E-02     0.22627E+00     0.30030E+01     0.93511E+01     0.30030E+01     0.92703E+01     0.27823E+02     0.28049E+02     0.80963E+00     0.30433E-02     0.52206E-02     0.15139E-01     0.30098E-02
     0.17845E+01     0.73068E-03    -0.11998E-02     0.91496E+00     0.34880E+00    -0.19566E-02     0.24492E+00     0.30079E+01     0.92559E+01     0.30079E+01     0.91691E+01     0.27564E+02     0.27809E+02     0.81170E+00     0.29877E-02     0.52313E-02     0.15703E-01     0.30228E-02
     0.17939E+01     0.71428E-03    -0.12742E-02     0.90765E+00     0.34405E+00    -0.19106E-02     0.26428E+00     0.30128E+01     0.91611E+01     0.30128E+01     0.90680E+01     0.27305E+02     0.27569E+02     0.81379E+00     0.29243E-02     0.52371E-02     0.16306E-01     0.30333E-02
     0.18031E+01     0.69688E-03    -0.13326E-02     0.89997E+00     0.33927E+00    -0.18576E-02     0.28234E+00     0.30178E+01     0.90666E+01     0.30178E+01     0.89677E+01     0.27048E+02     0.27330E+02     0.81591E+00     0.28525E-02     0.52376E-02     0.16951E-01     0.30409E-02
     0.18121E+01     0.67851E-03    -0.13774E-02     0.89186E+00     0.33447E+00    -0.17975E-02     0.30166E+00     0.30229E+01     0.89721E+01     0.30229E+01     0.88670E+01     0.26789E+02     0.27090E+02     0.81804E+00     0.27722E-02     0.52328E-02     0.17640E-01     0.30456E-02
     0.18210E+01     0.65924E-03    -0.14121E-02     0.88328E+00     0.32962E+00    -0.17301E-02     0.31739E+00     0.30280E+01     0.88777E+01     0.30280E+01     0.87676E+01     0.26534E+02     0.26851E+02     0.82021E+00     0.26832E-02     0.52227E-02     0.18374E-01     0.30469E-02
     0.18298E+01     0.63911E-03    -0.14396E-02     0.87414E+00     0.32473E+00    -0.16553E-02     0.33232E+00     0.30332E+01     0.87831E+01     0.30332E+01     0.86683E+01     0.26278E+02     0.26611E+02     0.82240E+00     0.25856E-02     0.52069E-02     0.19152E-01     0.30441E-02
     0.18384E+01     0.61814E-03    -0.14606E-02     0.86437E+00     0.31978E+00    -0.15733E-02     0.34573E+00     0.30385E+01     0.86882E+01     0.30385E+01     0.85691E+01     0.26023E+02     0.26369E+02     0.82464E+00     0.24796E-02     0.51848E-02     0.19972E-01     0.30365E-02
     0.18468E+01     0.59635E-03    -0.14748E-02     0.85389E+00     0.31475E+00    -0.14843E-02     0.35791E+00     0.30440E+01     0.85925E+01     0.30440E+01     0.84696E+01     0.25767E+02     0.26125E+02     0.82693E+00     0.23654E-02     0.51551E-02     0.20831E-01     0.30231E-02
     0.18551E+01     0.57380E-03    -0.14814E-02     0.84258E+00     0.30963E+00    -0.13882E-02     0.36827E+00     0.30496E+01     0.84958E+01     0.30496E+01     0.83698E+01     0.25511E+02     0.25879E+02     0.82927E+00     0.22432E-02     0.51162E-02     0.21724E-01     0.30034E-02
     0.18633E+01     0.55060E-03    -0.14796E-02     0.83034E+00     0.30439E+00    -0.12856E-02     0.37210E+00     0.30553E+01     0.83979E+01     0.30553E+01     0.82709E+01     0.25257E+02     0.25629E+02     0.83167E+00     0.21135E-02     0.50663E-02     0.22645E-01     0.29764E-02
     0.18713E+01     0.52680E-03    -0.14681E-02     0.81703E+00     0.29901E+00    -0.11767E-02     0.37210E+00     0.30613E+01     0.82983E+01     0.30613E+01     0.81715E+01     0.25002E+02     0.25374E+02     0.83416E+00     0.19768E-02     0.50038E-02     0.23587E-01     0.29412E-02
     0.18791E+01     0.50245E-03    -0.14451E-02     0.80250E+00     0.29347E+00    -0.10622E-02     0.36750E+00     0.30675E+01     0.81964E+01     0.30675E+01     0.80714E+01     0.24746E+02     0.25113E+02     0.83674E+00     0.18340E-02     0.49271E-02     0.24536E-01     0.28965E-02
     0.18867E+01     0.47758E-03    -0.14090E-02     0.78659E+00     0.28772E+00    -0.94292E-03     0.35799E+00     0.30740E+01     0.80918E+01     0.30740E+01     0.79701E+01     0.24487E+02     0.24845E+02     0.83943E+00     0.16862E-02     0.48344E-02     0.25473E-01     0.28408E-02
     0.18942E+01     0.45223E-03    -0.13588E-02     0.76910E+00     0.28172E+00    -0.82005E-03     0.33955E+00     0.30808E+01     0.79838E+01     0.30808E+01     0.78683E+01     0.24228E+02     0.24568E+02     0.84226E+00     0.15347E-02     0.47244E-02     0.26372E-01     0.27723E-02
     0.19015E+01     0.42638E-03    -0.12952E-02     0.74981E+00     0.27543E+00    -0.69487E-03     0.30957E+00     0.30880E+01     0.78716E+01     0.30880E+01     0.77661E+01     0.23970E+02     0.24279E+02     0.84524E+00     0.13813E-02     0.45958E-02     0.27199E-01     0.26891E-02
     0.19087E+01     0.39999E-03    -0.12199E-02     0.72847E+00     0.26878E+00    -0.56885E-03     0.26548E+00     0.30957E+01     0.77544E+01     0.30957E+01     0.76634E+01     0.23712E+02     0.23977E+02     0.84842E+00     0.12276E-02     0.44478E-02     0.27914E-01     0.25889E-02
     0.19157E+01     0.37293E-03    -0.11355E-02     0.70482E+00     0.26169E+00    -0.44360E-03     0.20774E+00     0.31040E+01     0.76308E+01     0.31040E+01     0.75587E+01     0.23450E+02     0.23658E+02     0.85184E+00     0.10756E-02     0.42794E-02     0.28465E-01     0.24696E-02
     0.19225E+01     0.34501E-03    -0.10447E-02     0.67856E+00     0.25406E+00    -0.32085E-03     0.13267E+00     0.31131E+01     0.74996E+01     0.31131E+01     0.74518E+01     0.23186E+02     0.23319E+02     0.85554E+00     0.92741E-03     0.40900E-02     0.28792E-01     0.23291E-02
     0.19291E+01     0.31598E-03    -0.95072E-03     0.64941E+00     0.24580E+00    -0.20238E-03     0.36804E-01     0.31230E+01     0.73592E+01     0.31230E+01     0.73422E+01     0.22918E+02     0.22955E+02     0.85959E+00     0.78508E-03     0.38790E-02     0.28824E-01     0.21659E-02
     0.19355E+01     0.28558E-03    -0.85698E-03     0.61708E+00     0.23675E+00    -0.89989E-04    -0.88134E-01     0.31340E+01     0.72078E+01     0.31340E+01     0.72308E+01     0.22650E+02     0.22562E+02     0.86406E+00     0.65071E-03     0.36464E-02     0.28483E-01     0.19790E-02
     0.19418E+01     0.25357E-03    -0.76678E-03     0.58133E+00     0.22678E+00     0.14606E-04    -0.24568E+00     0.31463E+01     0.70433E+01     0.31463E+01     0.71164E+01     0.22380E+02     0.22134E+02     0.86905E+00     0.52627E-03     0.33926E-02     0.27685E-01     0.17690E-02
     0.19479E+01     0.21982E-03    -0.68256E-03     0.54199E+00     0.21569E+00     0.10988E-03    -0.44314E+00     0.31601E+01     0.68638E+01     0.31601E+01     0.69992E+01     0.22108E+02     0.21665E+02     0.87465E+00     0.41349E-03     0.31187E-02     0.26353E-01     0.15382E-02
     0.19537E+01     0.18448E-03    -0.60510E-03     0.49898E+00     0.20331E+00     0.19458E-03    -0.68748E+00     0.31759E+01     0.66671E+01     0.31759E+01     0.68791E+01     0.21838E+02     0.21150E+02     0.88099E+00     0.31379E-03     0.28264E-02     0.24428E-01     0.12916E-02
     0.19594E+01     0.14819E-03    -0.53341E-03     0.45240E+00     0.18943E+00     0.26776E-03    -0.98378E+00     0.31939E+01     0.64515E+01     0.31939E+01     0.67554E+01     0.21567E+02     0.20584E+02     0.88821E+00     0.22817E-03     0.25171E-02     0.21892E-01     0.10375E-02
     0.19650E+01     0.11220E-03    -0.46557E-03     0.40254E+00     0.17388E+00     0.32889E-03    -0.13378E+01     0.32145E+01     0.62159E+01     0.32145E+01     0.66285E+01     0.21300E+02     0.19962E+02     0.89643E+00     0.15722E-03     0.21921E-02     0.18794E-01     0.78724E-03
     0.19703E+01     0.78425E-04    -0.39972E-03     0.34993E+00     0.15652E+00     0.37782E-03    -0.17509E+01     0.32382E+01     0.59603E+01     0.32382E+01     0.64981E+01     0.21035E+02     0.19284E+02     0.90578E+00     0.10101E-03     0.18528E-02     0.15272E-01     0.55490E-03
     0.19754E+01     0.49127E-04    -0.33473E-03     0.29532E+00     0.13727E+00     0.41487E-03    -0.22218E+01     0.32652E+01     0.56861E+01     0.32652E+01     0.63643E+01     0.20775E+02     0.18553E+02     0.91638E+00     0.59046E-04     0.15016E-02     0.11564E-01     0.35493E-03
     0.19803E+01     0.26370E-04    -0.27030E-03     0.23964E+00     0.11612E+00     0.44087E-03    -0.27490E+01     0.32958E+01     0.53958E+01     0.32958E+01     0.62284E+01     0.20523E+02     0.17774E+02     0.92831E+00     0.30200E-04     0.11438E-02     0.79813E-02     0.19901E-03
     0.19850E+01     0.11238E-04    -0.20675E-03     0.18388E+00     0.93137E-01     0.45717E-03    -0.33250E+01     0.33303E+01     0.50934E+01     0.33303E+01     0.60910E+01     0.20282E+02     0.16957E+02     0.94164E+00     0.12618E-04     0.79037E-03     0.48492E-02     0.92481E-04
     0.19896E+01     0.32422E-05    -0.14471E-03     0.12901E+00     0.68436E-01     0.46571E-03    -0.39445E+01     0.33690E+01     0.47832E+01     0.33690E+01     0.59537E+01     0.20056E+02     0.16112E+02     0.95642E+00     0.37499E-05     0.46161E-03     0.24269E-02     0.32018E-04
     0.19939E+01     0.39611E-06    -0.84794E-04     0.75769E-01     0.42147E-01     0.46901E-03    -0.45998E+01     0.34120E+01     0.44695E+01     0.34120E+01     0.58175E+01     0.19848E+02     0.15249E+02     0.97269E+00     0.55693E-06     0.19035E-03     0.84224E-03     0.63303E-05
     0.19980E+01     0.00000E+00    -0.27542E-04     0.24665E-01     0.14393E-01     0.46957E-03    -0.52925E+01     0.34596E+01     0.41558E+01     0.34596E+01     0.56856E+01     0.19670E+02     0.14377E+02     0.99050E+00     0.81417E-08     0.24215E-04     0.89463E-04     0.20705E-06
