     0.20039E-02     0.30240E-04    -0.40909E-02     0.76860E-06     0.00000E+00     0.76441E-04    -0.26856E-04     0.40125E-02     0.00000E+00
     0.61156E-02     0.27890E-03    -0.38943E-02     0.23224E-04     0.00000E+00     0.14974E-03     0.38435E-04     0.37185E-02     0.00000E+00
     0.10434E-01     0.79398E-03    -0.37834E-02     0.11728E-03     0.00000E+00     0.20367E-03     0.14423E-03     0.34272E-02     0.00000E+00
     0.14956E-01     0.15894E-02    -0.36688E-02     0.34381E-03     0.00000E+00     0.22416E-03     0.39531E-03     0.30015E-02     0.00000E+00
     0.19680E-01     0.26646E-02    -0.35355E-02     0.76131E-03     0.00000E+00     0.22913E-03     0.76323E-03     0.23793E-02     0.00000E+00
     0.24604E-01     0.39955E-02    -0.33770E-02     0.14081E-02     0.00000E+00     0.22278E-03     0.11734E-02     0.15737E-02     0.00000E+00
     0.29725E-01     0.55301E-02    -0.32086E-02     0.22858E-02     0.00000E+00     0.21084E-03     0.14950E-02     0.67364E-03     0.00000E+00
     0.35041E-01     0.71929E-02    -0.30564E-02     0.33518E-02     0.00000E+00     0.19568E-03     0.16049E-02    -0.19492E-03     0.00000E+00
     0.40551E-01     0.88949E-02    -0.29431E-02     0.45249E-02     0.00000E+00     0.17867E-03     0.14338E-02    -0.91716E-03     0.00000E+00
     0.46252E-01     0.10548E-01    -0.28795E-02     0.57026E-02     0.00000E+00     0.16016E-03     0.99070E-03    -0.14240E-02     0.00000E+00
     0.52141E-01     0.12075E-01    -0.28620E-02     0.67833E-02     0.00000E+00     0.14019E-03     0.35070E-03    -0.17016E-02     0.00000E+00
     0.58216E-01     0.13420E-01    -0.28771E-02     0.76849E-02     0.00000E+00     0.11871E-03    -0.37733E-03    -0.17792E-02     0.00000E+00
     0.64476E-01     0.14551E-01    -0.29077E-02     0.83560E-02     0.00000E+00     0.95935E-04    -0.10863E-02    -0.17082E-02     0.00000E+00
     0.70917E-01     0.15454E-01    -0.29384E-02     0.87781E-02     0.00000E+00     0.72305E-04    -0.16948E-02    -0.15430E-02     0.00000E+00
     0.77539E-01     0.16132E-01    -0.29585E-02     0.89602E-02     0.00000E+00     0.48484E-04    -0.21554E-02    -0.13298E-02     0.00000E+00
     0.84338E-01     0.16601E-01    -0.29622E-02     0.89310E-02     0.00000E+00     0.25272E-04    -0.24523E-02    -0.11029E-02     0.00000E+00
     0.91312E-01     0.16883E-01    -0.29475E-02     0.87295E-02     0.00000E+00     0.35162E-05    -0.25926E-02    -0.88480E-03     0.00000E+00
     0.98459E-01     0.17005E-01    -0.29148E-02     0.83979E-02     0.00000E+00    -0.16015E-04    -0.25982E-02    -0.68882E-03     0.00000E+00
     0.10578E+00     0.16992E-01    -0.28660E-02     0.79761E-02     0.00000E+00    -0.32707E-04    -0.24978E-02    -0.52100E-03     0.00000E+00
     0.11326E+00     0.16870E-01    -0.28038E-02     0.74989E-02     0.00000E+00    -0.46134E-04    -0.23219E-02    -0.38237E-03     0.00000E+00
     0.12092E+00     0.16662E-01    -0.27311E-02     0.69943E-02     0.00000E+00    -0.56081E-04    -0.20975E-02    -0.27092E-03     0.00000E+00
     0.12873E+00     0.16387E-01    -0.26502E-02     0.64840E-02     0.00000E+00    -0.62476E-04    -0.18473E-02    -0.18350E-03     0.00000E+00
     0.13671E+00     0.16062E-01    -0.25633E-02     0.59836E-02     0.00000E+00    -0.65461E-04    -0.15890E-02    -0.11657E-03     0.00000E+00
     0.14485E+00     0.15702E-01    -0.24720E-02     0.55040E-02     0.00000E+00    -0.65441E-04    -0.13352E-02    -0.66476E-04     0.00000E+00
     0.15315E+00     0.15317E-01    -0.23782E-02     0.50525E-02     0.00000E+00    -0.62781E-04    -0.10947E-02    -0.29777E-04     0.00000E+00
     0.16160E+00     0.14917E-01    -0.22834E-02     0.46336E-02     0.00000E+00    -0.57675E-04    -0.87454E-03    -0.31904E-05     0.00000E+00
     0.17021E+00     0.14508E-01    -0.21890E-02     0.42492E-02     0.00000E+00    -0.50496E-04    -0.67929E-03     0.16580E-04     0.00000E+00
     0.17896E+00     0.14096E-01    -0.20960E-02     0.38994E-02     0.00000E+00    -0.41906E-04    -0.51078E-03     0.31776E-04     0.00000E+00
     0.18787E+00     0.13687E-01    -0.20045E-02     0.35827E-02     0.00000E+00    -0.32644E-04    -0.36816E-03     0.43026E-04     0.00000E+00
     0.19692E+00     0.13284E-01    -0.19144E-02     0.32971E-02     0.00000E+00    -0.23447E-04    -0.24865E-03     0.50157E-04     0.00000E+00
     0.20611E+00     0.12890E-01    -0.18256E-02     0.30395E-02     0.00000E+00    -0.14886E-04    -0.14918E-03     0.53106E-04     0.00000E+00
     0.21545E+00     0.12507E-01    -0.17384E-02     0.28071E-02     0.00000E+00    -0.73380E-05    -0.66983E-04     0.52641E-04     0.00000E+00
     0.22493E+00     0.12136E-01    -0.16534E-02     0.25971E-02     0.00000E+00    -0.89958E-06    -0.47144E-06     0.50238E-04     0.00000E+00
     0.23454E+00     0.11777E-01    -0.15713E-02     0.24071E-02     0.00000E+00     0.46467E-05     0.50700E-04     0.47633E-04     0.00000E+00
     0.24429E+00     0.11430E-01    -0.14928E-02     0.22345E-02     0.00000E+00     0.93036E-05     0.88261E-04     0.46056E-04     0.00000E+00
     0.25418E+00     0.11095E-01    -0.14178E-02     0.20771E-02     0.00000E+00     0.12841E-04     0.11603E-03     0.44986E-04     0.00000E+00
     0.26419E+00     0.10772E-01    -0.13460E-02     0.19329E-02     0.00000E+00     0.15102E-04     0.13849E-03     0.42885E-04     0.00000E+00
     0.27434E+00     0.10461E-01    -0.12773E-02     0.18005E-02     0.00000E+00     0.15893E-04     0.15871E-03     0.39591E-04     0.00000E+00
     0.28460E+00     0.10162E-01    -0.12119E-02     0.16790E-02     0.00000E+00     0.15004E-04     0.17750E-03     0.36164E-04     0.00000E+00
     0.29500E+00     0.98748E-02    -0.11498E-02     0.15679E-02     0.00000E+00     0.12473E-04     0.19467E-03     0.32693E-04     0.00000E+00
     0.30551E+00     0.95974E-02    -0.10908E-02     0.14665E-02     0.00000E+00     0.83868E-05     0.21031E-03     0.28808E-04     0.00000E+00
     0.31615E+00     0.93290E-02    -0.10350E-02     0.13738E-02     0.00000E+00     0.28419E-05     0.22339E-03     0.25494E-04     0.00000E+00
     0.32690E+00     0.90689E-02    -0.98241E-03     0.12890E-02     0.00000E+00    -0.36798E-05     0.23301E-03     0.23149E-04     0.00000E+00
     0.33777E+00     0.88162E-02    -0.93284E-03     0.12111E-02     0.00000E+00    -0.10617E-04     0.24074E-03     0.21127E-04     0.00000E+00
     0.34875E+00     0.85706E-02    -0.88638E-03     0.11397E-02     0.00000E+00    -0.17396E-04     0.24700E-03     0.19247E-04     0.00000E+00
     0.35985E+00     0.83315E-02    -0.84304E-03     0.10743E-02     0.00000E+00    -0.23518E-04     0.25038E-03     0.17889E-04     0.00000E+00
     0.37105E+00     0.80984E-02    -0.80257E-03     0.10141E-02     0.00000E+00    -0.28875E-04     0.25059E-03     0.17106E-04     0.00000E+00
     0.38236E+00     0.78715E-02    -0.76459E-03     0.95851E-03     0.00000E+00    -0.33692E-04     0.24842E-03     0.16889E-04     0.00000E+00
     0.39377E+00     0.76507E-02    -0.72856E-03     0.90645E-03     0.00000E+00    -0.38437E-04     0.24541E-03     0.16856E-04     0.00000E+00
     0.40528E+00     0.74363E-02    -0.69434E-03     0.85721E-03     0.00000E+00    -0.43329E-04     0.24340E-03     0.16655E-04     0.00000E+00
     0.41690E+00     0.72285E-02    -0.66212E-03     0.81049E-03     0.00000E+00    -0.48325E-04     0.24276E-03     0.16400E-04     0.00000E+00
     0.42861E+00     0.70274E-02    -0.63178E-03     0.76618E-03     0.00000E+00    -0.53475E-04     0.24282E-03     0.15963E-04     0.00000E+00
     0.44042E+00     0.68330E-02    -0.60317E-03     0.72410E-03     0.00000E+00    -0.58724E-04     0.24268E-03     0.15398E-04     0.00000E+00
     0.45232E+00     0.66453E-02    -0.57607E-03     0.68400E-03     0.00000E+00    -0.64000E-04     0.24209E-03     0.14501E-04     0.00000E+00
     0.46431E+00     0.64640E-02    -0.55030E-03     0.64571E-03     0.00000E+00    -0.69150E-04     0.24121E-03     0.13137E-04     0.00000E+00
     0.47639E+00     0.62885E-02    -0.52586E-03     0.60918E-03     0.00000E+00    -0.73927E-04     0.23979E-03     0.11481E-04     0.00000E+00
     0.48855E+00     0.61183E-02    -0.50277E-03     0.57444E-03     0.00000E+00    -0.78246E-04     0.23853E-03     0.96498E-05     0.00000E+00
     0.50081E+00     0.59523E-02    -0.48100E-03     0.54138E-03     0.00000E+00    -0.82001E-04     0.23857E-03     0.79299E-05     0.00000E+00
     0.51314E+00     0.57898E-02    -0.46057E-03     0.50969E-03     0.00000E+00    -0.85090E-04     0.24031E-03     0.68458E-05     0.00000E+00
     0.52555E+00     0.56303E-02    -0.44141E-03     0.47899E-03     0.00000E+00    -0.87706E-04     0.24239E-03     0.68771E-05     0.00000E+00
     0.53804E+00     0.54738E-02    -0.42326E-03     0.44901E-03     0.00000E+00    -0.90227E-04     0.24405E-03     0.74014E-05     0.00000E+00
     0.55061E+00     0.53209E-02    -0.40587E-03     0.41967E-03     0.00000E+00    -0.92791E-04     0.24591E-03     0.77693E-05     0.00000E+00
     0.56325E+00     0.51717E-02    -0.38920E-03     0.39090E-03     0.00000E+00    -0.95233E-04     0.24781E-03     0.80939E-05     0.00000E+00
     0.57596E+00     0.50266E-02    -0.37317E-03     0.36271E-03     0.00000E+00    -0.97310E-04     0.24946E-03     0.83077E-05     0.00000E+00
     0.58874E+00     0.48858E-02    -0.35767E-03     0.33521E-03     0.00000E+00    -0.98833E-04     0.25215E-03     0.77249E-05     0.00000E+00
     0.60158E+00     0.47490E-02    -0.34285E-03     0.30859E-03     0.00000E+00    -0.99862E-04     0.25692E-03     0.66731E-05     0.00000E+00
     0.61449E+00     0.46158E-02    -0.32898E-03     0.28301E-03     0.00000E+00    -0.10054E-03     0.26211E-03     0.60926E-05     0.00000E+00
     0.62747E+00     0.44859E-02    -0.31611E-03     0.25853E-03     0.00000E+00    -0.10081E-03     0.26575E-03     0.63996E-05     0.00000E+00
     0.64050E+00     0.43594E-02    -0.30412E-03     0.23505E-03     0.00000E+00    -0.10068E-03     0.26748E-03     0.74269E-05     0.00000E+00
     0.65359E+00     0.42373E-02    -0.29281E-03     0.21242E-03     0.00000E+00    -0.10016E-03     0.26795E-03     0.86533E-05     0.00000E+00
     0.66673E+00     0.41201E-02    -0.28198E-03     0.19059E-03     0.00000E+00    -0.99354E-04     0.26846E-03     0.94742E-05     0.00000E+00
     0.67993E+00     0.40086E-02    -0.27160E-03     0.16962E-03     0.00000E+00    -0.98367E-04     0.27043E-03     0.97009E-05     0.00000E+00
     0.69318E+00     0.39031E-02    -0.26191E-03     0.14968E-03     0.00000E+00    -0.97208E-04     0.27400E-03     0.97010E-05     0.00000E+00
     0.70648E+00     0.38035E-02    -0.25300E-03     0.13093E-03     0.00000E+00    -0.95780E-04     0.27783E-03     0.97957E-05     0.00000E+00
     0.71982E+00     0.37102E-02    -0.24474E-03     0.11340E-03     0.00000E+00    -0.93941E-04     0.28122E-03     0.97912E-05     0.00000E+00
     0.73321E+00     0.36231E-02    -0.23708E-03     0.97064E-04     0.00000E+00    -0.91642E-04     0.28433E-03     0.96544E-05     0.00000E+00
     0.74665E+00     0.35422E-02    -0.23008E-03     0.81886E-04     0.00000E+00    -0.88916E-04     0.28699E-03     0.95947E-05     0.00000E+00
     0.76012E+00     0.34676E-02    -0.22375E-03     0.67888E-04     0.00000E+00    -0.85805E-04     0.28938E-03     0.95824E-05     0.00000E+00
     0.77363E+00     0.33994E-02    -0.21804E-03     0.55126E-04     0.00000E+00    -0.82232E-04     0.29191E-03     0.95917E-05     0.00000E+00
     0.78717E+00     0.33376E-02    -0.21296E-03     0.43663E-04     0.00000E+00    -0.78118E-04     0.29426E-03     0.98088E-05     0.00000E+00
     0.80075E+00     0.32824E-02    -0.20848E-03     0.33526E-04     0.00000E+00    -0.73480E-04     0.29562E-03     0.10280E-04     0.00000E+00
     0.81436E+00     0.32342E-02    -0.20448E-03     0.24707E-04     0.00000E+00    -0.68414E-04     0.29591E-03     0.10720E-04     0.00000E+00
     0.82800E+00     0.31934E-02    -0.20085E-03     0.17202E-04     0.00000E+00    -0.63085E-04     0.29571E-03     0.10941E-04     0.00000E+00
     0.84166E+00     0.31602E-02    -0.19768E-03     0.11031E-04     0.00000E+00    -0.57633E-04     0.29497E-03     0.11100E-04     0.00000E+00
     0.85535E+00     0.31347E-02    -0.19504E-03     0.62207E-05     0.00000E+00    -0.52129E-04     0.29344E-03     0.11253E-04     0.00000E+00
     0.86906E+00     0.31172E-02    -0.19294E-03     0.27840E-05     0.00000E+00    -0.46576E-04     0.29142E-03     0.11305E-04     0.00000E+00
     0.88279E+00     0.31075E-02    -0.19135E-03     0.71590E-06     0.00000E+00    -0.40939E-04     0.28928E-03     0.11200E-04     0.00000E+00
     0.89654E+00     0.31059E-02    -0.19018E-03     0.26409E-09     0.00000E+00    -0.35148E-04     0.28723E-03     0.10831E-04     0.00000E+00
     0.91031E+00     0.31119E-02    -0.18942E-03     0.61570E-06     0.00000E+00    -0.29238E-04     0.28513E-03     0.10334E-04     0.00000E+00
     0.92408E+00     0.31252E-02    -0.18909E-03     0.25403E-05     0.00000E+00    -0.23326E-04     0.28242E-03     0.99508E-05     0.00000E+00
     0.93787E+00     0.31457E-02    -0.18924E-03     0.57564E-05     0.00000E+00    -0.17532E-04     0.27894E-03     0.97012E-05     0.00000E+00
     0.95167E+00     0.31732E-02    -0.18991E-03     0.10245E-04     0.00000E+00    -0.11958E-04     0.27496E-03     0.94521E-05     0.00000E+00
     0.96547E+00     0.32074E-02    -0.19111E-03     0.15986E-04     0.00000E+00    -0.66254E-05     0.27066E-03     0.91722E-05     0.00000E+00
     0.97928E+00     0.32482E-02    -0.19287E-03     0.22964E-04     0.00000E+00    -0.15306E-05     0.26613E-03     0.90583E-05     0.00000E+00
     0.99309E+00     0.32954E-02    -0.19517E-03     0.31167E-04     0.00000E+00     0.33628E-05     0.26142E-03     0.91557E-05     0.00000E+00
     0.10069E+01     0.33492E-02    -0.19795E-03     0.40574E-04     0.00000E+00     0.80527E-05     0.25668E-03     0.92858E-05     0.00000E+00
     0.10207E+01     0.34096E-02    -0.20116E-03     0.51143E-04     0.00000E+00     0.12536E-04     0.25183E-03     0.92379E-05     0.00000E+00
     0.10345E+01     0.34765E-02    -0.20477E-03     0.62818E-04     0.00000E+00     0.16855E-04     0.24681E-03     0.88610E-05     0.00000E+00
     0.10483E+01     0.35497E-02    -0.20877E-03     0.75514E-04     0.00000E+00     0.20899E-04     0.24175E-03     0.81306E-05     0.00000E+00
     0.10621E+01     0.36287E-02    -0.21317E-03     0.89096E-04     0.00000E+00     0.24618E-04     0.23636E-03     0.71993E-05     0.00000E+00
     0.10759E+01     0.37127E-02    -0.21799E-03     0.10339E-03     0.00000E+00     0.28008E-04     0.23027E-03     0.62879E-05     0.00000E+00
     0.10897E+01     0.38011E-02    -0.22316E-03     0.11827E-03     0.00000E+00     0.30945E-04     0.22357E-03     0.54515E-05     0.00000E+00
     0.11035E+01     0.38934E-02    -0.22871E-03     0.13366E-03     0.00000E+00     0.33388E-04     0.21640E-03     0.48651E-05     0.00000E+00
     0.11172E+01     0.39889E-02    -0.23474E-03     0.14957E-03     0.00000E+00     0.35377E-04     0.20905E-03     0.47064E-05     0.00000E+00
     0.11309E+01     0.40877E-02    -0.24125E-03     0.16605E-03     0.00000E+00     0.36958E-04     0.20203E-03     0.47036E-05     0.00000E+00
     0.11447E+01     0.41897E-02    -0.24820E-03     0.18306E-03     0.00000E+00     0.38230E-04     0.19547E-03     0.45994E-05     0.00000E+00
     0.11583E+01     0.42947E-02    -0.25555E-03     0.20048E-03     0.00000E+00     0.39272E-04     0.18939E-03     0.43870E-05     0.00000E+00
     0.11720E+01     0.44026E-02    -0.26331E-03     0.21823E-03     0.00000E+00     0.40240E-04     0.18366E-03     0.39998E-05     0.00000E+00
     0.11856E+01     0.45130E-02    -0.27152E-03     0.23627E-03     0.00000E+00     0.41214E-04     0.17801E-03     0.34543E-05     0.00000E+00
     0.11993E+01     0.46256E-02    -0.28021E-03     0.25454E-03     0.00000E+00     0.42155E-04     0.17221E-03     0.28837E-05     0.00000E+00
     0.12128E+01     0.47399E-02    -0.28940E-03     0.27299E-03     0.00000E+00     0.42997E-04     0.16628E-03     0.23306E-05     0.00000E+00
     0.12264E+01     0.48555E-02    -0.29902E-03     0.29161E-03     0.00000E+00     0.43500E-04     0.15992E-03     0.16923E-05     0.00000E+00
     0.12399E+01     0.49720E-02    -0.30916E-03     0.31037E-03     0.00000E+00     0.43513E-04     0.15317E-03     0.13956E-05     0.00000E+00
     0.12534E+01     0.50892E-02    -0.31990E-03     0.32932E-03     0.00000E+00     0.43055E-04     0.14752E-03     0.15634E-05     0.00000E+00
     0.12668E+01     0.52070E-02    -0.33121E-03     0.34846E-03     0.00000E+00     0.42210E-04     0.14431E-03     0.17126E-05     0.00000E+00
     0.12802E+01     0.53256E-02    -0.34306E-03     0.36772E-03     0.00000E+00     0.41024E-04     0.14317E-03     0.15739E-05     0.00000E+00
     0.12935E+01     0.54448E-02    -0.35538E-03     0.38706E-03     0.00000E+00     0.39388E-04     0.14252E-03     0.13344E-05     0.00000E+00
     0.13068E+01     0.55646E-02    -0.36819E-03     0.40669E-03     0.00000E+00     0.37228E-04     0.14204E-03     0.12538E-05     0.00000E+00
     0.13201E+01     0.56848E-02    -0.38155E-03     0.42674E-03     0.00000E+00     0.34586E-04     0.14199E-03     0.11814E-05     0.00000E+00
     0.13333E+01     0.58053E-02    -0.39553E-03     0.44710E-03     0.00000E+00     0.31718E-04     0.14176E-03     0.11707E-05     0.00000E+00
     0.13464E+01     0.59261E-02    -0.41012E-03     0.46770E-03     0.00000E+00     0.28914E-04     0.14194E-03     0.13741E-05     0.00000E+00
     0.13595E+01     0.60472E-02    -0.42516E-03     0.48866E-03     0.00000E+00     0.26154E-04     0.14305E-03     0.12000E-05     0.00000E+00
     0.13725E+01     0.61685E-02    -0.44075E-03     0.51032E-03     0.00000E+00     0.23540E-04     0.14294E-03     0.66847E-06     0.00000E+00
     0.13855E+01     0.62897E-02    -0.45724E-03     0.53300E-03     0.00000E+00     0.21474E-04     0.13968E-03     0.35001E-06     0.00000E+00
     0.13984E+01     0.64105E-02    -0.47475E-03     0.55669E-03     0.00000E+00     0.20067E-04     0.13384E-03     0.48679E-06     0.00000E+00
     0.14113E+01     0.65310E-02    -0.49312E-03     0.58125E-03     0.00000E+00     0.19141E-04     0.12660E-03     0.13588E-05     0.00000E+00
     0.14240E+01     0.66517E-02    -0.51241E-03     0.60649E-03     0.00000E+00     0.18706E-04     0.11911E-03     0.30634E-05     0.00000E+00
     0.14368E+01     0.67735E-02    -0.53237E-03     0.63207E-03     0.00000E+00     0.19063E-04     0.11296E-03     0.44795E-05     0.00000E+00
     0.14494E+01     0.68973E-02    -0.55272E-03     0.65783E-03     0.00000E+00     0.20124E-04     0.10808E-03     0.48606E-05     0.00000E+00
     0.14620E+01     0.70233E-02    -0.57383E-03     0.68390E-03     0.00000E+00     0.21412E-04     0.10436E-03     0.49829E-05     0.00000E+00
     0.14744E+01     0.71513E-02    -0.59571E-03     0.71043E-03     0.00000E+00     0.22657E-04     0.10250E-03     0.45174E-05     0.00000E+00
     0.14869E+01     0.72811E-02    -0.61832E-03     0.73777E-03     0.00000E+00     0.23643E-04     0.10062E-03     0.37794E-05     0.00000E+00
     0.14992E+01     0.74123E-02    -0.64206E-03     0.76643E-03     0.00000E+00     0.24215E-04     0.97517E-04     0.38839E-05     0.00000E+00
     0.15114E+01     0.75447E-02    -0.66726E-03     0.79668E-03     0.00000E+00     0.24697E-04     0.94304E-04     0.50060E-05     0.00000E+00
     0.15236E+01     0.76790E-02    -0.69400E-03     0.82840E-03     0.00000E+00     0.25625E-04     0.92166E-04     0.64510E-05     0.00000E+00
     0.15357E+01     0.78158E-02    -0.72202E-03     0.86103E-03     0.00000E+00     0.26753E-04     0.92126E-04     0.70812E-05     0.00000E+00
     0.15477E+01     0.79554E-02    -0.75100E-03     0.89390E-03     0.00000E+00     0.27280E-04     0.94151E-04     0.67503E-05     0.00000E+00
     0.15596E+01     0.80974E-02    -0.78114E-03     0.92684E-03     0.00000E+00     0.26883E-04     0.97090E-04     0.66552E-05     0.00000E+00
     0.15714E+01     0.82419E-02    -0.81271E-03     0.96036E-03     0.00000E+00     0.25665E-04     0.10121E-03     0.69876E-05     0.00000E+00
     0.15831E+01     0.83887E-02    -0.84585E-03     0.99516E-03     0.00000E+00     0.23869E-04     0.10601E-03     0.69697E-05     0.00000E+00
     0.15947E+01     0.85378E-02    -0.88091E-03     0.10316E-02     0.00000E+00     0.21694E-04     0.11086E-03     0.69979E-05     0.00000E+00
     0.16062E+01     0.86891E-02    -0.91813E-03     0.10695E-02     0.00000E+00     0.19268E-04     0.11739E-03     0.75682E-05     0.00000E+00
     0.16176E+01     0.88427E-02    -0.95725E-03     0.11086E-02     0.00000E+00     0.17098E-04     0.12571E-03     0.82025E-05     0.00000E+00
     0.16290E+01     0.89988E-02    -0.99828E-03     0.11487E-02     0.00000E+00     0.15546E-04     0.13282E-03     0.85179E-05     0.00000E+00
     0.16402E+01     0.91573E-02    -0.10419E-02     0.11899E-02     0.00000E+00     0.14612E-04     0.13693E-03     0.97088E-05     0.00000E+00
     0.16512E+01     0.93187E-02    -0.10884E-02     0.12324E-02     0.00000E+00     0.14442E-04     0.14127E-03     0.11307E-04     0.00000E+00
     0.16622E+01     0.94835E-02    -0.11376E-02     0.12768E-02     0.00000E+00     0.14479E-04     0.14865E-03     0.11888E-04     0.00000E+00
     0.16731E+01     0.96518E-02    -0.11899E-02     0.13242E-02     0.00000E+00     0.14069E-04     0.15726E-03     0.12526E-04     0.00000E+00
     0.16839E+01     0.98238E-02    -0.12456E-02     0.13758E-02     0.00000E+00     0.13572E-04     0.16426E-03     0.14359E-04     0.00000E+00
     0.16945E+01     0.99999E-02    -0.13050E-02     0.14325E-02     0.00000E+00     0.13421E-04     0.16892E-03     0.17662E-04     0.00000E+00
     0.17050E+01     0.10181E-01    -0.13682E-02     0.14950E-02     0.00000E+00     0.13810E-04     0.17167E-03     0.21839E-04     0.00000E+00
     0.17154E+01     0.10369E-01    -0.14356E-02     0.15643E-02     0.00000E+00     0.14865E-04     0.17324E-03     0.25396E-04     0.00000E+00
     0.17257E+01     0.10565E-01    -0.15082E-02     0.16408E-02     0.00000E+00     0.16361E-04     0.17307E-03     0.28669E-04     0.00000E+00
     0.17358E+01     0.10770E-01    -0.15859E-02     0.17249E-02     0.00000E+00     0.17670E-04     0.17095E-03     0.32205E-04     0.00000E+00
     0.17458E+01     0.10984E-01    -0.16687E-02     0.18173E-02     0.00000E+00     0.18338E-04     0.16719E-03     0.35228E-04     0.00000E+00
     0.17557E+01     0.11208E-01    -0.17567E-02     0.19189E-02     0.00000E+00     0.18222E-04     0.16229E-03     0.38202E-04     0.00000E+00
     0.17655E+01     0.11442E-01    -0.18505E-02     0.20310E-02     0.00000E+00     0.17413E-04     0.15650E-03     0.41345E-04     0.00000E+00
     0.17751E+01     0.11688E-01    -0.19510E-02     0.21552E-02     0.00000E+00     0.16122E-04     0.14670E-03     0.45782E-04     0.00000E+00
     0.17845E+01     0.11946E-01    -0.20586E-02     0.22940E-02     0.00000E+00     0.13849E-04     0.13068E-03     0.51214E-04     0.00000E+00
     0.17939E+01     0.12216E-01    -0.21736E-02     0.24504E-02     0.00000E+00     0.96360E-05     0.10822E-03     0.57154E-04     0.00000E+00
     0.18031E+01     0.12501E-01    -0.22967E-02     0.26274E-02     0.00000E+00     0.30882E-05     0.79854E-04     0.63721E-04     0.00000E+00
     0.18121E+01     0.12801E-01    -0.24276E-02     0.28277E-02     0.00000E+00    -0.54728E-05     0.44250E-04     0.68759E-04     0.00000E+00
     0.18210E+01     0.13116E-01    -0.25658E-02     0.30540E-02     0.00000E+00    -0.15397E-04    -0.50544E-05     0.70248E-04     0.00000E+00
     0.18298E+01     0.13446E-01    -0.27116E-02     0.33099E-02     0.00000E+00    -0.25867E-04    -0.75687E-04     0.68351E-04     0.00000E+00
     0.18384E+01     0.13790E-01    -0.28659E-02     0.35994E-02     0.00000E+00    -0.36157E-04    -0.17210E-03     0.64756E-04     0.00000E+00
     0.18468E+01     0.14146E-01    -0.30288E-02     0.39265E-02     0.00000E+00    -0.46198E-04    -0.29590E-03     0.58748E-04     0.00000E+00
     0.18551E+01     0.14510E-01    -0.31998E-02     0.42954E-02     0.00000E+00    -0.56302E-04    -0.44869E-03     0.48733E-04     0.00000E+00
     0.18633E+01     0.14879E-01    -0.33776E-02     0.47097E-02     0.00000E+00    -0.66409E-04    -0.63207E-03     0.32396E-04     0.00000E+00
     0.18713E+01     0.15249E-01    -0.35604E-02     0.51729E-02     0.00000E+00    -0.76177E-04    -0.84696E-03     0.50914E-05     0.00000E+00
     0.18791E+01     0.15612E-01    -0.37460E-02     0.56875E-02     0.00000E+00    -0.85186E-04    -0.10914E-02    -0.38253E-04     0.00000E+00
     0.18867E+01     0.15959E-01    -0.39325E-02     0.62545E-02     0.00000E+00    -0.92054E-04    -0.13631E-02    -0.10222E-03     0.00000E+00
     0.18942E+01     0.16277E-01    -0.41186E-02     0.68726E-02     0.00000E+00    -0.94744E-04    -0.16612E-02    -0.18970E-03     0.00000E+00
     0.19015E+01     0.16550E-01    -0.43022E-02     0.75358E-02     0.00000E+00    -0.91316E-04    -0.19790E-02    -0.30661E-03     0.00000E+00
     0.19087E+01     0.16756E-01    -0.44794E-02     0.82302E-02     0.00000E+00    -0.79481E-04    -0.22997E-02    -0.46278E-03     0.00000E+00
     0.19157E+01     0.16873E-01    -0.46459E-02     0.89309E-02     0.00000E+00    -0.57364E-04    -0.25959E-02    -0.66742E-03     0.00000E+00
     0.19225E+01     0.16868E-01    -0.47956E-02     0.95988E-02     0.00000E+00    -0.24355E-04    -0.28287E-02    -0.92866E-03     0.00000E+00
     0.19291E+01     0.16710E-01    -0.49209E-02     0.10178E-01     0.00000E+00     0.19076E-04    -0.29459E-02    -0.12522E-02     0.00000E+00
     0.19355E+01     0.16358E-01    -0.50147E-02     0.10595E-01     0.00000E+00     0.71396E-04    -0.28850E-02    -0.16348E-02     0.00000E+00
     0.19418E+01     0.15773E-01    -0.50710E-02     0.10762E-01     0.00000E+00     0.12987E-03    -0.25831E-02    -0.20579E-02     0.00000E+00
     0.19479E+01     0.14917E-01    -0.50898E-02     0.10587E-01     0.00000E+00     0.19102E-03    -0.19968E-02    -0.24754E-02     0.00000E+00
     0.19537E+01     0.13762E-01    -0.50819E-02     0.99908E-02     0.00000E+00     0.25126E-03    -0.11322E-02    -0.27987E-02     0.00000E+00
     0.19594E+01     0.12300E-01    -0.50756E-02     0.89373E-02     0.00000E+00     0.30728E-03    -0.78023E-04    -0.28886E-02     0.00000E+00
     0.19650E+01     0.10557E-01    -0.51170E-02     0.74663E-02     0.00000E+00     0.35672E-03     0.97704E-03    -0.25687E-02     0.00000E+00
     0.19703E+01     0.86017E-02    -0.52588E-02     0.57150E-02     0.00000E+00     0.39908E-03     0.17729E-02    -0.16779E-02     0.00000E+00
     0.19754E+01     0.65545E-02    -0.55367E-02     0.39085E-02     0.00000E+00     0.43405E-03     0.20741E-02    -0.16566E-03     0.00000E+00
     0.19803E+01     0.45726E-02    -0.59330E-02     0.23053E-02     0.00000E+00     0.46159E-03     0.18066E-02     0.18039E-02     0.00000E+00
     0.19850E+01     0.28234E-02    -0.63770E-02     0.11093E-02     0.00000E+00     0.47126E-03     0.11651E-02     0.38368E-02     0.00000E+00
     0.19896E+01     0.14451E-02    -0.67894E-02     0.39232E-03     0.00000E+00     0.45677E-03     0.49244E-03     0.54937E-02     0.00000E+00
     0.19939E+01     0.51635E-03    -0.71160E-02     0.78443E-04     0.00000E+00     0.35782E-03     0.13931E-03     0.65407E-02     0.00000E+00
     0.19980E+01     0.56839E-04    -0.77171E-02     0.25797E-05     0.00000E+00     0.20700E-03    -0.91442E-04     0.78081E-02     0.00000E+00
