     0.20039E-02     0.56854E-03     0.23993E+00     0.27858E-01     0.67079E-01     0.25822E-02     0.30591E+00     0.77271E-01    -0.16063E-03     0.43931E-04     0.15455E-03    -0.14681E-05     0.15838E-04     0.30564E+02     0.99389E+00     0.56033E+01     0.29835E+02     0.42522E-01
     0.61156E-02     0.16705E-02     0.17318E+00     0.80695E-01     0.99387E-01     0.78050E-02     0.34595E+00     0.22277E+00    -0.74826E-03     0.37214E-03     0.52269E-03    -0.13038E-04     0.13480E-03     0.30025E+02     0.98282E+00     0.56541E+01     0.29494E+02     0.30174E-01
     0.10434E-01     0.27495E-02     0.15866E+00     0.13113E+00     0.13308E+00     0.12854E-01     0.40156E+00     0.36987E+00    -0.16724E-02     0.10170E-02     0.10148E-02    -0.35342E-04     0.36053E-03     0.29554E+02     0.97303E+00     0.56999E+01     0.29163E+02     0.27672E-01
     0.14956E-01     0.38232E-02     0.18660E+00     0.18023E+00     0.16818E+00     0.18047E-01     0.46573E+00     0.51350E+00    -0.29861E-02     0.19632E-02     0.16590E-02    -0.68994E-04     0.68904E-03     0.29138E+02     0.96428E+00     0.57408E+01     0.28851E+02     0.32586E-01
     0.19680E-01     0.48938E-02     0.23229E+00     0.22827E+00     0.20485E+00     0.23512E-01     0.53575E+00     0.65025E+00    -0.47583E-02     0.31822E-02     0.24695E-02    -0.11506E-03     0.11171E-02     0.28766E+02     0.95637E+00     0.57783E+01     0.28556E+02     0.40277E-01
     0.24604E-01     0.59506E-02     0.28551E+00     0.27491E+00     0.24049E+00     0.28706E-01     0.61242E+00     0.79284E+00    -0.68345E-02     0.47178E-02     0.34619E-02    -0.17081E-03     0.16358E-02     0.28430E+02     0.94917E+00     0.58130E+01     0.28276E+02     0.49067E-01
     0.29725E-01     0.69827E-02     0.33585E+00     0.31978E+00     0.27575E+00     0.33882E-01     0.69149E+00     0.93063E+00    -0.92639E-02     0.64983E-02     0.46200E-02    -0.23658E-03     0.22329E-02     0.28124E+02     0.94253E+00     0.58450E+01     0.28013E+02     0.57229E-01
     0.35041E-01     0.79804E-02     0.38031E+00     0.36255E+00     0.31055E+00     0.39065E-01     0.77104E+00     0.10601E+01    -0.12044E-01     0.84595E-02     0.59232E-02    -0.31173E-03     0.28932E-02     0.27842E+02     0.93638E+00     0.58748E+01     0.27765E+02     0.64308E-01
     0.40551E-01     0.89353E-02     0.41847E+00     0.40294E+00     0.34431E+00     0.44112E-01     0.85101E+00     0.11827E+01    -0.15095E-01     0.10568E-01     0.73596E-02    -0.39414E-03     0.36002E-02     0.27580E+02     0.93062E+00     0.59030E+01     0.27529E+02     0.70275E-01
     0.46252E-01     0.98424E-02     0.45313E+00     0.44081E+00     0.37633E+00     0.48900E-01     0.93081E+00     0.13006E+01    -0.18305E-01     0.12801E-01     0.89041E-02    -0.48128E-03     0.43384E-02     0.27335E+02     0.92519E+00     0.59297E+01     0.27304E+02     0.75639E-01
     0.52141E-01     0.10701E-01     0.48359E+00     0.47619E+00     0.40665E+00     0.53430E-01     0.10102E+01     0.14133E+01    -0.21624E-01     0.15124E-01     0.10542E-01    -0.57173E-03     0.50954E-02     0.27104E+02     0.92005E+00     0.59553E+01     0.27089E+02     0.80294E-01
     0.58216E-01     0.11513E-01     0.50958E+00     0.50921E+00     0.43546E+00     0.57766E-01     0.10883E+01     0.15195E+01    -0.25047E-01     0.17494E-01     0.12252E-01    -0.66502E-03     0.58622E-02     0.26886E+02     0.91514E+00     0.59797E+01     0.26882E+02     0.84208E-01
     0.64476E-01     0.12281E-01     0.53169E+00     0.54005E+00     0.46280E+00     0.61942E-01     0.11637E+01     0.16189E+01    -0.28555E-01     0.19882E-01     0.14007E-01    -0.76068E-03     0.66321E-02     0.26678E+02     0.91045E+00     0.60032E+01     0.26684E+02     0.87481E-01
     0.70917E-01     0.13009E-01     0.55020E+00     0.56888E+00     0.48879E+00     0.65957E-01     0.12372E+01     0.17122E+01    -0.32125E-01     0.22273E-01     0.15803E-01    -0.85796E-03     0.73999E-02     0.26480E+02     0.90594E+00     0.60259E+01     0.26492E+02     0.90161E-01
     0.77539E-01     0.13698E-01     0.56624E+00     0.59583E+00     0.51334E+00     0.69803E-01     0.13081E+01     0.18003E+01    -0.35715E-01     0.24659E-01     0.17622E-01    -0.95607E-03     0.81609E-02     0.26289E+02     0.90159E+00     0.60480E+01     0.26307E+02     0.92444E-01
     0.84338E-01     0.14351E-01     0.58044E+00     0.62103E+00     0.53653E+00     0.73482E-01     0.13768E+01     0.18836E+01    -0.39305E-01     0.27031E-01     0.19456E-01    -0.10544E-02     0.89117E-02     0.26106E+02     0.89740E+00     0.60693E+01     0.26129E+02     0.94429E-01
     0.91312E-01     0.14971E-01     0.59329E+00     0.64464E+00     0.55839E+00     0.77004E-01     0.14430E+01     0.19627E+01    -0.42875E-01     0.29383E-01     0.21294E-01    -0.11527E-02     0.96500E-02     0.25930E+02     0.89333E+00     0.60901E+01     0.25956E+02     0.96201E-01
     0.98459E-01     0.15561E-01     0.60454E+00     0.66681E+00     0.57909E+00     0.80383E-01     0.15071E+01     0.20379E+01    -0.46422E-01     0.31711E-01     0.23136E-01    -0.12507E-02     0.10375E-01     0.25760E+02     0.88939E+00     0.61104E+01     0.25789E+02     0.97710E-01
     0.10578E+00     0.16123E-01     0.61465E+00     0.68764E+00     0.59863E+00     0.83633E-01     0.15687E+01     0.21095E+01    -0.49935E-01     0.34010E-01     0.24969E-01    -0.13483E-02     0.11086E-01     0.25596E+02     0.88555E+00     0.61302E+01     0.25626E+02     0.99042E-01
     0.11326E+00     0.16659E-01     0.62325E+00     0.70724E+00     0.61723E+00     0.86766E-01     0.16288E+01     0.21776E+01    -0.53421E-01     0.36275E-01     0.26803E-01    -0.14453E-02     0.11780E-01     0.25436E+02     0.88180E+00     0.61496E+01     0.25467E+02     0.10014E+00
     0.12092E+00     0.17169E-01     0.63081E+00     0.72565E+00     0.63482E+00     0.89786E-01     0.16866E+01     0.22422E+01    -0.56861E-01     0.38497E-01     0.28620E-01    -0.15414E-02     0.12458E-01     0.25280E+02     0.87814E+00     0.61687E+01     0.25312E+02     0.10108E+00
     0.12873E+00     0.17657E-01     0.63759E+00     0.74296E+00     0.65146E+00     0.92703E-01     0.17421E+01     0.23036E+01    -0.60251E-01     0.40674E-01     0.30414E-01    -0.16367E-02     0.13117E-01     0.25129E+02     0.87456E+00     0.61874E+01     0.25161E+02     0.10189E+00
     0.13671E+00     0.18123E-01     0.64356E+00     0.75929E+00     0.66725E+00     0.95527E-01     0.17955E+01     0.23621E+01    -0.63595E-01     0.42809E-01     0.32188E-01    -0.17311E-02     0.13759E-01     0.24981E+02     0.87105E+00     0.62058E+01     0.25013E+02     0.10258E+00
     0.14485E+00     0.18571E-01     0.64848E+00     0.77473E+00     0.68232E+00     0.98268E-01     0.18474E+01     0.24180E+01    -0.66901E-01     0.44904E-01     0.33949E-01    -0.18247E-02     0.14386E-01     0.24837E+02     0.86761E+00     0.62239E+01     0.24869E+02     0.10310E+00
     0.15315E+00     0.19001E-01     0.65271E+00     0.78934E+00     0.69669E+00     0.10093E+00     0.18979E+01     0.24715E+01    -0.70164E-01     0.46960E-01     0.35694E-01    -0.19176E-02     0.14996E-01     0.24695E+02     0.86422E+00     0.62418E+01     0.24727E+02     0.10352E+00
     0.16160E+00     0.19414E-01     0.65628E+00     0.80315E+00     0.71037E+00     0.10352E+00     0.19468E+01     0.25227E+01    -0.73380E-01     0.48976E-01     0.37420E-01    -0.20096E-02     0.15591E-01     0.24557E+02     0.86088E+00     0.62595E+01     0.24587E+02     0.10383E+00
     0.17021E+00     0.19813E-01     0.65942E+00     0.81627E+00     0.72341E+00     0.10604E+00     0.19940E+01     0.25719E+01    -0.76550E-01     0.50955E-01     0.39124E-01    -0.21007E-02     0.16170E-01     0.24421E+02     0.85760E+00     0.62771E+01     0.24450E+02     0.10407E+00
     0.17896E+00     0.20198E-01     0.66202E+00     0.82877E+00     0.73592E+00     0.10851E+00     0.20402E+01     0.26194E+01    -0.79686E-01     0.52907E-01     0.40818E-01    -0.21914E-02     0.16737E-01     0.24287E+02     0.85435E+00     0.62944E+01     0.24315E+02     0.10424E+00
     0.18787E+00     0.20573E-01     0.66422E+00     0.84072E+00     0.74793E+00     0.11093E+00     0.20850E+01     0.26654E+01    -0.82792E-01     0.54834E-01     0.42499E-01    -0.22817E-02     0.17293E-01     0.24155E+02     0.85115E+00     0.63116E+01     0.24183E+02     0.10433E+00
     0.19692E+00     0.20938E-01     0.66583E+00     0.85219E+00     0.75954E+00     0.11331E+00     0.21292E+01     0.27101E+01    -0.85883E-01     0.56742E-01     0.44179E-01    -0.23720E-02     0.17840E-01     0.24025E+02     0.84797E+00     0.63287E+01     0.24051E+02     0.10434E+00
     0.20611E+00     0.21293E-01     0.66710E+00     0.86320E+00     0.77074E+00     0.11565E+00     0.21725E+01     0.27536E+01    -0.88954E-01     0.58631E-01     0.45851E-01    -0.24622E-02     0.18377E-01     0.23897E+02     0.84482E+00     0.63458E+01     0.23922E+02     0.10430E+00
     0.21545E+00     0.21641E-01     0.66836E+00     0.87380E+00     0.78156E+00     0.11797E+00     0.22148E+01     0.27959E+01    -0.92010E-01     0.60505E-01     0.47516E-01    -0.25525E-02     0.18907E-01     0.23770E+02     0.84169E+00     0.63628E+01     0.23794E+02     0.10425E+00
     0.22493E+00     0.21983E-01     0.66927E+00     0.88410E+00     0.79210E+00     0.12027E+00     0.22564E+01     0.28374E+01    -0.95072E-01     0.62375E-01     0.49184E-01    -0.26435E-02     0.19432E-01     0.23645E+02     0.83859E+00     0.63797E+01     0.23667E+02     0.10414E+00
     0.23454E+00     0.22322E-01     0.66972E+00     0.89415E+00     0.80244E+00     0.12256E+00     0.22977E+01     0.28783E+01    -0.98152E-01     0.64246E-01     0.50865E-01    -0.27353E-02     0.19955E-01     0.23521E+02     0.83550E+00     0.63966E+01     0.23541E+02     0.10397E+00
     0.24429E+00     0.22656E-01     0.67010E+00     0.90395E+00     0.81255E+00     0.12485E+00     0.23384E+01     0.29186E+01    -0.10125E+00     0.66122E-01     0.52552E-01    -0.28282E-02     0.20476E-01     0.23397E+02     0.83242E+00     0.64135E+01     0.23417E+02     0.10378E+00
     0.25418E+00     0.22987E-01     0.67060E+00     0.91354E+00     0.82242E+00     0.12714E+00     0.23786E+01     0.29583E+01    -0.10435E+00     0.68002E-01     0.54246E-01    -0.29221E-02     0.20996E-01     0.23275E+02     0.82936E+00     0.64303E+01     0.23293E+02     0.10361E+00
     0.26419E+00     0.23316E-01     0.67075E+00     0.92292E+00     0.83215E+00     0.12943E+00     0.24187E+01     0.29976E+01    -0.10749E+00     0.69891E-01     0.55958E-01    -0.30171E-02     0.21514E-01     0.23154E+02     0.82630E+00     0.64472E+01     0.23170E+02     0.10339E+00
     0.27434E+00     0.23642E-01     0.67096E+00     0.93213E+00     0.84165E+00     0.13172E+00     0.24582E+01     0.30366E+01    -0.11064E+00     0.71788E-01     0.57676E-01    -0.31134E-02     0.22032E-01     0.23033E+02     0.82325E+00     0.64642E+01     0.23049E+02     0.10318E+00
     0.28460E+00     0.23966E-01     0.67090E+00     0.94115E+00     0.85105E+00     0.13401E+00     0.24977E+01     0.30752E+01    -0.11382E+00     0.73696E-01     0.59415E-01    -0.32110E-02     0.22550E-01     0.22913E+02     0.82020E+00     0.64811E+01     0.22927E+02     0.10292E+00
     0.29500E+00     0.24287E-01     0.67073E+00     0.94998E+00     0.86020E+00     0.13630E+00     0.25364E+01     0.31133E+01    -0.11701E+00     0.75610E-01     0.61156E-01    -0.33096E-02     0.23067E-01     0.22793E+02     0.81716E+00     0.64982E+01     0.22806E+02     0.10265E+00
     0.30551E+00     0.24606E-01     0.67041E+00     0.95860E+00     0.86920E+00     0.13860E+00     0.25751E+01     0.31510E+01    -0.12023E+00     0.77529E-01     0.62914E-01    -0.34095E-02     0.23581E-01     0.22674E+02     0.81411E+00     0.65153E+01     0.22686E+02     0.10235E+00
     0.31615E+00     0.24922E-01     0.67032E+00     0.96704E+00     0.87798E+00     0.14090E+00     0.26132E+01     0.31883E+01    -0.12345E+00     0.79456E-01     0.64674E-01    -0.35106E-02     0.24094E-01     0.22555E+02     0.81105E+00     0.65324E+01     0.22566E+02     0.10209E+00
     0.32690E+00     0.25237E-01     0.66986E+00     0.97530E+00     0.88665E+00     0.14320E+00     0.26514E+01     0.32253E+01    -0.12671E+00     0.81392E-01     0.66456E-01    -0.36130E-02     0.24607E-01     0.22436E+02     0.80799E+00     0.65497E+01     0.22446E+02     0.10176E+00
     0.33777E+00     0.25549E-01     0.66943E+00     0.98338E+00     0.89513E+00     0.14551E+00     0.26891E+01     0.32619E+01    -0.12999E+00     0.83333E-01     0.68245E-01    -0.37167E-02     0.25117E-01     0.22317E+02     0.80493E+00     0.65671E+01     0.22327E+02     0.10145E+00
     0.34875E+00     0.25859E-01     0.66875E+00     0.99127E+00     0.90346E+00     0.14783E+00     0.27267E+01     0.32981E+01    -0.13329E+00     0.85281E-01     0.70048E-01    -0.38218E-02     0.25626E-01     0.22199E+02     0.80185E+00     0.65846E+01     0.22208E+02     0.10109E+00
     0.35985E+00     0.26167E-01     0.66804E+00     0.99899E+00     0.91160E+00     0.15016E+00     0.27638E+01     0.33340E+01    -0.13661E+00     0.87237E-01     0.71859E-01    -0.39282E-02     0.26133E-01     0.22081E+02     0.79877E+00     0.66022E+01     0.22089E+02     0.10073E+00
     0.37105E+00     0.26475E-01     0.66718E+00     0.10066E+01     0.91965E+00     0.15251E+00     0.28011E+01     0.33696E+01    -0.13996E+00     0.89206E-01     0.73692E-01    -0.40364E-02     0.26640E-01     0.21962E+02     0.79567E+00     0.66200E+01     0.21970E+02     0.10034E+00
     0.38236E+00     0.26783E-01     0.66646E+00     0.10140E+01     0.92755E+00     0.15487E+00     0.28380E+01     0.34052E+01    -0.14335E+00     0.91195E-01     0.75540E-01    -0.41466E-02     0.27150E-01     0.21844E+02     0.79256E+00     0.66379E+01     0.21851E+02     0.99970E-01
     0.39377E+00     0.27092E-01     0.66562E+00     0.10215E+01     0.93543E+00     0.15727E+00     0.28750E+01     0.34408E+01    -0.14680E+00     0.93216E-01     0.77421E-01    -0.42595E-02     0.27664E-01     0.21726E+02     0.78944E+00     0.66559E+01     0.21732E+02     0.99574E-01
     0.40528E+00     0.27404E-01     0.66475E+00     0.10288E+01     0.94327E+00     0.15971E+00     0.29123E+01     0.34767E+01    -0.15032E+00     0.95272E-01     0.79337E-01    -0.43752E-02     0.28185E-01     0.21607E+02     0.78630E+00     0.66741E+01     0.21613E+02     0.99182E-01
     0.41690E+00     0.27718E-01     0.66382E+00     0.10362E+01     0.95108E+00     0.16218E+00     0.29497E+01     0.35127E+01    -0.15390E+00     0.97361E-01     0.81285E-01    -0.44937E-02     0.28711E-01     0.21489E+02     0.78315E+00     0.66924E+01     0.21494E+02     0.98771E-01
     0.42861E+00     0.28035E-01     0.66337E+00     0.10435E+01     0.95881E+00     0.16468E+00     0.29869E+01     0.35489E+01    -0.15755E+00     0.99488E-01     0.83261E-01    -0.46153E-02     0.29244E-01     0.21370E+02     0.77998E+00     0.67110E+01     0.21375E+02     0.98432E-01
     0.44042E+00     0.28355E-01     0.66271E+00     0.10508E+01     0.96653E+00     0.16723E+00     0.30243E+01     0.35853E+01    -0.16127E+00     0.10166E+00     0.85275E-01    -0.47401E-02     0.29785E-01     0.21252E+02     0.77679E+00     0.67296E+01     0.21256E+02     0.98060E-01
     0.45232E+00     0.28678E-01     0.66189E+00     0.10582E+01     0.97429E+00     0.16982E+00     0.30622E+01     0.36221E+01    -0.16508E+00     0.10387E+00     0.87340E-01    -0.48684E-02     0.30334E-01     0.21133E+02     0.77359E+00     0.67485E+01     0.21137E+02     0.97661E-01
     0.46431E+00     0.29005E-01     0.66153E+00     0.10655E+01     0.98196E+00     0.17246E+00     0.30999E+01     0.36591E+01    -0.16895E+00     0.10613E+00     0.89429E-01    -0.50001E-02     0.30891E-01     0.21014E+02     0.77037E+00     0.67675E+01     0.21017E+02     0.97331E-01
     0.47639E+00     0.29334E-01     0.66095E+00     0.10728E+01     0.98970E+00     0.17514E+00     0.31383E+01     0.36965E+01    -0.17293E+00     0.10843E+00     0.91576E-01    -0.51355E-02     0.31457E-01     0.20895E+02     0.76714E+00     0.67867E+01     0.20898E+02     0.96965E-01
     0.48855E+00     0.29667E-01     0.66079E+00     0.10801E+01     0.99733E+00     0.17786E+00     0.31763E+01     0.37340E+01    -0.17696E+00     0.11077E+00     0.93746E-01    -0.52745E-02     0.32030E-01     0.20776E+02     0.76389E+00     0.68061E+01     0.20779E+02     0.96662E-01
     0.50081E+00     0.30004E-01     0.66021E+00     0.10875E+01     0.10050E+01     0.18064E+00     0.32151E+01     0.37720E+01    -0.18111E+00     0.11317E+00     0.95981E-01    -0.54177E-02     0.32613E-01     0.20657E+02     0.76061E+00     0.68257E+01     0.20659E+02     0.96292E-01
     0.51314E+00     0.30345E-01     0.66013E+00     0.10948E+01     0.10127E+01     0.18347E+00     0.32537E+01     0.38102E+01    -0.18533E+00     0.11561E+00     0.98244E-01    -0.55649E-02     0.33205E-01     0.20537E+02     0.75732E+00     0.68454E+01     0.20539E+02     0.95996E-01
     0.52555E+00     0.30691E-01     0.66007E+00     0.11021E+01     0.10203E+01     0.18636E+00     0.32925E+01     0.38489E+01    -0.18966E+00     0.11812E+00     0.10056E+00    -0.57168E-02     0.33807E-01     0.20418E+02     0.75401E+00     0.68654E+01     0.20420E+02     0.95689E-01
     0.53804E+00     0.31042E-01     0.66014E+00     0.11095E+01     0.10280E+01     0.18932E+00     0.33319E+01     0.38881E+01    -0.19411E+00     0.12069E+00     0.10294E+00    -0.58739E-02     0.34422E-01     0.20298E+02     0.75068E+00     0.68855E+01     0.20300E+02     0.95401E-01
     0.55061E+00     0.31398E-01     0.66064E+00     0.11169E+01     0.10356E+01     0.19234E+00     0.33713E+01     0.39278E+01    -0.19866E+00     0.12332E+00     0.10536E+00    -0.60360E-02     0.35049E-01     0.20178E+02     0.74733E+00     0.69059E+01     0.20179E+02     0.95167E-01
     0.56325E+00     0.31759E-01     0.66095E+00     0.11243E+01     0.10433E+01     0.19541E+00     0.34112E+01     0.39678E+01    -0.20333E+00     0.12601E+00     0.10784E+00    -0.62029E-02     0.35686E-01     0.20057E+02     0.74396E+00     0.69265E+01     0.20059E+02     0.94900E-01
     0.57596E+00     0.32123E-01     0.66123E+00     0.11317E+01     0.10510E+01     0.19854E+00     0.34514E+01     0.40082E+01    -0.20809E+00     0.12874E+00     0.11037E+00    -0.63744E-02     0.36332E-01     0.19937E+02     0.74056E+00     0.69474E+01     0.19938E+02     0.94628E-01
     0.58874E+00     0.32490E-01     0.66129E+00     0.11390E+01     0.10586E+01     0.20172E+00     0.34918E+01     0.40487E+01    -0.21295E+00     0.13153E+00     0.11295E+00    -0.65504E-02     0.36985E-01     0.19816E+02     0.73714E+00     0.69684E+01     0.19818E+02     0.94319E-01
     0.60158E+00     0.32859E-01     0.66163E+00     0.11463E+01     0.10662E+01     0.20495E+00     0.35322E+01     0.40894E+01    -0.21789E+00     0.13436E+00     0.11556E+00    -0.67308E-02     0.37645E-01     0.19695E+02     0.73370E+00     0.69897E+01     0.19696E+02     0.94055E-01
     0.61449E+00     0.33232E-01     0.66211E+00     0.11536E+01     0.10737E+01     0.20823E+00     0.35725E+01     0.41303E+01    -0.22292E+00     0.13725E+00     0.11822E+00    -0.69160E-02     0.38314E-01     0.19574E+02     0.73023E+00     0.70112E+01     0.19575E+02     0.93801E-01
     0.62747E+00     0.33610E-01     0.66258E+00     0.11610E+01     0.10813E+01     0.21157E+00     0.36134E+01     0.41716E+01    -0.22808E+00     0.14020E+00     0.12094E+00    -0.71067E-02     0.38995E-01     0.19452E+02     0.72674E+00     0.70330E+01     0.19454E+02     0.93548E-01
     0.64050E+00     0.33991E-01     0.66322E+00     0.11683E+01     0.10888E+01     0.21497E+00     0.36543E+01     0.42133E+01    -0.23334E+00     0.14320E+00     0.12371E+00    -0.73026E-02     0.39685E-01     0.19330E+02     0.72323E+00     0.70550E+01     0.19332E+02     0.93314E-01
     0.65359E+00     0.34378E-01     0.66417E+00     0.11756E+01     0.10962E+01     0.21843E+00     0.36953E+01     0.42553E+01    -0.23871E+00     0.14628E+00     0.12653E+00    -0.75044E-02     0.40387E-01     0.19208E+02     0.71970E+00     0.70773E+01     0.19210E+02     0.93119E-01
     0.66673E+00     0.34768E-01     0.66542E+00     0.11829E+01     0.11037E+01     0.22196E+00     0.37365E+01     0.42978E+01    -0.24420E+00     0.14941E+00     0.12940E+00    -0.77121E-02     0.41100E-01     0.19086E+02     0.71614E+00     0.70998E+01     0.19088E+02     0.92964E-01
     0.67993E+00     0.35163E-01     0.66673E+00     0.11902E+01     0.11111E+01     0.22554E+00     0.37778E+01     0.43404E+01    -0.24980E+00     0.15261E+00     0.13232E+00    -0.79255E-02     0.41822E-01     0.18964E+02     0.71255E+00     0.71225E+01     0.18966E+02     0.92813E-01
     0.69318E+00     0.35558E-01     0.66845E+00     0.11974E+01     0.11184E+01     0.22917E+00     0.38189E+01     0.43831E+01    -0.25548E+00     0.15584E+00     0.13528E+00    -0.81436E-02     0.42548E-01     0.18841E+02     0.70895E+00     0.71455E+01     0.18843E+02     0.92717E-01
     0.70648E+00     0.35952E-01     0.67003E+00     0.12044E+01     0.11255E+01     0.23283E+00     0.38595E+01     0.44254E+01    -0.26119E+00     0.15909E+00     0.13824E+00    -0.83652E-02     0.43271E-01     0.18718E+02     0.70532E+00     0.71688E+01     0.18721E+02     0.92595E-01
     0.71982E+00     0.36343E-01     0.67145E+00     0.12112E+01     0.11324E+01     0.23650E+00     0.38998E+01     0.44671E+01    -0.26691E+00     0.16233E+00     0.14121E+00    -0.85894E-02     0.43985E-01     0.18596E+02     0.70167E+00     0.71922E+01     0.18598E+02     0.92448E-01
     0.73321E+00     0.36729E-01     0.67302E+00     0.12176E+01     0.11389E+01     0.24018E+00     0.39391E+01     0.45080E+01    -0.27261E+00     0.16556E+00     0.14415E+00    -0.88153E-02     0.44688E-01     0.18473E+02     0.69800E+00     0.72160E+01     0.18476E+02     0.92314E-01
     0.74665E+00     0.37111E-01     0.67444E+00     0.12238E+01     0.11453E+01     0.24386E+00     0.39783E+01     0.45482E+01    -0.27833E+00     0.16877E+00     0.14711E+00    -0.90434E-02     0.45382E-01     0.18349E+02     0.69431E+00     0.72400E+01     0.18353E+02     0.92156E-01
     0.76012E+00     0.37488E-01     0.67612E+00     0.12298E+01     0.11514E+01     0.24755E+00     0.40165E+01     0.45877E+01    -0.28401E+00     0.17197E+00     0.15004E+00    -0.92735E-02     0.46065E-01     0.18226E+02     0.69059E+00     0.72643E+01     0.18230E+02     0.92038E-01
     0.77363E+00     0.37861E-01     0.67762E+00     0.12354E+01     0.11572E+01     0.25125E+00     0.40542E+01     0.46266E+01    -0.28969E+00     0.17515E+00     0.15296E+00    -0.95054E-02     0.46736E-01     0.18103E+02     0.68684E+00     0.72888E+01     0.18106E+02     0.91888E-01
     0.78717E+00     0.38230E-01     0.67941E+00     0.12409E+01     0.11627E+01     0.25495E+00     0.40911E+01     0.46648E+01    -0.29536E+00     0.17832E+00     0.15586E+00    -0.97397E-02     0.47400E-01     0.17979E+02     0.68308E+00     0.73136E+01     0.17983E+02     0.91771E-01
     0.80075E+00     0.38597E-01     0.68123E+00     0.12461E+01     0.11681E+01     0.25867E+00     0.41275E+01     0.47025E+01    -0.30103E+00     0.18149E+00     0.15876E+00    -0.99764E-02     0.48054E-01     0.17855E+02     0.67929E+00     0.73387E+01     0.17860E+02     0.91656E-01
     0.81436E+00     0.38960E-01     0.68298E+00     0.12511E+01     0.11732E+01     0.26241E+00     0.41634E+01     0.47397E+01    -0.30671E+00     0.18464E+00     0.16165E+00    -0.10216E-01     0.48701E-01     0.17732E+02     0.67548E+00     0.73640E+01     0.17736E+02     0.91530E-01
     0.82800E+00     0.39322E-01     0.68502E+00     0.12559E+01     0.11782E+01     0.26616E+00     0.41987E+01     0.47765E+01    -0.31240E+00     0.18780E+00     0.16454E+00    -0.10458E-01     0.49343E-01     0.17608E+02     0.67165E+00     0.73896E+01     0.17613E+02     0.91442E-01
     0.84166E+00     0.39681E-01     0.68712E+00     0.12606E+01     0.11830E+01     0.26993E+00     0.42336E+01     0.48129E+01    -0.31809E+00     0.19096E+00     0.16742E+00    -0.10703E-01     0.49978E-01     0.17484E+02     0.66781E+00     0.74154E+01     0.17489E+02     0.91364E-01
     0.85535E+00     0.40037E-01     0.68922E+00     0.12651E+01     0.11876E+01     0.27372E+00     0.42680E+01     0.48487E+01    -0.32379E+00     0.19411E+00     0.17030E+00    -0.10950E-01     0.50606E-01     0.17360E+02     0.66394E+00     0.74415E+01     0.17366E+02     0.91281E-01
     0.86906E+00     0.40391E-01     0.69148E+00     0.12694E+01     0.11920E+01     0.27752E+00     0.43016E+01     0.48841E+01    -0.32947E+00     0.19725E+00     0.17316E+00    -0.11200E-01     0.51225E-01     0.17237E+02     0.66006E+00     0.74679E+01     0.17243E+02     0.91217E-01
     0.88279E+00     0.40740E-01     0.69373E+00     0.12734E+01     0.11961E+01     0.28132E+00     0.43347E+01     0.49189E+01    -0.33514E+00     0.20038E+00     0.17601E+00    -0.11452E-01     0.51833E-01     0.17113E+02     0.65616E+00     0.74945E+01     0.17120E+02     0.91150E-01
     0.89654E+00     0.41085E-01     0.69594E+00     0.12773E+01     0.12000E+01     0.28513E+00     0.43673E+01     0.49529E+01    -0.34079E+00     0.20347E+00     0.17883E+00    -0.11705E-01     0.52429E-01     0.16990E+02     0.65224E+00     0.75213E+01     0.16997E+02     0.91072E-01
     0.91031E+00     0.41427E-01     0.69802E+00     0.12809E+01     0.12038E+01     0.28895E+00     0.43993E+01     0.49864E+01    -0.34641E+00     0.20655E+00     0.18164E+00    -0.11960E-01     0.53013E-01     0.16867E+02     0.64831E+00     0.75484E+01     0.16874E+02     0.90975E-01
     0.92408E+00     0.41765E-01     0.70041E+00     0.12843E+01     0.12073E+01     0.29277E+00     0.44304E+01     0.50193E+01    -0.35200E+00     0.20961E+00     0.18442E+00    -0.12217E-01     0.53588E-01     0.16744E+02     0.64436E+00     0.75756E+01     0.16752E+02     0.90910E-01
     0.93787E+00     0.42101E-01     0.70271E+00     0.12876E+01     0.12106E+01     0.29662E+00     0.44613E+01     0.50518E+01    -0.35760E+00     0.21266E+00     0.18720E+00    -0.12477E-01     0.54157E-01     0.16622E+02     0.64041E+00     0.76031E+01     0.16630E+02     0.90839E-01
     0.95167E+00     0.42434E-01     0.70524E+00     0.12907E+01     0.12138E+01     0.30048E+00     0.44914E+01     0.50840E+01    -0.36319E+00     0.21571E+00     0.18996E+00    -0.12740E-01     0.54718E-01     0.16500E+02     0.63644E+00     0.76308E+01     0.16508E+02     0.90796E-01
     0.96547E+00     0.42766E-01     0.70781E+00     0.12937E+01     0.12168E+01     0.30436E+00     0.45213E+01     0.51157E+01    -0.36879E+00     0.21875E+00     0.19272E+00    -0.13005E-01     0.55273E-01     0.16378E+02     0.63247E+00     0.76588E+01     0.16387E+02     0.90770E-01
     0.97928E+00     0.43096E-01     0.71069E+00     0.12965E+01     0.12197E+01     0.30826E+00     0.45503E+01     0.51471E+01    -0.37437E+00     0.22179E+00     0.19546E+00    -0.13273E-01     0.55821E-01     0.16257E+02     0.62849E+00     0.76869E+01     0.16266E+02     0.90775E-01
     0.99309E+00     0.43423E-01     0.71361E+00     0.12992E+01     0.12224E+01     0.31218E+00     0.45791E+01     0.51781E+01    -0.37996E+00     0.22482E+00     0.19819E+00    -0.13544E-01     0.56361E-01     0.16136E+02     0.62450E+00     0.77152E+01     0.16145E+02     0.90791E-01
     0.10069E+01     0.43745E-01     0.71661E+00     0.13016E+01     0.12248E+01     0.31609E+00     0.46070E+01     0.52082E+01    -0.38548E+00     0.22781E+00     0.20087E+00    -0.13816E-01     0.56884E-01     0.16016E+02     0.62050E+00     0.77438E+01     0.16025E+02     0.90814E-01
     0.10207E+01     0.44059E-01     0.71990E+00     0.13037E+01     0.12269E+01     0.31999E+00     0.46334E+01     0.52372E+01    -0.39088E+00     0.23072E+00     0.20348E+00    -0.14086E-01     0.57384E-01     0.15896E+02     0.61649E+00     0.77725E+01     0.15905E+02     0.90863E-01
     0.10345E+01     0.44365E-01     0.72308E+00     0.13055E+01     0.12287E+01     0.32387E+00     0.46591E+01     0.52652E+01    -0.39618E+00     0.23356E+00     0.20602E+00    -0.14356E-01     0.57861E-01     0.15776E+02     0.61247E+00     0.78014E+01     0.15786E+02     0.90897E-01
     0.10483E+01     0.44662E-01     0.72612E+00     0.13069E+01     0.12301E+01     0.32772E+00     0.46837E+01     0.52919E+01    -0.40135E+00     0.23632E+00     0.20850E+00    -0.14624E-01     0.58312E-01     0.15657E+02     0.60846E+00     0.78305E+01     0.15667E+02     0.90904E-01
     0.10621E+01     0.44950E-01     0.72922E+00     0.13080E+01     0.12312E+01     0.33154E+00     0.47069E+01     0.53174E+01    -0.40636E+00     0.23899E+00     0.21088E+00    -0.14889E-01     0.58735E-01     0.15539E+02     0.60444E+00     0.78598E+01     0.15549E+02     0.90917E-01
     0.10759E+01     0.45228E-01     0.73237E+00     0.13087E+01     0.12320E+01     0.33531E+00     0.47291E+01     0.53416E+01    -0.41123E+00     0.24156E+00     0.21318E+00    -0.15152E-01     0.59130E-01     0.15421E+02     0.60042E+00     0.78893E+01     0.15432E+02     0.90931E-01
     0.10897E+01     0.45495E-01     0.73539E+00     0.13090E+01     0.12324E+01     0.33904E+00     0.47502E+01     0.53644E+01    -0.41594E+00     0.24403E+00     0.21539E+00    -0.15411E-01     0.59495E-01     0.15304E+02     0.59640E+00     0.79189E+01     0.15315E+02     0.90929E-01
     0.11035E+01     0.45753E-01     0.73837E+00     0.13091E+01     0.12325E+01     0.34274E+00     0.47699E+01     0.53861E+01    -0.42048E+00     0.24640E+00     0.21750E+00    -0.15667E-01     0.59834E-01     0.15188E+02     0.59237E+00     0.79486E+01     0.15199E+02     0.90920E-01
     0.11172E+01     0.46003E-01     0.74150E+00     0.13089E+01     0.12324E+01     0.34640E+00     0.47887E+01     0.54067E+01    -0.42491E+00     0.24870E+00     0.21955E+00    -0.15921E-01     0.60151E-01     0.15072E+02     0.58835E+00     0.79785E+01     0.15083E+02     0.90932E-01
     0.11309E+01     0.46247E-01     0.74472E+00     0.13084E+01     0.12320E+01     0.35004E+00     0.48064E+01     0.54265E+01    -0.42922E+00     0.25093E+00     0.22153E+00    -0.16174E-01     0.60450E-01     0.14957E+02     0.58434E+00     0.80085E+01     0.14968E+02     0.90953E-01
     0.11447E+01     0.46485E-01     0.74782E+00     0.13078E+01     0.12314E+01     0.35366E+00     0.48236E+01     0.54455E+01    -0.43345E+00     0.25311E+00     0.22346E+00    -0.16425E-01     0.60732E-01     0.14843E+02     0.58032E+00     0.80387E+01     0.14854E+02     0.90960E-01
     0.11583E+01     0.46716E-01     0.75100E+00     0.13070E+01     0.12306E+01     0.35725E+00     0.48397E+01     0.54636E+01    -0.43754E+00     0.25520E+00     0.22531E+00    -0.16674E-01     0.60992E-01     0.14729E+02     0.57631E+00     0.80690E+01     0.14740E+02     0.90983E-01
     0.11720E+01     0.46939E-01     0.75423E+00     0.13059E+01     0.12296E+01     0.36081E+00     0.48549E+01     0.54807E+01    -0.44151E+00     0.25723E+00     0.22709E+00    -0.16921E-01     0.61234E-01     0.14616E+02     0.57230E+00     0.80994E+01     0.14628E+02     0.91016E-01
     0.11856E+01     0.47158E-01     0.75748E+00     0.13047E+01     0.12284E+01     0.36436E+00     0.48694E+01     0.54973E+01    -0.44541E+00     0.25921E+00     0.22883E+00    -0.17167E-01     0.61462E-01     0.14504E+02     0.56830E+00     0.81300E+01     0.14516E+02     0.91050E-01
     0.11993E+01     0.47374E-01     0.76071E+00     0.13033E+01     0.12271E+01     0.36791E+00     0.48833E+01     0.55134E+01    -0.44925E+00     0.26116E+00     0.23052E+00    -0.17413E-01     0.61679E-01     0.14393E+02     0.56430E+00     0.81607E+01     0.14404E+02     0.91085E-01
     0.12128E+01     0.47586E-01     0.76392E+00     0.13019E+01     0.12256E+01     0.37146E+00     0.48968E+01     0.55290E+01    -0.45304E+00     0.26307E+00     0.23219E+00    -0.17660E-01     0.61886E-01     0.14283E+02     0.56031E+00     0.81915E+01     0.14294E+02     0.91114E-01
     0.12264E+01     0.47796E-01     0.76782E+00     0.13003E+01     0.12240E+01     0.37502E+00     0.49094E+01     0.55443E+01    -0.45677E+00     0.26496E+00     0.23381E+00    -0.17908E-01     0.62085E-01     0.14173E+02     0.55632E+00     0.82224E+01     0.14184E+02     0.91229E-01
     0.12399E+01     0.48004E-01     0.77137E+00     0.12987E+01     0.12224E+01     0.37859E+00     0.49219E+01     0.55592E+01    -0.46048E+00     0.26683E+00     0.23542E+00    -0.18157E-01     0.62276E-01     0.14064E+02     0.55234E+00     0.82535E+01     0.14075E+02     0.91306E-01
     0.12534E+01     0.48208E-01     0.77519E+00     0.12970E+01     0.12205E+01     0.38216E+00     0.49335E+01     0.55737E+01    -0.46411E+00     0.26866E+00     0.23697E+00    -0.18406E-01     0.62457E-01     0.13956E+02     0.54835E+00     0.82847E+01     0.13967E+02     0.91411E-01
     0.12668E+01     0.48410E-01     0.77851E+00     0.12951E+01     0.12187E+01     0.38574E+00     0.49452E+01     0.55877E+01    -0.46772E+00     0.27047E+00     0.23852E+00    -0.18656E-01     0.62629E-01     0.13848E+02     0.54438E+00     0.83160E+01     0.13859E+02     0.91462E-01
     0.12802E+01     0.48607E-01     0.78283E+00     0.12931E+01     0.12166E+01     0.38931E+00     0.49553E+01     0.56012E+01    -0.47121E+00     0.27222E+00     0.23997E+00    -0.18905E-01     0.62786E-01     0.13741E+02     0.54040E+00     0.83475E+01     0.13752E+02     0.91630E-01
     0.12935E+01     0.48799E-01     0.78684E+00     0.12910E+01     0.12143E+01     0.39287E+00     0.49652E+01     0.56140E+01    -0.47463E+00     0.27392E+00     0.24139E+00    -0.19153E-01     0.62930E-01     0.13635E+02     0.53643E+00     0.83791E+01     0.13646E+02     0.91760E-01
     0.13068E+01     0.48985E-01     0.79088E+00     0.12887E+01     0.12119E+01     0.39640E+00     0.49741E+01     0.56260E+01    -0.47792E+00     0.27556E+00     0.24274E+00    -0.19399E-01     0.63055E-01     0.13530E+02     0.53246E+00     0.84109E+01     0.13540E+02     0.91894E-01
     0.13201E+01     0.49165E-01     0.79473E+00     0.12861E+01     0.12093E+01     0.39992E+00     0.49824E+01     0.56373E+01    -0.48110E+00     0.27712E+00     0.24403E+00    -0.19643E-01     0.63162E-01     0.13425E+02     0.52850E+00     0.84428E+01     0.13435E+02     0.92007E-01
     0.13333E+01     0.49338E-01     0.79861E+00     0.12834E+01     0.12065E+01     0.40340E+00     0.49898E+01     0.56476E+01    -0.48415E+00     0.27860E+00     0.24525E+00    -0.19883E-01     0.63249E-01     0.13321E+02     0.52454E+00     0.84749E+01     0.13331E+02     0.92121E-01
     0.13464E+01     0.49503E-01     0.80269E+00     0.12805E+01     0.12034E+01     0.40686E+00     0.49962E+01     0.56571E+01    -0.48705E+00     0.28001E+00     0.24638E+00    -0.20121E-01     0.63317E-01     0.13218E+02     0.52058E+00     0.85071E+01     0.13227E+02     0.92259E-01
     0.13595E+01     0.49663E-01     0.80677E+00     0.12774E+01     0.12002E+01     0.41029E+00     0.50019E+01     0.56658E+01    -0.48984E+00     0.28134E+00     0.24744E+00    -0.20356E-01     0.63367E-01     0.13115E+02     0.51662E+00     0.85394E+01     0.13124E+02     0.92398E-01
     0.13725E+01     0.49818E-01     0.81104E+00     0.12741E+01     0.11969E+01     0.41371E+00     0.50067E+01     0.56739E+01    -0.49252E+00     0.28262E+00     0.24845E+00    -0.20590E-01     0.63403E-01     0.13013E+02     0.51266E+00     0.85720E+01     0.13021E+02     0.92560E-01
     0.13855E+01     0.49969E-01     0.81527E+00     0.12708E+01     0.11934E+01     0.41713E+00     0.50110E+01     0.56815E+01    -0.49513E+00     0.28386E+00     0.24940E+00    -0.20823E-01     0.63427E-01     0.12911E+02     0.50869E+00     0.86048E+01     0.12919E+02     0.92711E-01
     0.13984E+01     0.50116E-01     0.81986E+00     0.12673E+01     0.11898E+01     0.42055E+00     0.50145E+01     0.56885E+01    -0.49765E+00     0.28505E+00     0.25030E+00    -0.21055E-01     0.63440E-01     0.12809E+02     0.50472E+00     0.86378E+01     0.12818E+02     0.92910E-01
     0.14113E+01     0.50260E-01     0.82445E+00     0.12637E+01     0.11860E+01     0.42396E+00     0.50174E+01     0.56951E+01    -0.50009E+00     0.28620E+00     0.25116E+00    -0.21286E-01     0.63442E-01     0.12708E+02     0.50074E+00     0.86711E+01     0.12716E+02     0.93104E-01
     0.14240E+01     0.50399E-01     0.82951E+00     0.12600E+01     0.11821E+01     0.42736E+00     0.50195E+01     0.57011E+01    -0.50242E+00     0.28729E+00     0.25194E+00    -0.21516E-01     0.63430E-01     0.12608E+02     0.49675E+00     0.87046E+01     0.12615E+02     0.93351E-01
     0.14368E+01     0.50534E-01     0.83445E+00     0.12562E+01     0.11781E+01     0.43075E+00     0.50211E+01     0.57066E+01    -0.50467E+00     0.28834E+00     0.25268E+00    -0.21745E-01     0.63407E-01     0.12508E+02     0.49275E+00     0.87383E+01     0.12515E+02     0.93583E-01
     0.14494E+01     0.50665E-01     0.83915E+00     0.12523E+01     0.11740E+01     0.43413E+00     0.50221E+01     0.57116E+01    -0.50685E+00     0.28934E+00     0.25339E+00    -0.21973E-01     0.63374E-01     0.12408E+02     0.48875E+00     0.87723E+01     0.12415E+02     0.93786E-01
     0.14620E+01     0.50793E-01     0.84410E+00     0.12483E+01     0.11698E+01     0.43752E+00     0.50226E+01     0.57162E+01    -0.50896E+00     0.29031E+00     0.25404E+00    -0.22200E-01     0.63331E-01     0.12309E+02     0.48474E+00     0.88065E+01     0.12315E+02     0.94016E-01
     0.14744E+01     0.50918E-01     0.84920E+00     0.12442E+01     0.11654E+01     0.44091E+00     0.50224E+01     0.57203E+01    -0.51098E+00     0.29122E+00     0.25464E+00    -0.22427E-01     0.63277E-01     0.12210E+02     0.48073E+00     0.88410E+01     0.12216E+02     0.94257E-01
     0.14869E+01     0.51037E-01     0.85404E+00     0.12399E+01     0.11610E+01     0.44428E+00     0.50219E+01     0.57237E+01    -0.51290E+00     0.29208E+00     0.25520E+00    -0.22651E-01     0.63207E-01     0.12112E+02     0.47672E+00     0.88756E+01     0.12118E+02     0.94467E-01
     0.14992E+01     0.51150E-01     0.85899E+00     0.12355E+01     0.11564E+01     0.44763E+00     0.50203E+01     0.57264E+01    -0.51468E+00     0.29286E+00     0.25567E+00    -0.22872E-01     0.63122E-01     0.12014E+02     0.47271E+00     0.89104E+01     0.12020E+02     0.94684E-01
     0.15114E+01     0.51259E-01     0.86348E+00     0.12310E+01     0.11517E+01     0.45097E+00     0.50186E+01     0.57286E+01    -0.51641E+00     0.29360E+00     0.25612E+00    -0.23092E-01     0.63026E-01     0.11917E+02     0.46871E+00     0.89453E+01     0.11922E+02     0.94860E-01
     0.15236E+01     0.51366E-01     0.86854E+00     0.12265E+01     0.11469E+01     0.45432E+00     0.50161E+01     0.57304E+01    -0.51805E+00     0.29431E+00     0.25652E+00    -0.23312E-01     0.62922E-01     0.11821E+02     0.46470E+00     0.89805E+01     0.11825E+02     0.95084E-01
     0.15357E+01     0.51472E-01     0.87374E+00     0.12219E+01     0.11420E+01     0.45770E+00     0.50132E+01     0.57321E+01    -0.51968E+00     0.29500E+00     0.25689E+00    -0.23534E-01     0.62815E-01     0.11725E+02     0.46069E+00     0.90159E+01     0.11729E+02     0.95319E-01
     0.15477E+01     0.51577E-01     0.87896E+00     0.12172E+01     0.11371E+01     0.46110E+00     0.50101E+01     0.57336E+01    -0.52126E+00     0.29568E+00     0.25724E+00    -0.23757E-01     0.62702E-01     0.11630E+02     0.45668E+00     0.90515E+01     0.11633E+02     0.95556E-01
     0.15596E+01     0.51680E-01     0.88414E+00     0.12125E+01     0.11321E+01     0.46452E+00     0.50066E+01     0.57347E+01    -0.52280E+00     0.29633E+00     0.25756E+00    -0.23981E-01     0.62582E-01     0.11535E+02     0.45266E+00     0.90874E+01     0.11538E+02     0.95785E-01
     0.15714E+01     0.51781E-01     0.88938E+00     0.12077E+01     0.11270E+01     0.46796E+00     0.50027E+01     0.57356E+01    -0.52429E+00     0.29695E+00     0.25785E+00    -0.24205E-01     0.62456E-01     0.11441E+02     0.44863E+00     0.91235E+01     0.11443E+02     0.96014E-01
     0.15831E+01     0.51881E-01     0.89482E+00     0.12028E+01     0.11219E+01     0.47141E+00     0.49983E+01     0.57362E+01    -0.52574E+00     0.29755E+00     0.25810E+00    -0.24431E-01     0.62324E-01     0.11347E+02     0.44460E+00     0.91599E+01     0.11348E+02     0.96267E-01
     0.15947E+01     0.51979E-01     0.90019E+00     0.11979E+01     0.11167E+01     0.47490E+00     0.49936E+01     0.57366E+01    -0.52716E+00     0.29814E+00     0.25835E+00    -0.24658E-01     0.62189E-01     0.11253E+02     0.44056E+00     0.91966E+01     0.11254E+02     0.96515E-01
     0.16062E+01     0.52077E-01     0.90612E+00     0.11930E+01     0.11114E+01     0.47842E+00     0.49885E+01     0.57369E+01    -0.52854E+00     0.29871E+00     0.25855E+00    -0.24887E-01     0.62049E-01     0.11160E+02     0.43651E+00     0.92336E+01     0.11160E+02     0.96816E-01
     0.16176E+01     0.52173E-01     0.91195E+00     0.11880E+01     0.11061E+01     0.48196E+00     0.49828E+01     0.57368E+01    -0.52986E+00     0.29926E+00     0.25872E+00    -0.25117E-01     0.61902E-01     0.11067E+02     0.43244E+00     0.92709E+01     0.11066E+02     0.97103E-01
     0.16290E+01     0.52266E-01     0.91779E+00     0.11829E+01     0.11006E+01     0.48551E+00     0.49767E+01     0.57363E+01    -0.53112E+00     0.29976E+00     0.25885E+00    -0.25347E-01     0.61745E-01     0.10974E+02     0.42837E+00     0.93085E+01     0.10972E+02     0.97387E-01
     0.16402E+01     0.52356E-01     0.92362E+00     0.11777E+01     0.10951E+01     0.48908E+00     0.49700E+01     0.57353E+01    -0.53230E+00     0.30023E+00     0.25893E+00    -0.25578E-01     0.61578E-01     0.10881E+02     0.42427E+00     0.93465E+01     0.10879E+02     0.97666E-01
     0.16512E+01     0.52442E-01     0.92991E+00     0.11723E+01     0.10894E+01     0.49267E+00     0.49626E+01     0.57339E+01    -0.53339E+00     0.30065E+00     0.25896E+00    -0.25808E-01     0.61400E-01     0.10789E+02     0.42016E+00     0.93850E+01     0.10786E+02     0.97990E-01
     0.16622E+01     0.52523E-01     0.93618E+00     0.11668E+01     0.10835E+01     0.49625E+00     0.49544E+01     0.57317E+01    -0.53435E+00     0.30100E+00     0.25892E+00    -0.26035E-01     0.61206E-01     0.10697E+02     0.41603E+00     0.94238E+01     0.10693E+02     0.98308E-01
     0.16731E+01     0.52598E-01     0.94251E+00     0.11612E+01     0.10775E+01     0.49983E+00     0.49454E+01     0.57288E+01    -0.53518E+00     0.30128E+00     0.25880E+00    -0.26261E-01     0.60997E-01     0.10605E+02     0.41187E+00     0.94631E+01     0.10599E+02     0.98632E-01
     0.16839E+01     0.52670E-01     0.94887E+00     0.11554E+01     0.10713E+01     0.50343E+00     0.49360E+01     0.57254E+01    -0.53594E+00     0.30151E+00     0.25865E+00    -0.26486E-01     0.60776E-01     0.10512E+02     0.40769E+00     0.95028E+01     0.10506E+02     0.98947E-01
     0.16945E+01     0.52740E-01     0.95501E+00     0.11496E+01     0.10651E+01     0.50705E+00     0.49263E+01     0.57217E+01    -0.53665E+00     0.30172E+00     0.25847E+00    -0.26712E-01     0.60549E-01     0.10420E+02     0.40348E+00     0.95431E+01     0.10413E+02     0.99237E-01
     0.17050E+01     0.52810E-01     0.96149E+00     0.11437E+01     0.10588E+01     0.51074E+00     0.49160E+01     0.57179E+01    -0.53734E+00     0.30192E+00     0.25826E+00    -0.26941E-01     0.60319E-01     0.10328E+02     0.39924E+00     0.95838E+01     0.10320E+02     0.99566E-01
     0.17154E+01     0.52882E-01     0.96871E+00     0.11378E+01     0.10524E+01     0.51449E+00     0.49050E+01     0.57141E+01    -0.53800E+00     0.30213E+00     0.25802E+00    -0.27176E-01     0.60089E-01     0.10236E+02     0.39497E+00     0.96252E+01     0.10226E+02     0.99965E-01
     0.17257E+01     0.52956E-01     0.97581E+00     0.11318E+01     0.10460E+01     0.51833E+00     0.48942E+01     0.57103E+01    -0.53869E+00     0.30234E+00     0.25779E+00    -0.27417E-01     0.59857E-01     0.10144E+02     0.39067E+00     0.96671E+01     0.10133E+02     0.10034E+00
     0.17358E+01     0.53028E-01     0.98257E+00     0.11258E+01     0.10395E+01     0.52223E+00     0.48830E+01     0.57062E+01    -0.53936E+00     0.30254E+00     0.25754E+00    -0.27661E-01     0.59617E-01     0.10051E+02     0.38632E+00     0.97098E+01     0.10039E+02     0.10068E+00
     0.17458E+01     0.53099E-01     0.98958E+00     0.11196E+01     0.10329E+01     0.52621E+00     0.48713E+01     0.57018E+01    -0.53997E+00     0.30271E+00     0.25725E+00    -0.27909E-01     0.59370E-01     0.99579E+01     0.38192E+00     0.97532E+01     0.99442E+01     0.10103E+00
     0.17557E+01     0.53172E-01     0.99676E+00     0.11134E+01     0.10262E+01     0.53027E+00     0.48592E+01     0.56972E+01    -0.54058E+00     0.30288E+00     0.25695E+00    -0.28163E-01     0.59120E-01     0.98642E+01     0.37746E+00     0.97974E+01     0.98493E+01     0.10140E+00
     0.17655E+01     0.53247E-01     0.10045E+01     0.11071E+01     0.10193E+01     0.53446E+00     0.48464E+01     0.56927E+01    -0.54119E+00     0.30307E+00     0.25662E+00    -0.28425E-01     0.58868E-01     0.97699E+01     0.37294E+00     0.98426E+01     0.97534E+01     0.10181E+00
     0.17751E+01     0.53325E-01     0.10122E+01     0.11007E+01     0.10125E+01     0.53878E+00     0.48337E+01     0.56883E+01    -0.54186E+00     0.30328E+00     0.25631E+00    -0.28697E-01     0.58616E-01     0.96749E+01     0.36835E+00     0.98887E+01     0.96568E+01     0.10220E+00
     0.17845E+01     0.53406E-01     0.10201E+01     0.10943E+01     0.10055E+01     0.54324E+00     0.48208E+01     0.56839E+01    -0.54256E+00     0.30351E+00     0.25600E+00    -0.28979E-01     0.58362E-01     0.95789E+01     0.36368E+00     0.99360E+01     0.95594E+01     0.10260E+00
     0.17939E+01     0.53489E-01     0.10282E+01     0.10878E+01     0.99836E+00     0.54783E+00     0.48071E+01     0.56793E+01    -0.54324E+00     0.30373E+00     0.25566E+00    -0.29268E-01     0.58101E-01     0.94818E+01     0.35892E+00     0.99846E+01     0.94607E+01     0.10301E+00
     0.18031E+01     0.53571E-01     0.10365E+01     0.10811E+01     0.99103E+00     0.55254E+00     0.47928E+01     0.56743E+01    -0.54387E+00     0.30393E+00     0.25528E+00    -0.29565E-01     0.57831E-01     0.93835E+01     0.35406E+00     0.10034E+02     0.93606E+01     0.10344E+00
     0.18121E+01     0.53651E-01     0.10450E+01     0.10741E+01     0.98349E+00     0.55736E+00     0.47776E+01     0.56687E+01    -0.54442E+00     0.30408E+00     0.25484E+00    -0.29867E-01     0.57546E-01     0.92836E+01     0.34909E+00     0.10086E+02     0.92590E+01     0.10388E+00
     0.18210E+01     0.53728E-01     0.10537E+01     0.10670E+01     0.97572E+00     0.56229E+00     0.47615E+01     0.56625E+01    -0.54487E+00     0.30418E+00     0.25434E+00    -0.30175E-01     0.57245E-01     0.91821E+01     0.34400E+00     0.10139E+02     0.91558E+01     0.10431E+00
     0.18298E+01     0.53800E-01     0.10623E+01     0.10596E+01     0.96766E+00     0.56733E+00     0.47444E+01     0.56554E+01    -0.54520E+00     0.30421E+00     0.25376E+00    -0.30486E-01     0.56923E-01     0.90786E+01     0.33876E+00     0.10194E+02     0.90504E+01     0.10472E+00
     0.18384E+01     0.53867E-01     0.10708E+01     0.10518E+01     0.95929E+00     0.57248E+00     0.47262E+01     0.56472E+01    -0.54538E+00     0.30415E+00     0.25309E+00    -0.30801E-01     0.56576E-01     0.89727E+01     0.33335E+00     0.10251E+02     0.89430E+01     0.10511E+00
     0.18468E+01     0.53926E-01     0.10799E+01     0.10436E+01     0.95044E+00     0.57773E+00     0.47057E+01     0.56376E+01    -0.54530E+00     0.30396E+00     0.25226E+00    -0.31117E-01     0.56197E-01     0.88642E+01     0.32777E+00     0.10311E+02     0.88326E+01     0.10554E+00
     0.18551E+01     0.53972E-01     0.10892E+01     0.10350E+01     0.94106E+00     0.58307E+00     0.46830E+01     0.56262E+01    -0.54491E+00     0.30361E+00     0.25125E+00    -0.31432E-01     0.55777E-01     0.87526E+01     0.32197E+00     0.10373E+02     0.87193E+01     0.10597E+00
     0.18633E+01     0.54002E-01     0.10982E+01     0.10257E+01     0.93114E+00     0.58848E+00     0.46583E+01     0.56124E+01    -0.54417E+00     0.30303E+00     0.25007E+00    -0.31741E-01     0.55307E-01     0.86375E+01     0.31593E+00     0.10439E+02     0.86028E+01     0.10633E+00
     0.18713E+01     0.54011E-01     0.11070E+01     0.10156E+01     0.92048E+00     0.59391E+00     0.46305E+01     0.55956E+01    -0.54291E+00     0.30217E+00     0.24861E+00    -0.32039E-01     0.54773E-01     0.85185E+01     0.30962E+00     0.10508E+02     0.84825E+01     0.10665E+00
     0.18791E+01     0.53987E-01     0.11154E+01     0.10046E+01     0.90893E+00     0.59929E+00     0.45990E+01     0.55748E+01    -0.54097E+00     0.30092E+00     0.24681E+00    -0.32315E-01     0.54155E-01     0.83948E+01     0.30300E+00     0.10581E+02     0.83577E+01     0.10688E+00
     0.18867E+01     0.53919E-01     0.11238E+01     0.99234E+00     0.89616E+00     0.60450E+00     0.45618E+01     0.55485E+01    -0.53803E+00     0.29912E+00     0.24450E+00    -0.32555E-01     0.53427E-01     0.82659E+01     0.29603E+00     0.10659E+02     0.82279E+01     0.10710E+00
     0.18942E+01     0.53792E-01     0.11314E+01     0.97857E+00     0.88201E+00     0.60940E+00     0.45185E+01     0.55151E+01    -0.53386E+00     0.29662E+00     0.24160E+00    -0.32741E-01     0.52561E-01     0.81312E+01     0.28866E+00     0.10742E+02     0.80927E+01     0.10718E+00
     0.19015E+01     0.53590E-01     0.11377E+01     0.96298E+00     0.86624E+00     0.61383E+00     0.44678E+01     0.54731E+01    -0.52819E+00     0.29326E+00     0.23799E+00    -0.32856E-01     0.51529E-01     0.79900E+01     0.28084E+00     0.10831E+02     0.79517E+01     0.10707E+00
     0.19087E+01     0.53294E-01     0.11425E+01     0.94524E+00     0.84857E+00     0.61762E+00     0.44084E+01     0.54205E+01    -0.52066E+00     0.28883E+00     0.23352E+00    -0.32877E-01     0.50302E-01     0.78414E+01     0.27250E+00     0.10927E+02     0.78041E+01     0.10675E+00
     0.19157E+01     0.52882E-01     0.11450E+01     0.92495E+00     0.82865E+00     0.62052E+00     0.43384E+01     0.53549E+01    -0.51089E+00     0.28313E+00     0.22802E+00    -0.32776E-01     0.48842E-01     0.76844E+01     0.26357E+00     0.11031E+02     0.76490E+01     0.10613E+00
     0.19225E+01     0.52323E-01     0.11455E+01     0.90159E+00     0.80595E+00     0.62219E+00     0.42547E+01     0.52732E+01    -0.49832E+00     0.27587E+00     0.22124E+00    -0.32518E-01     0.47106E-01     0.75182E+01     0.25398E+00     0.11144E+02     0.74854E+01     0.10526E+00
     0.19291E+01     0.51579E-01     0.11426E+01     0.87458E+00     0.78010E+00     0.62219E+00     0.41556E+01     0.51718E+01    -0.48242E+00     0.26672E+00     0.21298E+00    -0.32056E-01     0.45046E-01     0.73417E+01     0.24363E+00     0.11268E+02     0.73129E+01     0.10397E+00
     0.19355E+01     0.50606E-01     0.11348E+01     0.84327E+00     0.75059E+00     0.61995E+00     0.40381E+01     0.50463E+01    -0.46260E+00     0.25534E+00     0.20300E+00    -0.31340E-01     0.42616E-01     0.71541E+01     0.23244E+00     0.11404E+02     0.71310E+01     0.10211E+00
     0.19418E+01     0.49350E-01     0.11201E+01     0.80690E+00     0.71685E+00     0.61477E+00     0.38994E+01     0.48914E+01    -0.43822E+00     0.24135E+00     0.19110E+00    -0.30307E-01     0.39766E-01     0.69545E+01     0.22030E+00     0.11554E+02     0.69390E+01     0.99510E-01
     0.19479E+01     0.47743E-01     0.10963E+01     0.76462E+00     0.67830E+00     0.60572E+00     0.37361E+01     0.47009E+01    -0.40865E+00     0.22441E+00     0.17704E+00    -0.28890E-01     0.36457E-01     0.67422E+01     0.20712E+00     0.11721E+02     0.67366E+01     0.95976E-01
     0.19537E+01     0.45709E-01     0.10604E+01     0.71555E+00     0.63430E+00     0.59163E+00     0.35447E+01     0.44680E+01    -0.37335E+00     0.20420E+00     0.16069E+00    -0.27017E-01     0.32666E-01     0.65166E+01     0.19279E+00     0.11905E+02     0.65237E+01     0.91266E-01
     0.19594E+01     0.43163E-01     0.10090E+01     0.65890E+00     0.58435E+00     0.57114E+00     0.33217E+01     0.41853E+01    -0.33212E+00     0.18063E+00     0.14204E+00    -0.24630E-01     0.28406E-01     0.62780E+01     0.17725E+00     0.12109E+02     0.63006E+01     0.85128E-01
     0.19650E+01     0.40023E-01     0.93815E+00     0.59412E+00     0.52818E+00     0.54269E+00     0.30650E+01     0.38463E+01    -0.28531E+00     0.15392E+00     0.12135E+00    -0.21702E-01     0.23752E-01     0.60271E+01     0.16043E+00     0.12336E+02     0.60683E+01     0.77313E-01
     0.19703E+01     0.36227E-01     0.84447E+00     0.52122E+00     0.46597E+00     0.50473E+00     0.27742E+01     0.34467E+01    -0.23413E+00     0.12485E+00     0.99211E-01    -0.18271E-01     0.18863E-01     0.57655E+01     0.14235E+00     0.12586E+02     0.58282E+01     0.67688E-01
     0.19754E+01     0.31750E-01     0.72705E+00     0.44109E+00     0.39859E+00     0.45601E+00     0.24518E+01     0.29869E+01    -0.18094E+00     0.94824E-01     0.76633E-01    -0.14469E-01     0.13992E-01     0.54957E+01     0.12304E+00     0.12862E+02     0.55826E+01     0.56402E-01
     0.19803E+01     0.26636E-01     0.59145E+00     0.35581E+00     0.32769E+00     0.39569E+00     0.21039E+01     0.24744E+01    -0.12903E+00     0.65903E-01     0.54955E-01    -0.10534E-01     0.94704E-02     0.52208E+01     0.10261E+00     0.13163E+02     0.53345E+01     0.44211E-01
     0.19850E+01     0.21009E-01     0.45407E+00     0.26864E+00     0.25582E+00     0.32415E+00     0.17400E+01     0.19237E+01    -0.82429E-01     0.40411E-01     0.35655E-01    -0.68073E-02     0.56407E-02     0.49443E+01     0.81197E-01     0.13491E+02     0.50874E+01     0.32846E-01
     0.19896E+01     0.15060E-01     0.35492E+00     0.18356E+00     0.18589E+00     0.24199E+00     0.13748E+01     0.13582E+01    -0.44600E-01     0.20453E-01     0.20028E-01    -0.36435E-02     0.27635E-02     0.46693E+01     0.58932E-01     0.13844E+02     0.48450E+01     0.25698E-01
     0.19939E+01     0.90002E-02     0.36089E+00     0.10420E+00     0.12129E+00     0.15160E+00     0.10267E+01     0.79624E+00    -0.18104E-01     0.71661E-02     0.88137E-02    -0.13643E-02     0.93766E-03     0.43980E+01     0.35913E-01     0.14226E+02     0.46112E+01     0.26594E-01
     0.19980E+01     0.29810E-02     0.49890E+00     0.32695E-01     0.65047E-01     0.53092E-01     0.72824E+00     0.25708E+00    -0.33138E-02     0.76632E-03     0.20168E-02    -0.15826E-03     0.97461E-04     0.41315E+01     0.12168E-01     0.14636E+02     0.43935E+01     0.34947E-01
