     0.81232E-03     0.26422E-05    -0.48502E-03     0.14601E-07     0.00000E+00     0.11058E-04    -0.53043E-06     0.48353E-03     0.00000E+00
     0.24603E-02     0.24329E-04    -0.48038E-03     0.42547E-06     0.00000E+00     0.28847E-04     0.78325E-06     0.47659E-03     0.00000E+00
     0.41548E-02     0.69170E-04    -0.47705E-03     0.20929E-05     0.00000E+00     0.45068E-04     0.30039E-05     0.47050E-03     0.00000E+00
     0.58955E-02     0.13873E-03    -0.47431E-03     0.60811E-05     0.00000E+00     0.58737E-04     0.88527E-05     0.46486E-03     0.00000E+00
     0.76824E-02     0.23461E-03    -0.47218E-03     0.13654E-04     0.00000E+00     0.70311E-04     0.19676E-04     0.45918E-03     0.00000E+00
     0.95151E-02     0.35838E-03    -0.47044E-03     0.26278E-04     0.00000E+00     0.79811E-04     0.37516E-04     0.45293E-03     0.00000E+00
     0.11393E-01     0.51160E-03    -0.46891E-03     0.45614E-04     0.00000E+00     0.87431E-04     0.64296E-04     0.44555E-03     0.00000E+00
     0.13317E-01     0.69572E-03    -0.46742E-03     0.73498E-04     0.00000E+00     0.93333E-04     0.10191E-03     0.43645E-03     0.00000E+00
     0.15286E-01     0.91210E-03    -0.46578E-03     0.11191E-03     0.00000E+00     0.97683E-04     0.15193E-03     0.42505E-03     0.00000E+00
     0.17300E-01     0.11619E-02    -0.46385E-03     0.16291E-03     0.00000E+00     0.10065E-03     0.21545E-03     0.41082E-03     0.00000E+00
     0.19358E-01     0.14459E-02    -0.46146E-03     0.22861E-03     0.00000E+00     0.10240E-03     0.29282E-03     0.39331E-03     0.00000E+00
     0.21461E-01     0.17648E-02    -0.45851E-03     0.31107E-03     0.00000E+00     0.10309E-03     0.38349E-03     0.37220E-03     0.00000E+00
     0.23608E-01     0.21188E-02    -0.45494E-03     0.41221E-03     0.00000E+00     0.10287E-03     0.48587E-03     0.34735E-03     0.00000E+00
     0.25800E-01     0.25076E-02    -0.45071E-03     0.53374E-03     0.00000E+00     0.10187E-03     0.59738E-03     0.31877E-03     0.00000E+00
     0.28035E-01     0.29305E-02    -0.44586E-03     0.67706E-03     0.00000E+00     0.10024E-03     0.71445E-03     0.28669E-03     0.00000E+00
     0.30313E-01     0.33862E-02    -0.44047E-03     0.84318E-03     0.00000E+00     0.98070E-04     0.83273E-03     0.25150E-03     0.00000E+00
     0.32635E-01     0.38729E-02    -0.43464E-03     0.10326E-02     0.00000E+00     0.95467E-04     0.94737E-03     0.21374E-03     0.00000E+00
     0.35000E-01     0.43885E-02    -0.42852E-03     0.12454E-02     0.00000E+00     0.92514E-04     0.10532E-02     0.17408E-03     0.00000E+00
     0.37408E-01     0.49301E-02    -0.42228E-03     0.14809E-02     0.00000E+00     0.89283E-04     0.11453E-02     0.13326E-03     0.00000E+00
     0.39859E-01     0.54946E-02    -0.41610E-03     0.17380E-02     0.00000E+00     0.85830E-04     0.12189E-02     0.92080E-04     0.00000E+00
     0.42352E-01     0.60783E-02    -0.41015E-03     0.20151E-02     0.00000E+00     0.82202E-04     0.12699E-02     0.51315E-04     0.00000E+00
     0.44887E-01     0.66773E-02    -0.40458E-03     0.23097E-02     0.00000E+00     0.78435E-04     0.12951E-02     0.11720E-04     0.00000E+00
     0.47465E-01     0.72876E-02    -0.39953E-03     0.26191E-02     0.00000E+00     0.74557E-04     0.12923E-02    -0.26021E-04     0.00000E+00
     0.50084E-01     0.79048E-02    -0.39513E-03     0.29401E-02     0.00000E+00     0.70589E-04     0.12603E-02    -0.61318E-04     0.00000E+00
     0.52744E-01     0.85246E-02    -0.39143E-03     0.32692E-02     0.00000E+00     0.66542E-04     0.11988E-02    -0.93687E-04     0.00000E+00
     0.55446E-01     0.91427E-02    -0.38848E-03     0.36026E-02     0.00000E+00     0.62429E-04     0.11088E-02    -0.12276E-03     0.00000E+00
     0.58189E-01     0.97549E-02    -0.38630E-03     0.39364E-02     0.00000E+00     0.58256E-04     0.99222E-03    -0.14830E-03     0.00000E+00
     0.60973E-01     0.10357E-01    -0.38485E-03     0.42666E-02     0.00000E+00     0.54028E-04     0.85166E-03    -0.17017E-03     0.00000E+00
     0.63797E-01     0.10946E-01    -0.38409E-03     0.45895E-02     0.00000E+00     0.49752E-04     0.69046E-03    -0.18834E-03     0.00000E+00
     0.66662E-01     0.11517E-01    -0.38396E-03     0.49014E-02     0.00000E+00     0.45434E-04     0.51239E-03    -0.20290E-03     0.00000E+00
     0.69567E-01     0.12068E-01    -0.38435E-03     0.51989E-02     0.00000E+00     0.41081E-04     0.32153E-03    -0.21397E-03     0.00000E+00
     0.72512E-01     0.12596E-01    -0.38519E-03     0.54788E-02     0.00000E+00     0.36703E-04     0.12206E-03    -0.22177E-03     0.00000E+00
     0.75497E-01     0.13099E-01    -0.38637E-03     0.57386E-02     0.00000E+00     0.32313E-04    -0.81898E-04    -0.22654E-03     0.00000E+00
     0.78521E-01     0.13573E-01    -0.38779E-03     0.59759E-02     0.00000E+00     0.27923E-04    -0.28638E-03    -0.22855E-03     0.00000E+00
     0.81584E-01     0.14019E-01    -0.38935E-03     0.61890E-02     0.00000E+00     0.23547E-04    -0.48772E-03    -0.22811E-03     0.00000E+00
     0.84687E-01     0.14433E-01    -0.39098E-03     0.63765E-02     0.00000E+00     0.19202E-04    -0.68259E-03    -0.22550E-03     0.00000E+00
     0.87828E-01     0.14816E-01    -0.39258E-03     0.65377E-02     0.00000E+00     0.14905E-04    -0.86811E-03    -0.22103E-03     0.00000E+00
     0.91008E-01     0.15166E-01    -0.39408E-03     0.66719E-02     0.00000E+00     0.10675E-04    -0.10418E-02    -0.21500E-03     0.00000E+00
     0.94226E-01     0.15484E-01    -0.39542E-03     0.67793E-02     0.00000E+00     0.65296E-05    -0.12018E-02    -0.20766E-03     0.00000E+00
     0.97482E-01     0.15769E-01    -0.39656E-03     0.68602E-02     0.00000E+00     0.24890E-05    -0.13464E-02    -0.19929E-03     0.00000E+00
     0.10078E+00     0.16021E-01    -0.39744E-03     0.69153E-02     0.00000E+00    -0.14311E-05    -0.14747E-02    -0.19012E-03     0.00000E+00
     0.10411E+00     0.16241E-01    -0.39803E-03     0.69455E-02     0.00000E+00    -0.52146E-05    -0.15860E-02    -0.18037E-03     0.00000E+00
     0.10748E+00     0.16430E-01    -0.39830E-03     0.69522E-02     0.00000E+00    -0.88400E-05    -0.16801E-02    -0.17022E-03     0.00000E+00
     0.11088E+00     0.16587E-01    -0.39825E-03     0.69367E-02     0.00000E+00    -0.12297E-04    -0.17570E-02    -0.15985E-03     0.00000E+00
     0.11433E+00     0.16715E-01    -0.39787E-03     0.69006E-02     0.00000E+00    -0.15566E-04    -0.18173E-02    -0.14939E-03     0.00000E+00
     0.11781E+00     0.16815E-01    -0.39715E-03     0.68457E-02     0.00000E+00    -0.18634E-04    -0.18618E-02    -0.13895E-03     0.00000E+00
     0.12132E+00     0.16887E-01    -0.39610E-03     0.67737E-02     0.00000E+00    -0.21485E-04    -0.18912E-02    -0.12862E-03     0.00000E+00
     0.12488E+00     0.16932E-01    -0.39474E-03     0.66863E-02     0.00000E+00    -0.24105E-04    -0.19069E-02    -0.11845E-03     0.00000E+00
     0.12847E+00     0.16953E-01    -0.39307E-03     0.65853E-02     0.00000E+00    -0.26487E-04    -0.19099E-02    -0.10851E-03     0.00000E+00
     0.13209E+00     0.16950E-01    -0.39113E-03     0.64725E-02     0.00000E+00    -0.28616E-04    -0.19015E-02    -0.98830E-04     0.00000E+00
     0.13575E+00     0.16925E-01    -0.38892E-03     0.63495E-02     0.00000E+00    -0.30473E-04    -0.18831E-02    -0.89438E-04     0.00000E+00
     0.13945E+00     0.16880E-01    -0.38646E-03     0.62178E-02     0.00000E+00    -0.32058E-04    -0.18557E-02    -0.80365E-04     0.00000E+00
     0.14318E+00     0.16815E-01    -0.38377E-03     0.60790E-02     0.00000E+00    -0.33354E-04    -0.18206E-02    -0.71640E-04     0.00000E+00
     0.14695E+00     0.16733E-01    -0.38085E-03     0.59345E-02     0.00000E+00    -0.34357E-04    -0.17788E-02    -0.63288E-04     0.00000E+00
     0.15075E+00     0.16635E-01    -0.37772E-03     0.57855E-02     0.00000E+00    -0.35061E-04    -0.17311E-02    -0.55338E-04     0.00000E+00
     0.15458E+00     0.16523E-01    -0.37439E-03     0.56332E-02     0.00000E+00    -0.35457E-04    -0.16786E-02    -0.47820E-04     0.00000E+00
     0.15845E+00     0.16398E-01    -0.37085E-03     0.54786E-02     0.00000E+00    -0.35558E-04    -0.16218E-02    -0.40761E-04     0.00000E+00
     0.16236E+00     0.16261E-01    -0.36713E-03     0.53228E-02     0.00000E+00    -0.35358E-04    -0.15614E-02    -0.34186E-04     0.00000E+00
     0.16629E+00     0.16114E-01    -0.36322E-03     0.51665E-02     0.00000E+00    -0.34877E-04    -0.14980E-02    -0.28113E-04     0.00000E+00
     0.17027E+00     0.15959E-01    -0.35913E-03     0.50105E-02     0.00000E+00    -0.34126E-04    -0.14323E-02    -0.22555E-04     0.00000E+00
     0.17427E+00     0.15796E-01    -0.35486E-03     0.48554E-02     0.00000E+00    -0.33116E-04    -0.13647E-02    -0.17516E-04     0.00000E+00
     0.17831E+00     0.15627E-01    -0.35042E-03     0.47019E-02     0.00000E+00    -0.31877E-04    -0.12957E-02    -0.12985E-04     0.00000E+00
     0.18238E+00     0.15453E-01    -0.34584E-03     0.45504E-02     0.00000E+00    -0.30431E-04    -0.12260E-02    -0.89451E-05     0.00000E+00
     0.18648E+00     0.15275E-01    -0.34111E-03     0.44014E-02     0.00000E+00    -0.28799E-04    -0.11561E-02    -0.53724E-05     0.00000E+00
     0.19062E+00     0.15095E-01    -0.33625E-03     0.42552E-02     0.00000E+00    -0.26998E-04    -0.10864E-02    -0.22438E-05     0.00000E+00
     0.19478E+00     0.14912E-01    -0.33127E-03     0.41123E-02     0.00000E+00    -0.25045E-04    -0.10173E-02     0.46482E-06     0.00000E+00
     0.19898E+00     0.14728E-01    -0.32618E-03     0.39727E-02     0.00000E+00    -0.22965E-04    -0.94926E-03     0.27757E-05     0.00000E+00
     0.20322E+00     0.14543E-01    -0.32100E-03     0.38368E-02     0.00000E+00    -0.20777E-04    -0.88253E-03     0.47110E-05     0.00000E+00
     0.20748E+00     0.14358E-01    -0.31573E-03     0.37047E-02     0.00000E+00    -0.18496E-04    -0.81737E-03     0.62862E-05     0.00000E+00
     0.21177E+00     0.14174E-01    -0.31038E-03     0.35765E-02     0.00000E+00    -0.16149E-04    -0.75397E-03     0.75224E-05     0.00000E+00
     0.21610E+00     0.13991E-01    -0.30496E-03     0.34523E-02     0.00000E+00    -0.13767E-04    -0.69252E-03     0.84467E-05     0.00000E+00
     0.22046E+00     0.13809E-01    -0.29948E-03     0.33321E-02     0.00000E+00    -0.11383E-04    -0.63316E-03     0.90835E-05     0.00000E+00
     0.22484E+00     0.13629E-01    -0.29396E-03     0.32159E-02     0.00000E+00    -0.90271E-05    -0.57601E-03     0.94655E-05     0.00000E+00
     0.22926E+00     0.13451E-01    -0.28842E-03     0.31037E-02     0.00000E+00    -0.67298E-05    -0.52119E-03     0.96276E-05     0.00000E+00
     0.23371E+00     0.13274E-01    -0.28285E-03     0.29954E-02     0.00000E+00    -0.44998E-05    -0.46878E-03     0.96034E-05     0.00000E+00
     0.23819E+00     0.13100E-01    -0.27730E-03     0.28911E-02     0.00000E+00    -0.23922E-05    -0.41878E-03     0.94334E-05     0.00000E+00
     0.24269E+00     0.12927E-01    -0.27176E-03     0.27905E-02     0.00000E+00    -0.44442E-06    -0.37125E-03     0.91526E-05     0.00000E+00
     0.24723E+00     0.12757E-01    -0.26627E-03     0.26937E-02     0.00000E+00     0.13377E-05    -0.32621E-03     0.87922E-05     0.00000E+00
     0.25180E+00     0.12589E-01    -0.26084E-03     0.26005E-02     0.00000E+00     0.29170E-05    -0.28365E-03     0.83867E-05     0.00000E+00
     0.25639E+00     0.12422E-01    -0.25547E-03     0.25108E-02     0.00000E+00     0.42851E-05    -0.24358E-03     0.79685E-05     0.00000E+00
     0.26102E+00     0.12257E-01    -0.25019E-03     0.24245E-02     0.00000E+00     0.54079E-05    -0.20603E-03     0.75689E-05     0.00000E+00
     0.26567E+00     0.12094E-01    -0.24501E-03     0.23415E-02     0.00000E+00     0.62664E-05    -0.17102E-03     0.72137E-05     0.00000E+00
     0.27035E+00     0.11933E-01    -0.23994E-03     0.22617E-02     0.00000E+00     0.68815E-05    -0.13854E-03     0.69224E-05     0.00000E+00
     0.27506E+00     0.11773E-01    -0.23498E-03     0.21849E-02     0.00000E+00     0.72355E-05    -0.10857E-03     0.67111E-05     0.00000E+00
     0.27980E+00     0.11614E-01    -0.23013E-03     0.21111E-02     0.00000E+00     0.73226E-05    -0.81057E-04     0.65903E-05     0.00000E+00
     0.28456E+00     0.11458E-01    -0.22540E-03     0.20401E-02     0.00000E+00     0.71657E-05    -0.55927E-04     0.65620E-05     0.00000E+00
     0.28935E+00     0.11303E-01    -0.22078E-03     0.19718E-02     0.00000E+00     0.67830E-05    -0.33067E-04     0.66190E-05     0.00000E+00
     0.29417E+00     0.11149E-01    -0.21627E-03     0.19060E-02     0.00000E+00     0.61902E-05    -0.12313E-04     0.67518E-05     0.00000E+00
     0.29902E+00     0.10997E-01    -0.21186E-03     0.18426E-02     0.00000E+00     0.54063E-05     0.65170E-05     0.69460E-05     0.00000E+00
     0.30389E+00     0.10848E-01    -0.20753E-03     0.17816E-02     0.00000E+00     0.44599E-05     0.23609E-04     0.71762E-05     0.00000E+00
     0.30879E+00     0.10700E-01    -0.20328E-03     0.17227E-02     0.00000E+00     0.33760E-05     0.39176E-04     0.74143E-05     0.00000E+00
     0.31372E+00     0.10554E-01    -0.19909E-03     0.16660E-02     0.00000E+00     0.21696E-05     0.53440E-04     0.76294E-05     0.00000E+00
     0.31867E+00     0.10411E-01    -0.19495E-03     0.16113E-02     0.00000E+00     0.88292E-06     0.66640E-04     0.77885E-05     0.00000E+00
     0.32365E+00     0.10271E-01    -0.19087E-03     0.15585E-02     0.00000E+00    -0.47826E-06     0.78982E-04     0.78749E-05     0.00000E+00
     0.32865E+00     0.10133E-01    -0.18683E-03     0.15076E-02     0.00000E+00    -0.18978E-05     0.90566E-04     0.78806E-05     0.00000E+00
     0.33368E+00     0.99970E-02    -0.18285E-03     0.14586E-02     0.00000E+00    -0.33220E-05     0.10140E-03     0.78083E-05     0.00000E+00
     0.33874E+00     0.98642E-02    -0.17892E-03     0.14114E-02     0.00000E+00    -0.47493E-05     0.11143E-03     0.76735E-05     0.00000E+00
     0.34382E+00     0.97339E-02    -0.17505E-03     0.13659E-02     0.00000E+00    -0.61868E-05     0.12062E-03     0.74938E-05     0.00000E+00
     0.34892E+00     0.96064E-02    -0.17124E-03     0.13221E-02     0.00000E+00    -0.76303E-05     0.12889E-03     0.72852E-05     0.00000E+00
     0.35405E+00     0.94814E-02    -0.16751E-03     0.12800E-02     0.00000E+00    -0.90527E-05     0.13626E-03     0.70572E-05     0.00000E+00
     0.35920E+00     0.93589E-02    -0.16385E-03     0.12395E-02     0.00000E+00    -0.10464E-04     0.14279E-03     0.68157E-05     0.00000E+00
     0.36438E+00     0.92389E-02    -0.16027E-03     0.12005E-02     0.00000E+00    -0.11890E-04     0.14859E-03     0.65660E-05     0.00000E+00
     0.36958E+00     0.91213E-02    -0.15677E-03     0.11629E-02     0.00000E+00    -0.13335E-04     0.15379E-03     0.63093E-05     0.00000E+00
     0.37480E+00     0.90061E-02    -0.15334E-03     0.11269E-02     0.00000E+00    -0.14804E-04     0.15851E-03     0.60442E-05     0.00000E+00
     0.38005E+00     0.88931E-02    -0.15000E-03     0.10922E-02     0.00000E+00    -0.16317E-04     0.16280E-03     0.57719E-05     0.00000E+00
     0.38532E+00     0.87823E-02    -0.14674E-03     0.10589E-02     0.00000E+00    -0.17877E-04     0.16675E-03     0.54915E-05     0.00000E+00
     0.39062E+00     0.86736E-02    -0.14355E-03     0.10269E-02     0.00000E+00    -0.19509E-04     0.17040E-03     0.52037E-05     0.00000E+00
     0.39593E+00     0.85669E-02    -0.14044E-03     0.99607E-03     0.00000E+00    -0.21229E-04     0.17380E-03     0.49076E-05     0.00000E+00
     0.40127E+00     0.84621E-02    -0.13740E-03     0.96645E-03     0.00000E+00    -0.23044E-04     0.17702E-03     0.45989E-05     0.00000E+00
     0.40663E+00     0.83590E-02    -0.13442E-03     0.93795E-03     0.00000E+00    -0.24958E-04     0.18010E-03     0.42815E-05     0.00000E+00
     0.41202E+00     0.82576E-02    -0.13152E-03     0.91049E-03     0.00000E+00    -0.26981E-04     0.18307E-03     0.39669E-05     0.00000E+00
     0.41742E+00     0.81577E-02    -0.12868E-03     0.88401E-03     0.00000E+00    -0.29132E-04     0.18592E-03     0.36666E-05     0.00000E+00
     0.42285E+00     0.80593E-02    -0.12592E-03     0.85844E-03     0.00000E+00    -0.31416E-04     0.18863E-03     0.33943E-05     0.00000E+00
     0.42829E+00     0.79621E-02    -0.12324E-03     0.83373E-03     0.00000E+00    -0.33807E-04     0.19115E-03     0.31560E-05     0.00000E+00
     0.43376E+00     0.78661E-02    -0.12062E-03     0.80980E-03     0.00000E+00    -0.36299E-04     0.19349E-03     0.29549E-05     0.00000E+00
     0.43925E+00     0.77713E-02    -0.11809E-03     0.78660E-03     0.00000E+00    -0.38895E-04     0.19568E-03     0.27971E-05     0.00000E+00
     0.44476E+00     0.76775E-02    -0.11563E-03     0.76409E-03     0.00000E+00    -0.41572E-04     0.19773E-03     0.26874E-05     0.00000E+00
     0.45030E+00     0.75847E-02    -0.11326E-03     0.74222E-03     0.00000E+00    -0.44311E-04     0.19962E-03     0.26292E-05     0.00000E+00
     0.45585E+00     0.74930E-02    -0.11096E-03     0.72097E-03     0.00000E+00    -0.47068E-04     0.20136E-03     0.26150E-05     0.00000E+00
     0.46142E+00     0.74023E-02    -0.10873E-03     0.70029E-03     0.00000E+00    -0.49844E-04     0.20300E-03     0.26356E-05     0.00000E+00
     0.46701E+00     0.73127E-02    -0.10657E-03     0.68017E-03     0.00000E+00    -0.52635E-04     0.20454E-03     0.26722E-05     0.00000E+00
     0.47262E+00     0.72241E-02    -0.10447E-03     0.66057E-03     0.00000E+00    -0.55405E-04     0.20603E-03     0.27013E-05     0.00000E+00
     0.47825E+00     0.71367E-02    -0.10241E-03     0.64148E-03     0.00000E+00    -0.58144E-04     0.20752E-03     0.27093E-05     0.00000E+00
     0.48390E+00     0.70504E-02    -0.10039E-03     0.62287E-03     0.00000E+00    -0.60848E-04     0.20906E-03     0.26830E-05     0.00000E+00
     0.48956E+00     0.69653E-02    -0.98410E-04     0.60473E-03     0.00000E+00    -0.63507E-04     0.21077E-03     0.26198E-05     0.00000E+00
     0.49525E+00     0.68813E-02    -0.96470E-04     0.58704E-03     0.00000E+00    -0.66134E-04     0.21269E-03     0.25258E-05     0.00000E+00
     0.50096E+00     0.67985E-02    -0.94572E-04     0.56978E-03     0.00000E+00    -0.68722E-04     0.21482E-03     0.24079E-05     0.00000E+00
     0.50668E+00     0.67166E-02    -0.92720E-04     0.55296E-03     0.00000E+00    -0.71286E-04     0.21708E-03     0.22805E-05     0.00000E+00
     0.51242E+00     0.66358E-02    -0.90918E-04     0.53656E-03     0.00000E+00    -0.73840E-04     0.21936E-03     0.21538E-05     0.00000E+00
     0.51818E+00     0.65559E-02    -0.89167E-04     0.52060E-03     0.00000E+00    -0.76404E-04     0.22159E-03     0.20380E-05     0.00000E+00
     0.52395E+00     0.64770E-02    -0.87468E-04     0.50506E-03     0.00000E+00    -0.79006E-04     0.22368E-03     0.19391E-05     0.00000E+00
     0.52975E+00     0.63988E-02    -0.85818E-04     0.48995E-03     0.00000E+00    -0.81650E-04     0.22566E-03     0.18529E-05     0.00000E+00
     0.53556E+00     0.63215E-02    -0.84214E-04     0.47526E-03     0.00000E+00    -0.84362E-04     0.22758E-03     0.17836E-05     0.00000E+00
     0.54138E+00     0.62450E-02    -0.82653E-04     0.46099E-03     0.00000E+00    -0.87153E-04     0.22949E-03     0.17291E-05     0.00000E+00
     0.54723E+00     0.61693E-02    -0.81132E-04     0.44712E-03     0.00000E+00    -0.90035E-04     0.23143E-03     0.16842E-05     0.00000E+00
     0.55309E+00     0.60943E-02    -0.79646E-04     0.43362E-03     0.00000E+00    -0.93011E-04     0.23343E-03     0.16473E-05     0.00000E+00
     0.55896E+00     0.60200E-02    -0.78193E-04     0.42049E-03     0.00000E+00    -0.96055E-04     0.23550E-03     0.16117E-05     0.00000E+00
     0.56485E+00     0.59465E-02    -0.76774E-04     0.40770E-03     0.00000E+00    -0.99172E-04     0.23762E-03     0.15842E-05     0.00000E+00
     0.57076E+00     0.58737E-02    -0.75390E-04     0.39523E-03     0.00000E+00    -0.10237E-03     0.23974E-03     0.15664E-05     0.00000E+00
     0.57668E+00     0.58017E-02    -0.74040E-04     0.38306E-03     0.00000E+00    -0.10560E-03     0.24185E-03     0.15585E-05     0.00000E+00
     0.58262E+00     0.57304E-02    -0.72725E-04     0.37118E-03     0.00000E+00    -0.10884E-03     0.24396E-03     0.15572E-05     0.00000E+00
     0.58858E+00     0.56598E-02    -0.71442E-04     0.35957E-03     0.00000E+00    -0.11208E-03     0.24609E-03     0.15569E-05     0.00000E+00
     0.59454E+00     0.55900E-02    -0.70190E-04     0.34821E-03     0.00000E+00    -0.11531E-03     0.24828E-03     0.15565E-05     0.00000E+00
     0.60053E+00     0.55209E-02    -0.68966E-04     0.33709E-03     0.00000E+00    -0.11849E-03     0.25051E-03     0.15493E-05     0.00000E+00
     0.60652E+00     0.54526E-02    -0.67770E-04     0.32620E-03     0.00000E+00    -0.12162E-03     0.25277E-03     0.15331E-05     0.00000E+00
     0.61253E+00     0.53851E-02    -0.66601E-04     0.31552E-03     0.00000E+00    -0.12464E-03     0.25499E-03     0.15070E-05     0.00000E+00
     0.61856E+00     0.53183E-02    -0.65459E-04     0.30505E-03     0.00000E+00    -0.12754E-03     0.25711E-03     0.14669E-05     0.00000E+00
     0.62460E+00     0.52523E-02    -0.64345E-04     0.29479E-03     0.00000E+00    -0.13029E-03     0.25910E-03     0.14125E-05     0.00000E+00
     0.63065E+00     0.51870E-02    -0.63259E-04     0.28474E-03     0.00000E+00    -0.13289E-03     0.26090E-03     0.13454E-05     0.00000E+00
     0.63671E+00     0.51224E-02    -0.62202E-04     0.27489E-03     0.00000E+00    -0.13530E-03     0.26249E-03     0.12662E-05     0.00000E+00
     0.64279E+00     0.50584E-02    -0.61176E-04     0.26525E-03     0.00000E+00    -0.13753E-03     0.26379E-03     0.11857E-05     0.00000E+00
     0.64888E+00     0.49950E-02    -0.60179E-04     0.25582E-03     0.00000E+00    -0.13957E-03     0.26476E-03     0.11091E-05     0.00000E+00
     0.65498E+00     0.49322E-02    -0.59213E-04     0.24660E-03     0.00000E+00    -0.14142E-03     0.26537E-03     0.10409E-05     0.00000E+00
     0.66110E+00     0.48700E-02    -0.58275E-04     0.23758E-03     0.00000E+00    -0.14313E-03     0.26561E-03     0.98642E-06     0.00000E+00
     0.66722E+00     0.48082E-02    -0.57361E-04     0.22876E-03     0.00000E+00    -0.14468E-03     0.26553E-03     0.94315E-06     0.00000E+00
     0.67336E+00     0.47469E-02    -0.56469E-04     0.22013E-03     0.00000E+00    -0.14608E-03     0.26519E-03     0.90826E-06     0.00000E+00
     0.67951E+00     0.46861E-02    -0.55598E-04     0.21166E-03     0.00000E+00    -0.14738E-03     0.26464E-03     0.88629E-06     0.00000E+00
     0.68568E+00     0.46257E-02    -0.54746E-04     0.20336E-03     0.00000E+00    -0.14859E-03     0.26390E-03     0.88069E-06     0.00000E+00
     0.69185E+00     0.45658E-02    -0.53913E-04     0.19521E-03     0.00000E+00    -0.14973E-03     0.26295E-03     0.89259E-06     0.00000E+00
     0.69803E+00     0.45064E-02    -0.53100E-04     0.18719E-03     0.00000E+00    -0.15083E-03     0.26180E-03     0.92602E-06     0.00000E+00
     0.70423E+00     0.44475E-02    -0.52305E-04     0.17930E-03     0.00000E+00    -0.15189E-03     0.26048E-03     0.97614E-06     0.00000E+00
     0.71043E+00     0.43890E-02    -0.51529E-04     0.17154E-03     0.00000E+00    -0.15298E-03     0.25911E-03     0.10391E-05     0.00000E+00
     0.71665E+00     0.43312E-02    -0.50770E-04     0.16391E-03     0.00000E+00    -0.15408E-03     0.25783E-03     0.11101E-05     0.00000E+00
     0.72287E+00     0.42740E-02    -0.50029E-04     0.15640E-03     0.00000E+00    -0.15520E-03     0.25676E-03     0.11788E-05     0.00000E+00
     0.72911E+00     0.42175E-02    -0.49305E-04     0.14902E-03     0.00000E+00    -0.15633E-03     0.25598E-03     0.12443E-05     0.00000E+00
     0.73535E+00     0.41617E-02    -0.48600E-04     0.14176E-03     0.00000E+00    -0.15749E-03     0.25551E-03     0.13100E-05     0.00000E+00
     0.74161E+00     0.41066E-02    -0.47913E-04     0.13463E-03     0.00000E+00    -0.15866E-03     0.25528E-03     0.13789E-05     0.00000E+00
     0.74787E+00     0.40524E-02    -0.47244E-04     0.12762E-03     0.00000E+00    -0.15983E-03     0.25523E-03     0.14519E-05     0.00000E+00
     0.75414E+00     0.39991E-02    -0.46591E-04     0.12074E-03     0.00000E+00    -0.16099E-03     0.25530E-03     0.15246E-05     0.00000E+00
     0.76042E+00     0.39467E-02    -0.45954E-04     0.11397E-03     0.00000E+00    -0.16210E-03     0.25552E-03     0.15937E-05     0.00000E+00
     0.76671E+00     0.38953E-02    -0.45333E-04     0.10732E-03     0.00000E+00    -0.16315E-03     0.25592E-03     0.16585E-05     0.00000E+00
     0.77301E+00     0.38449E-02    -0.44731E-04     0.10079E-03     0.00000E+00    -0.16410E-03     0.25655E-03     0.17135E-05     0.00000E+00
     0.77931E+00     0.37956E-02    -0.44149E-04     0.94384E-04     0.00000E+00    -0.16492E-03     0.25742E-03     0.17638E-05     0.00000E+00
     0.78562E+00     0.37474E-02    -0.43592E-04     0.88117E-04     0.00000E+00    -0.16560E-03     0.25853E-03     0.18143E-05     0.00000E+00
     0.79194E+00     0.37004E-02    -0.43062E-04     0.81996E-04     0.00000E+00    -0.16609E-03     0.25984E-03     0.18675E-05     0.00000E+00
     0.79827E+00     0.36545E-02    -0.42561E-04     0.76034E-04     0.00000E+00    -0.16637E-03     0.26129E-03     0.19226E-05     0.00000E+00
     0.80460E+00     0.36099E-02    -0.42087E-04     0.70245E-04     0.00000E+00    -0.16639E-03     0.26285E-03     0.19729E-05     0.00000E+00
     0.81095E+00     0.35666E-02    -0.41638E-04     0.64642E-04     0.00000E+00    -0.16613E-03     0.26449E-03     0.20155E-05     0.00000E+00
     0.81729E+00     0.35246E-02    -0.41214E-04     0.59234E-04     0.00000E+00    -0.16557E-03     0.26616E-03     0.20447E-05     0.00000E+00
     0.82365E+00     0.34839E-02    -0.40814E-04     0.54033E-04     0.00000E+00    -0.16468E-03     0.26787E-03     0.20588E-05     0.00000E+00
     0.83001E+00     0.34446E-02    -0.40437E-04     0.49046E-04     0.00000E+00    -0.16343E-03     0.26960E-03     0.20623E-05     0.00000E+00
     0.83637E+00     0.34066E-02    -0.40083E-04     0.44279E-04     0.00000E+00    -0.16181E-03     0.27131E-03     0.20557E-05     0.00000E+00
     0.84275E+00     0.33699E-02    -0.39752E-04     0.39736E-04     0.00000E+00    -0.15981E-03     0.27300E-03     0.20431E-05     0.00000E+00
     0.84912E+00     0.33347E-02    -0.39446E-04     0.35422E-04     0.00000E+00    -0.15742E-03     0.27463E-03     0.20319E-05     0.00000E+00
     0.85551E+00     0.33007E-02    -0.39162E-04     0.31339E-04     0.00000E+00    -0.15464E-03     0.27615E-03     0.20254E-05     0.00000E+00
     0.86189E+00     0.32682E-02    -0.38902E-04     0.27489E-04     0.00000E+00    -0.15147E-03     0.27750E-03     0.20240E-05     0.00000E+00
     0.86828E+00     0.32369E-02    -0.38664E-04     0.23875E-04     0.00000E+00    -0.14789E-03     0.27864E-03     0.20257E-05     0.00000E+00
     0.87468E+00     0.32071E-02    -0.38446E-04     0.20501E-04     0.00000E+00    -0.14394E-03     0.27952E-03     0.20295E-05     0.00000E+00
     0.88108E+00     0.31786E-02    -0.38249E-04     0.17369E-04     0.00000E+00    -0.13960E-03     0.28017E-03     0.20333E-05     0.00000E+00
     0.88749E+00     0.31515E-02    -0.38072E-04     0.14484E-04     0.00000E+00    -0.13491E-03     0.28060E-03     0.20371E-05     0.00000E+00
     0.89390E+00     0.31257E-02    -0.37914E-04     0.11849E-04     0.00000E+00    -0.12990E-03     0.28084E-03     0.20421E-05     0.00000E+00
     0.90031E+00     0.31014E-02    -0.37776E-04     0.94707E-05     0.00000E+00    -0.12456E-03     0.28092E-03     0.20463E-05     0.00000E+00
     0.90673E+00     0.30784E-02    -0.37658E-04     0.73509E-05     0.00000E+00    -0.11893E-03     0.28088E-03     0.20568E-05     0.00000E+00
     0.91314E+00     0.30568E-02    -0.37560E-04     0.54930E-05     0.00000E+00    -0.11305E-03     0.28073E-03     0.20770E-05     0.00000E+00
     0.91957E+00     0.30367E-02    -0.37482E-04     0.38987E-05     0.00000E+00    -0.10695E-03     0.28045E-03     0.21042E-05     0.00000E+00
     0.92599E+00     0.30180E-02    -0.37421E-04     0.25690E-05     0.00000E+00    -0.10064E-03     0.28004E-03     0.21351E-05     0.00000E+00
     0.93242E+00     0.30007E-02    -0.37377E-04     0.15040E-05     0.00000E+00    -0.94156E-04     0.27951E-03     0.21706E-05     0.00000E+00
     0.93885E+00     0.29850E-02    -0.37349E-04     0.70301E-06     0.00000E+00    -0.87531E-04     0.27885E-03     0.22070E-05     0.00000E+00
     0.94528E+00     0.29707E-02    -0.37335E-04     0.16449E-06     0.00000E+00    -0.80813E-04     0.27806E-03     0.22421E-05     0.00000E+00
     0.95171E+00     0.29580E-02    -0.37336E-04    -0.11388E-06     0.00000E+00    -0.74047E-04     0.27712E-03     0.22785E-05     0.00000E+00
     0.95815E+00     0.29469E-02    -0.37350E-04    -0.13516E-06     0.00000E+00    -0.67231E-04     0.27605E-03     0.23095E-05     0.00000E+00
     0.96459E+00     0.29374E-02    -0.37376E-04     0.97012E-07     0.00000E+00    -0.60392E-04     0.27488E-03     0.23366E-05     0.00000E+00
     0.97102E+00     0.29294E-02    -0.37413E-04     0.57875E-06     0.00000E+00    -0.53592E-04     0.27364E-03     0.23625E-05     0.00000E+00
     0.97746E+00     0.29231E-02    -0.37460E-04     0.13061E-05     0.00000E+00    -0.46863E-04     0.27239E-03     0.23835E-05     0.00000E+00
     0.98390E+00     0.29185E-02    -0.37518E-04     0.22752E-05     0.00000E+00    -0.40182E-04     0.27114E-03     0.23963E-05     0.00000E+00
     0.99034E+00     0.29155E-02    -0.37584E-04     0.34823E-05     0.00000E+00    -0.33571E-04     0.26990E-03     0.24020E-05     0.00000E+00
     0.99678E+00     0.29142E-02    -0.37659E-04     0.49240E-05     0.00000E+00    -0.27066E-04     0.26865E-03     0.23995E-05     0.00000E+00
     0.10032E+01     0.29146E-02    -0.37744E-04     0.65969E-05     0.00000E+00    -0.20655E-04     0.26737E-03     0.23899E-05     0.00000E+00
     0.10097E+01     0.29166E-02    -0.37839E-04     0.84980E-05     0.00000E+00    -0.14348E-04     0.26602E-03     0.23733E-05     0.00000E+00
     0.10161E+01     0.29202E-02    -0.37946E-04     0.10625E-04     0.00000E+00    -0.81158E-05     0.26458E-03     0.23506E-05     0.00000E+00
     0.10225E+01     0.29255E-02    -0.38065E-04     0.12975E-04     0.00000E+00    -0.19707E-05     0.26305E-03     0.23258E-05     0.00000E+00
     0.10290E+01     0.29324E-02    -0.38200E-04     0.15546E-04     0.00000E+00     0.40895E-05     0.26141E-03     0.22986E-05     0.00000E+00
     0.10354E+01     0.29409E-02    -0.38352E-04     0.18338E-04     0.00000E+00     0.10068E-04     0.25968E-03     0.22752E-05     0.00000E+00
     0.10419E+01     0.29509E-02    -0.38524E-04     0.21348E-04     0.00000E+00     0.15984E-04     0.25783E-03     0.22543E-05     0.00000E+00
     0.10483E+01     0.29626E-02    -0.38716E-04     0.24576E-04     0.00000E+00     0.21849E-04     0.25587E-03     0.22384E-05     0.00000E+00
     0.10547E+01     0.29757E-02    -0.38929E-04     0.28018E-04     0.00000E+00     0.27662E-04     0.25380E-03     0.22272E-05     0.00000E+00
     0.10612E+01     0.29904E-02    -0.39163E-04     0.31674E-04     0.00000E+00     0.33427E-04     0.25163E-03     0.22163E-05     0.00000E+00
     0.10676E+01     0.30067E-02    -0.39417E-04     0.35540E-04     0.00000E+00     0.39129E-04     0.24935E-03     0.22051E-05     0.00000E+00
     0.10740E+01     0.30244E-02    -0.39691E-04     0.39616E-04     0.00000E+00     0.44769E-04     0.24698E-03     0.21882E-05     0.00000E+00
     0.10804E+01     0.30437E-02    -0.39984E-04     0.43899E-04     0.00000E+00     0.50347E-04     0.24453E-03     0.21647E-05     0.00000E+00
     0.10869E+01     0.30645E-02    -0.40295E-04     0.48390E-04     0.00000E+00     0.55838E-04     0.24200E-03     0.21371E-05     0.00000E+00
     0.10933E+01     0.30867E-02    -0.40627E-04     0.53090E-04     0.00000E+00     0.61216E-04     0.23937E-03     0.21057E-05     0.00000E+00
     0.10997E+01     0.31103E-02    -0.40980E-04     0.58001E-04     0.00000E+00     0.66492E-04     0.23665E-03     0.20739E-05     0.00000E+00
     0.11061E+01     0.31354E-02    -0.41356E-04     0.63122E-04     0.00000E+00     0.71661E-04     0.23385E-03     0.20426E-05     0.00000E+00
     0.11125E+01     0.31618E-02    -0.41755E-04     0.68452E-04     0.00000E+00     0.76695E-04     0.23100E-03     0.20152E-05     0.00000E+00
     0.11189E+01     0.31897E-02    -0.42179E-04     0.73989E-04     0.00000E+00     0.81571E-04     0.22813E-03     0.19951E-05     0.00000E+00
     0.11253E+01     0.32188E-02    -0.42626E-04     0.79725E-04     0.00000E+00     0.86280E-04     0.22525E-03     0.19753E-05     0.00000E+00
     0.11317E+01     0.32493E-02    -0.43095E-04     0.85652E-04     0.00000E+00     0.90831E-04     0.22237E-03     0.19513E-05     0.00000E+00
     0.11381E+01     0.32811E-02    -0.43584E-04     0.91760E-04     0.00000E+00     0.95226E-04     0.21948E-03     0.19218E-05     0.00000E+00
     0.11445E+01     0.33142E-02    -0.44092E-04     0.98039E-04     0.00000E+00     0.99452E-04     0.21658E-03     0.18844E-05     0.00000E+00
     0.11509E+01     0.33486E-02    -0.44617E-04     0.10448E-03     0.00000E+00     0.10352E-03     0.21369E-03     0.18400E-05     0.00000E+00
     0.11573E+01     0.33841E-02    -0.45160E-04     0.11109E-03     0.00000E+00     0.10743E-03     0.21083E-03     0.17880E-05     0.00000E+00
     0.11636E+01     0.34208E-02    -0.45717E-04     0.11784E-03     0.00000E+00     0.11120E-03     0.20800E-03     0.17271E-05     0.00000E+00
     0.11700E+01     0.34587E-02    -0.46288E-04     0.12474E-03     0.00000E+00     0.11480E-03     0.20518E-03     0.16613E-05     0.00000E+00
     0.11764E+01     0.34977E-02    -0.46874E-04     0.13178E-03     0.00000E+00     0.11825E-03     0.20236E-03     0.15882E-05     0.00000E+00
     0.11827E+01     0.35377E-02    -0.47473E-04     0.13895E-03     0.00000E+00     0.12157E-03     0.19955E-03     0.15098E-05     0.00000E+00
     0.11891E+01     0.35786E-02    -0.48087E-04     0.14623E-03     0.00000E+00     0.12473E-03     0.19675E-03     0.14272E-05     0.00000E+00
     0.11954E+01     0.36205E-02    -0.48716E-04     0.15362E-03     0.00000E+00     0.12775E-03     0.19400E-03     0.13400E-05     0.00000E+00
     0.12017E+01     0.36632E-02    -0.49358E-04     0.16110E-03     0.00000E+00     0.13062E-03     0.19132E-03     0.12501E-05     0.00000E+00
     0.12081E+01     0.37067E-02    -0.50014E-04     0.16867E-03     0.00000E+00     0.13333E-03     0.18866E-03     0.11496E-05     0.00000E+00
     0.12144E+01     0.37510E-02    -0.50684E-04     0.17631E-03     0.00000E+00     0.13590E-03     0.18594E-03     0.10449E-05     0.00000E+00
     0.12207E+01     0.37958E-02    -0.51369E-04     0.18402E-03     0.00000E+00     0.13835E-03     0.18312E-03     0.94143E-06     0.00000E+00
     0.12270E+01     0.38413E-02    -0.52073E-04     0.19179E-03     0.00000E+00     0.14068E-03     0.18021E-03     0.84713E-06     0.00000E+00
     0.12333E+01     0.38872E-02    -0.52797E-04     0.19963E-03     0.00000E+00     0.14290E-03     0.17728E-03     0.76843E-06     0.00000E+00
     0.12396E+01     0.39336E-02    -0.53541E-04     0.20752E-03     0.00000E+00     0.14505E-03     0.17441E-03     0.70225E-06     0.00000E+00
     0.12459E+01     0.39805E-02    -0.54306E-04     0.21547E-03     0.00000E+00     0.14714E-03     0.17164E-03     0.64661E-06     0.00000E+00
     0.12521E+01     0.40276E-02    -0.55094E-04     0.22346E-03     0.00000E+00     0.14914E-03     0.16897E-03     0.60426E-06     0.00000E+00
     0.12584E+01     0.40751E-02    -0.55905E-04     0.23150E-03     0.00000E+00     0.15107E-03     0.16641E-03     0.56832E-06     0.00000E+00
     0.12646E+01     0.41229E-02    -0.56737E-04     0.23957E-03     0.00000E+00     0.15296E-03     0.16390E-03     0.53409E-06     0.00000E+00
     0.12709E+01     0.41710E-02    -0.57591E-04     0.24769E-03     0.00000E+00     0.15477E-03     0.16139E-03     0.49782E-06     0.00000E+00
     0.12771E+01     0.42193E-02    -0.58466E-04     0.25584E-03     0.00000E+00     0.15650E-03     0.15879E-03     0.46040E-06     0.00000E+00
     0.12834E+01     0.42678E-02    -0.59366E-04     0.26402E-03     0.00000E+00     0.15814E-03     0.15606E-03     0.43557E-06     0.00000E+00
     0.12896E+01     0.43166E-02    -0.60295E-04     0.27222E-03     0.00000E+00     0.15968E-03     0.15321E-03     0.43262E-06     0.00000E+00
     0.12958E+01     0.43655E-02    -0.61253E-04     0.28044E-03     0.00000E+00     0.16109E-03     0.15027E-03     0.45720E-06     0.00000E+00
     0.13020E+01     0.44146E-02    -0.62242E-04     0.28869E-03     0.00000E+00     0.16239E-03     0.14729E-03     0.50748E-06     0.00000E+00
     0.13082E+01     0.44640E-02    -0.63262E-04     0.29697E-03     0.00000E+00     0.16355E-03     0.14434E-03     0.58114E-06     0.00000E+00
     0.13143E+01     0.45137E-02    -0.64309E-04     0.30530E-03     0.00000E+00     0.16453E-03     0.14149E-03     0.66196E-06     0.00000E+00
     0.13205E+01     0.45637E-02    -0.65379E-04     0.31370E-03     0.00000E+00     0.16534E-03     0.13873E-03     0.72726E-06     0.00000E+00
     0.13266E+01     0.46141E-02    -0.66470E-04     0.32217E-03     0.00000E+00     0.16592E-03     0.13598E-03     0.76886E-06     0.00000E+00
     0.13328E+01     0.46649E-02    -0.67583E-04     0.33074E-03     0.00000E+00     0.16627E-03     0.13321E-03     0.77909E-06     0.00000E+00
     0.13389E+01     0.47160E-02    -0.68721E-04     0.33942E-03     0.00000E+00     0.16638E-03     0.13038E-03     0.76335E-06     0.00000E+00
     0.13450E+01     0.47675E-02    -0.69891E-04     0.34821E-03     0.00000E+00     0.16625E-03     0.12751E-03     0.74022E-06     0.00000E+00
     0.13511E+01     0.48194E-02    -0.71100E-04     0.35712E-03     0.00000E+00     0.16588E-03     0.12467E-03     0.72169E-06     0.00000E+00
     0.13572E+01     0.48717E-02    -0.72354E-04     0.36615E-03     0.00000E+00     0.16529E-03     0.12196E-03     0.71586E-06     0.00000E+00
     0.13633E+01     0.49243E-02    -0.73656E-04     0.37528E-03     0.00000E+00     0.16451E-03     0.11952E-03     0.72397E-06     0.00000E+00
     0.13694E+01     0.49772E-02    -0.75004E-04     0.38450E-03     0.00000E+00     0.16353E-03     0.11748E-03     0.73853E-06     0.00000E+00
     0.13754E+01     0.50304E-02    -0.76395E-04     0.39382E-03     0.00000E+00     0.16235E-03     0.11594E-03     0.74496E-06     0.00000E+00
     0.13814E+01     0.50840E-02    -0.77824E-04     0.40323E-03     0.00000E+00     0.16099E-03     0.11486E-03     0.72623E-06     0.00000E+00
     0.13875E+01     0.51379E-02    -0.79286E-04     0.41275E-03     0.00000E+00     0.15948E-03     0.11414E-03     0.67583E-06     0.00000E+00
     0.13935E+01     0.51921E-02    -0.80778E-04     0.42237E-03     0.00000E+00     0.15782E-03     0.11362E-03     0.59450E-06     0.00000E+00
     0.13995E+01     0.52466E-02    -0.82300E-04     0.43211E-03     0.00000E+00     0.15606E-03     0.11319E-03     0.48753E-06     0.00000E+00
     0.14055E+01     0.53011E-02    -0.83850E-04     0.44196E-03     0.00000E+00     0.15421E-03     0.11276E-03     0.36106E-06     0.00000E+00
     0.14114E+01     0.53558E-02    -0.85425E-04     0.45193E-03     0.00000E+00     0.15232E-03     0.11229E-03     0.22019E-06     0.00000E+00
     0.14174E+01     0.54105E-02    -0.87028E-04     0.46199E-03     0.00000E+00     0.15045E-03     0.11163E-03     0.77689E-07     0.00000E+00
     0.14233E+01     0.54651E-02    -0.88662E-04     0.47215E-03     0.00000E+00     0.14859E-03     0.11071E-03    -0.42354E-07     0.00000E+00
     0.14292E+01     0.55195E-02    -0.90335E-04     0.48239E-03     0.00000E+00     0.14680E-03     0.10942E-03    -0.12449E-06     0.00000E+00
     0.14351E+01     0.55737E-02    -0.92052E-04     0.49270E-03     0.00000E+00     0.14514E-03     0.10773E-03    -0.16363E-06     0.00000E+00
     0.14410E+01     0.56276E-02    -0.93818E-04     0.50310E-03     0.00000E+00     0.14361E-03     0.10567E-03    -0.14835E-06     0.00000E+00
     0.14469E+01     0.56813E-02    -0.95634E-04     0.51355E-03     0.00000E+00     0.14219E-03     0.10338E-03    -0.88971E-07     0.00000E+00
     0.14528E+01     0.57349E-02    -0.97496E-04     0.52405E-03     0.00000E+00     0.14088E-03     0.10092E-03    -0.22976E-08     0.00000E+00
     0.14586E+01     0.57882E-02    -0.99401E-04     0.53457E-03     0.00000E+00     0.13964E-03     0.98337E-04     0.90758E-07     0.00000E+00
     0.14644E+01     0.58415E-02    -0.10134E-03     0.54508E-03     0.00000E+00     0.13842E-03     0.95600E-04     0.16921E-06     0.00000E+00
     0.14703E+01     0.58946E-02    -0.10332E-03     0.55557E-03     0.00000E+00     0.13715E-03     0.92687E-04     0.22816E-06     0.00000E+00
     0.14760E+01     0.59478E-02    -0.10533E-03     0.56604E-03     0.00000E+00     0.13579E-03     0.89645E-04     0.27079E-06     0.00000E+00
     0.14818E+01     0.60009E-02    -0.10738E-03     0.57649E-03     0.00000E+00     0.13428E-03     0.86589E-04     0.30061E-06     0.00000E+00
     0.14876E+01     0.60541E-02    -0.10947E-03     0.58694E-03     0.00000E+00     0.13266E-03     0.83591E-04     0.31554E-06     0.00000E+00
     0.14933E+01     0.61072E-02    -0.11161E-03     0.59740E-03     0.00000E+00     0.13096E-03     0.80639E-04     0.32476E-06     0.00000E+00
     0.14990E+01     0.61604E-02    -0.11380E-03     0.60788E-03     0.00000E+00     0.12917E-03     0.77702E-04     0.33924E-06     0.00000E+00
     0.15047E+01     0.62135E-02    -0.11604E-03     0.61834E-03     0.00000E+00     0.12733E-03     0.74763E-04     0.35658E-06     0.00000E+00
     0.15104E+01     0.62667E-02    -0.11832E-03     0.62878E-03     0.00000E+00     0.12549E-03     0.71846E-04     0.37269E-06     0.00000E+00
     0.15161E+01     0.63199E-02    -0.12065E-03     0.63916E-03     0.00000E+00     0.12369E-03     0.68999E-04     0.38159E-06     0.00000E+00
     0.15218E+01     0.63731E-02    -0.12301E-03     0.64949E-03     0.00000E+00     0.12196E-03     0.66374E-04     0.39102E-06     0.00000E+00
     0.15274E+01     0.64264E-02    -0.12541E-03     0.65978E-03     0.00000E+00     0.12031E-03     0.64203E-04     0.40774E-06     0.00000E+00
     0.15330E+01     0.64796E-02    -0.12785E-03     0.67006E-03     0.00000E+00     0.11878E-03     0.62659E-04     0.42037E-06     0.00000E+00
     0.15386E+01     0.65329E-02    -0.13033E-03     0.68038E-03     0.00000E+00     0.11741E-03     0.61818E-04     0.41588E-06     0.00000E+00
     0.15442E+01     0.65863E-02    -0.13286E-03     0.69079E-03     0.00000E+00     0.11624E-03     0.61595E-04     0.37167E-06     0.00000E+00
     0.15497E+01     0.66396E-02    -0.13544E-03     0.70134E-03     0.00000E+00     0.11526E-03     0.61756E-04     0.28032E-06     0.00000E+00
     0.15552E+01     0.66929E-02    -0.13807E-03     0.71209E-03     0.00000E+00     0.11444E-03     0.62009E-04     0.15824E-06     0.00000E+00
     0.15607E+01     0.67460E-02    -0.14076E-03     0.72312E-03     0.00000E+00     0.11385E-03     0.62008E-04     0.29543E-07     0.00000E+00
     0.15662E+01     0.67990E-02    -0.14354E-03     0.73450E-03     0.00000E+00     0.11352E-03     0.61462E-04    -0.71292E-07     0.00000E+00
     0.15717E+01     0.68518E-02    -0.14641E-03     0.74627E-03     0.00000E+00     0.11336E-03     0.60312E-04    -0.10329E-06     0.00000E+00
     0.15772E+01     0.69043E-02    -0.14940E-03     0.75849E-03     0.00000E+00     0.11339E-03     0.58701E-04    -0.60414E-07     0.00000E+00
     0.15826E+01     0.69565E-02    -0.15248E-03     0.77118E-03     0.00000E+00     0.11355E-03     0.56814E-04     0.51715E-07     0.00000E+00
     0.15880E+01     0.70086E-02    -0.15567E-03     0.78432E-03     0.00000E+00     0.11378E-03     0.54795E-04     0.23178E-06     0.00000E+00
     0.15934E+01     0.70606E-02    -0.15896E-03     0.79792E-03     0.00000E+00     0.11402E-03     0.52763E-04     0.46744E-06     0.00000E+00
     0.15987E+01     0.71125E-02    -0.16235E-03     0.81193E-03     0.00000E+00     0.11413E-03     0.50848E-04     0.75866E-06     0.00000E+00
     0.16041E+01     0.71646E-02    -0.16583E-03     0.82631E-03     0.00000E+00     0.11410E-03     0.49094E-04     0.10872E-05     0.00000E+00
     0.16094E+01     0.72170E-02    -0.16941E-03     0.84101E-03     0.00000E+00     0.11390E-03     0.47536E-04     0.14360E-05     0.00000E+00
     0.16147E+01     0.72699E-02    -0.17307E-03     0.85595E-03     0.00000E+00     0.11344E-03     0.46296E-04     0.17843E-05     0.00000E+00
     0.16199E+01     0.73233E-02    -0.17683E-03     0.87103E-03     0.00000E+00     0.11269E-03     0.45493E-04     0.21036E-05     0.00000E+00
     0.16252E+01     0.73775E-02    -0.18068E-03     0.88618E-03     0.00000E+00     0.11159E-03     0.45234E-04     0.23868E-05     0.00000E+00
     0.16304E+01     0.74325E-02    -0.18462E-03     0.90133E-03     0.00000E+00     0.11008E-03     0.45591E-04     0.26262E-05     0.00000E+00
     0.16356E+01     0.74884E-02    -0.18867E-03     0.91645E-03     0.00000E+00     0.10815E-03     0.46579E-04     0.28163E-05     0.00000E+00
     0.16408E+01     0.75453E-02    -0.19283E-03     0.93150E-03     0.00000E+00     0.10575E-03     0.48281E-04     0.29742E-05     0.00000E+00
     0.16460E+01     0.76033E-02    -0.19711E-03     0.94651E-03     0.00000E+00     0.10282E-03     0.50829E-04     0.31102E-05     0.00000E+00
     0.16511E+01     0.76624E-02    -0.20149E-03     0.96150E-03     0.00000E+00     0.99402E-04     0.54150E-04     0.32189E-05     0.00000E+00
     0.16562E+01     0.77226E-02    -0.20600E-03     0.97650E-03     0.00000E+00     0.95571E-04     0.58050E-04     0.33226E-05     0.00000E+00
     0.16613E+01     0.77840E-02    -0.21065E-03     0.99157E-03     0.00000E+00     0.91349E-04     0.62463E-04     0.34393E-05     0.00000E+00
     0.16663E+01     0.78465E-02    -0.21544E-03     0.10067E-02     0.00000E+00     0.86833E-04     0.67492E-04     0.35544E-05     0.00000E+00
     0.16713E+01     0.79102E-02    -0.22037E-03     0.10219E-02     0.00000E+00     0.82121E-04     0.73356E-04     0.36191E-05     0.00000E+00
     0.16764E+01     0.79751E-02    -0.22540E-03     0.10372E-02     0.00000E+00     0.77294E-04     0.80076E-04     0.35669E-05     0.00000E+00
     0.16813E+01     0.80412E-02    -0.23053E-03     0.10526E-02     0.00000E+00     0.72459E-04     0.87420E-04     0.33916E-05     0.00000E+00
     0.16863E+01     0.81083E-02    -0.23579E-03     0.10683E-02     0.00000E+00     0.67604E-04     0.95086E-04     0.31459E-05     0.00000E+00
     0.16912E+01     0.81763E-02    -0.24121E-03     0.10842E-02     0.00000E+00     0.62711E-04     0.10285E-03     0.29076E-05     0.00000E+00
     0.16961E+01     0.82451E-02    -0.24681E-03     0.11006E-02     0.00000E+00     0.57807E-04     0.11064E-03     0.27133E-05     0.00000E+00
     0.17010E+01     0.83146E-02    -0.25261E-03     0.11175E-02     0.00000E+00     0.52915E-04     0.11837E-03     0.25554E-05     0.00000E+00
     0.17058E+01     0.83847E-02    -0.25861E-03     0.11350E-02     0.00000E+00     0.48011E-04     0.12592E-03     0.24241E-05     0.00000E+00
     0.17106E+01     0.84554E-02    -0.26482E-03     0.11533E-02     0.00000E+00     0.43118E-04     0.13323E-03     0.23077E-05     0.00000E+00
     0.17154E+01     0.85266E-02    -0.27125E-03     0.11723E-02     0.00000E+00     0.38284E-04     0.14018E-03     0.22200E-05     0.00000E+00
     0.17202E+01     0.85981E-02    -0.27793E-03     0.11922E-02     0.00000E+00     0.33545E-04     0.14675E-03     0.21772E-05     0.00000E+00
     0.17249E+01     0.86701E-02    -0.28486E-03     0.12130E-02     0.00000E+00     0.28956E-04     0.15311E-03     0.21658E-05     0.00000E+00
     0.17296E+01     0.87424E-02    -0.29205E-03     0.12346E-02     0.00000E+00     0.24556E-04     0.15941E-03     0.21622E-05     0.00000E+00
     0.17343E+01     0.88151E-02    -0.29950E-03     0.12571E-02     0.00000E+00     0.20293E-04     0.16567E-03     0.21705E-05     0.00000E+00
     0.17390E+01     0.88882E-02    -0.30722E-03     0.12803E-02     0.00000E+00     0.16141E-04     0.17178E-03     0.22243E-05     0.00000E+00
     0.17436E+01     0.89615E-02    -0.31521E-03     0.13045E-02     0.00000E+00     0.12141E-04     0.17763E-03     0.23514E-05     0.00000E+00
     0.17482E+01     0.90353E-02    -0.32350E-03     0.13294E-02     0.00000E+00     0.82656E-05     0.18317E-03     0.25785E-05     0.00000E+00
     0.17528E+01     0.91094E-02    -0.33210E-03     0.13551E-02     0.00000E+00     0.45023E-05     0.18832E-03     0.29256E-05     0.00000E+00
     0.17573E+01     0.91841E-02    -0.34100E-03     0.13818E-02     0.00000E+00     0.78885E-06     0.19308E-03     0.33943E-05     0.00000E+00
     0.17618E+01     0.92594E-02    -0.35022E-03     0.14093E-02     0.00000E+00    -0.29536E-05     0.19750E-03     0.39339E-05     0.00000E+00
     0.17663E+01     0.93355E-02    -0.35974E-03     0.14379E-02     0.00000E+00    -0.67380E-05     0.20157E-03     0.44484E-05     0.00000E+00
     0.17707E+01     0.94126E-02    -0.36957E-03     0.14675E-02     0.00000E+00    -0.10679E-04     0.20531E-03     0.48875E-05     0.00000E+00
     0.17752E+01     0.94907E-02    -0.37971E-03     0.14983E-02     0.00000E+00    -0.14887E-04     0.20872E-03     0.52333E-05     0.00000E+00
     0.17795E+01     0.95700E-02    -0.39017E-03     0.15303E-02     0.00000E+00    -0.19333E-04     0.21170E-03     0.54997E-05     0.00000E+00
     0.17839E+01     0.96505E-02    -0.40100E-03     0.15639E-02     0.00000E+00    -0.24013E-04     0.21415E-03     0.57710E-05     0.00000E+00
     0.17882E+01     0.97321E-02    -0.41224E-03     0.15990E-02     0.00000E+00    -0.28868E-04     0.21618E-03     0.61134E-05     0.00000E+00
     0.17925E+01     0.98151E-02    -0.42391E-03     0.16359E-02     0.00000E+00    -0.33866E-04     0.21797E-03     0.65561E-05     0.00000E+00
     0.17968E+01     0.98994E-02    -0.43605E-03     0.16748E-02     0.00000E+00    -0.38990E-04     0.21964E-03     0.70719E-05     0.00000E+00
     0.18010E+01     0.99853E-02    -0.44868E-03     0.17159E-02     0.00000E+00    -0.44181E-04     0.22104E-03     0.75802E-05     0.00000E+00
     0.18052E+01     0.10073E-01    -0.46181E-03     0.17595E-02     0.00000E+00    -0.49367E-04     0.22181E-03     0.80207E-05     0.00000E+00
     0.18094E+01     0.10162E-01    -0.47549E-03     0.18059E-02     0.00000E+00    -0.54499E-04     0.22153E-03     0.84073E-05     0.00000E+00
     0.18135E+01     0.10253E-01    -0.48977E-03     0.18555E-02     0.00000E+00    -0.59612E-04     0.21985E-03     0.88356E-05     0.00000E+00
     0.18176E+01     0.10345E-01    -0.50470E-03     0.19084E-02     0.00000E+00    -0.64652E-04     0.21645E-03     0.93940E-05     0.00000E+00
     0.18217E+01     0.10440E-01    -0.52032E-03     0.19650E-02     0.00000E+00    -0.69594E-04     0.21104E-03     0.10149E-04     0.00000E+00
     0.18257E+01     0.10536E-01    -0.53666E-03     0.20258E-02     0.00000E+00    -0.74538E-04     0.20347E-03     0.11150E-04     0.00000E+00
     0.18297E+01     0.10635E-01    -0.55376E-03     0.20911E-02     0.00000E+00    -0.79518E-04     0.19370E-03     0.12369E-04     0.00000E+00
     0.18337E+01     0.10736E-01    -0.57161E-03     0.21611E-02     0.00000E+00    -0.84614E-04     0.18167E-03     0.13737E-04     0.00000E+00
     0.18376E+01     0.10839E-01    -0.59024E-03     0.22363E-02     0.00000E+00    -0.89928E-04     0.16710E-03     0.15204E-04     0.00000E+00
     0.18415E+01     0.10946E-01    -0.60968E-03     0.23168E-02     0.00000E+00    -0.95429E-04     0.14963E-03     0.16768E-04     0.00000E+00
     0.18454E+01     0.11056E-01    -0.62994E-03     0.24030E-02     0.00000E+00    -0.10116E-03     0.12917E-03     0.18442E-04     0.00000E+00
     0.18493E+01     0.11170E-01    -0.65100E-03     0.24950E-02     0.00000E+00    -0.10724E-03     0.10601E-03     0.20202E-04     0.00000E+00
     0.18531E+01     0.11287E-01    -0.67285E-03     0.25932E-02     0.00000E+00    -0.11367E-03     0.80446E-04     0.21954E-04     0.00000E+00
     0.18568E+01     0.11409E-01    -0.69545E-03     0.26977E-02     0.00000E+00    -0.12047E-03     0.52434E-04     0.23585E-04     0.00000E+00
     0.18606E+01     0.11535E-01    -0.71879E-03     0.28091E-02     0.00000E+00    -0.12762E-03     0.21501E-04     0.24995E-04     0.00000E+00
     0.18642E+01     0.11665E-01    -0.74287E-03     0.29277E-02     0.00000E+00    -0.13499E-03    -0.12944E-04     0.26107E-04     0.00000E+00
     0.18679E+01     0.11800E-01    -0.76773E-03     0.30540E-02     0.00000E+00    -0.14253E-03    -0.51438E-04     0.26907E-04     0.00000E+00
     0.18715E+01     0.11940E-01    -0.79341E-03     0.31884E-02     0.00000E+00    -0.15015E-03    -0.94390E-04     0.27413E-04     0.00000E+00
     0.18751E+01     0.12084E-01    -0.81994E-03     0.33314E-02     0.00000E+00    -0.15762E-03    -0.14215E-03     0.27614E-04     0.00000E+00
     0.18787E+01     0.12233E-01    -0.84734E-03     0.34834E-02     0.00000E+00    -0.16483E-03    -0.19518E-03     0.27459E-04     0.00000E+00
     0.18822E+01     0.12386E-01    -0.87559E-03     0.36450E-02     0.00000E+00    -0.17175E-03    -0.25414E-03     0.26896E-04     0.00000E+00
     0.18857E+01     0.12543E-01    -0.90473E-03     0.38168E-02     0.00000E+00    -0.17824E-03    -0.31973E-03     0.25915E-04     0.00000E+00
     0.18891E+01     0.12703E-01    -0.93479E-03     0.39992E-02     0.00000E+00    -0.18415E-03    -0.39270E-03     0.24537E-04     0.00000E+00
     0.18925E+01     0.12866E-01    -0.96581E-03     0.41930E-02     0.00000E+00    -0.18944E-03    -0.47374E-03     0.22766E-04     0.00000E+00
     0.18959E+01     0.13032E-01    -0.99782E-03     0.43986E-02     0.00000E+00    -0.19404E-03    -0.56339E-03     0.20536E-04     0.00000E+00
     0.18992E+01     0.13200E-01    -0.10308E-02     0.46165E-02     0.00000E+00    -0.19791E-03    -0.66185E-03     0.17636E-04     0.00000E+00
     0.19025E+01     0.13369E-01    -0.10646E-02     0.48473E-02     0.00000E+00    -0.20105E-03    -0.76923E-03     0.13788E-04     0.00000E+00
     0.19058E+01     0.13539E-01    -0.10993E-02     0.50914E-02     0.00000E+00    -0.20334E-03    -0.88557E-03     0.87622E-05     0.00000E+00
     0.19090E+01     0.13709E-01    -0.11347E-02     0.53490E-02     0.00000E+00    -0.20464E-03    -0.10111E-02     0.24398E-05     0.00000E+00
     0.19122E+01     0.13876E-01    -0.11710E-02     0.56204E-02     0.00000E+00    -0.20491E-03    -0.11457E-02    -0.52244E-05     0.00000E+00
     0.19153E+01     0.14041E-01    -0.12081E-02     0.59055E-02     0.00000E+00    -0.20405E-03    -0.12889E-02    -0.14364E-04     0.00000E+00
     0.19184E+01     0.14202E-01    -0.12459E-02     0.62040E-02     0.00000E+00    -0.20184E-03    -0.14395E-02    -0.25321E-04     0.00000E+00
     0.19215E+01     0.14356E-01    -0.12844E-02     0.65150E-02     0.00000E+00    -0.19817E-03    -0.15958E-02    -0.38543E-04     0.00000E+00
     0.19245E+01     0.14503E-01    -0.13233E-02     0.68375E-02     0.00000E+00    -0.19293E-03    -0.17560E-02    -0.54411E-04     0.00000E+00
     0.19275E+01     0.14639E-01    -0.13627E-02     0.71699E-02     0.00000E+00    -0.18601E-03    -0.19185E-02    -0.73230E-04     0.00000E+00
     0.19304E+01     0.14764E-01    -0.14024E-02     0.75101E-02     0.00000E+00    -0.17735E-03    -0.20809E-02    -0.95297E-04     0.00000E+00
     0.19333E+01     0.14873E-01    -0.14423E-02     0.78558E-02     0.00000E+00    -0.16690E-03    -0.22407E-02    -0.12096E-03     0.00000E+00
     0.19362E+01     0.14963E-01    -0.14821E-02     0.82036E-02     0.00000E+00    -0.15468E-03    -0.23942E-02    -0.15063E-03     0.00000E+00
     0.19390E+01     0.15033E-01    -0.15217E-02     0.85500E-02     0.00000E+00    -0.14080E-03    -0.25374E-02    -0.18472E-03     0.00000E+00
     0.19418E+01     0.15077E-01    -0.15608E-02     0.88901E-02     0.00000E+00    -0.12535E-03    -0.26654E-02    -0.22370E-03     0.00000E+00
     0.19446E+01     0.15092E-01    -0.15991E-02     0.92185E-02     0.00000E+00    -0.10843E-03    -0.27726E-02    -0.26808E-03     0.00000E+00
     0.19473E+01     0.15074E-01    -0.16362E-02     0.95286E-02     0.00000E+00    -0.90234E-04    -0.28530E-02    -0.31836E-03     0.00000E+00
     0.19499E+01     0.15019E-01    -0.16719E-02     0.98127E-02     0.00000E+00    -0.70925E-04    -0.28995E-02    -0.37498E-03     0.00000E+00
     0.19525E+01     0.14921E-01    -0.17057E-02     0.10062E-01     0.00000E+00    -0.50653E-04    -0.29048E-02    -0.43835E-03     0.00000E+00
     0.19551E+01     0.14776E-01    -0.17373E-02     0.10266E-01     0.00000E+00    -0.29660E-04    -0.28608E-02    -0.50866E-03     0.00000E+00
     0.19576E+01     0.14578E-01    -0.17663E-02     0.10414E-01     0.00000E+00    -0.81875E-05    -0.27600E-02    -0.58584E-03     0.00000E+00
     0.19601E+01     0.14322E-01    -0.17923E-02     0.10495E-01     0.00000E+00     0.13508E-04    -0.25952E-02    -0.66937E-03     0.00000E+00
     0.19626E+01     0.14003E-01    -0.18154E-02     0.10494E-01     0.00000E+00     0.35112E-04    -0.23609E-02    -0.75814E-03     0.00000E+00
     0.19650E+01     0.13615E-01    -0.18357E-02     0.10401E-01     0.00000E+00     0.56313E-04    -0.20538E-02    -0.85028E-03     0.00000E+00
     0.19674E+01     0.13154E-01    -0.18536E-02     0.10202E-01     0.00000E+00     0.76803E-04    -0.16741E-02    -0.94283E-03     0.00000E+00
     0.19697E+01     0.12616E-01    -0.18704E-02     0.98876E-02     0.00000E+00     0.96221E-04    -0.12265E-02    -0.10314E-02     0.00000E+00
     0.19720E+01     0.11998E-01    -0.18879E-02     0.94510E-02     0.00000E+00     0.11422E-03    -0.72230E-03    -0.11098E-02     0.00000E+00
     0.19742E+01     0.11298E-01    -0.19090E-02     0.88887E-02     0.00000E+00     0.13050E-03    -0.17980E-03    -0.11697E-02     0.00000E+00
     0.19764E+01     0.10518E-01    -0.19377E-02     0.82036E-02     0.00000E+00     0.14478E-03     0.37464E-03    -0.12009E-02     0.00000E+00
     0.19785E+01     0.96598E-02    -0.19797E-02     0.74054E-02     0.00000E+00     0.15679E-03     0.90711E-03    -0.11905E-02     0.00000E+00
     0.19806E+01     0.87312E-02    -0.20419E-02     0.65121E-02     0.00000E+00     0.16638E-03     0.13778E-02    -0.11243E-02     0.00000E+00
     0.19827E+01     0.77421E-02    -0.21331E-02     0.55502E-02     0.00000E+00     0.17341E-03     0.17444E-02    -0.98639E-03     0.00000E+00
     0.19847E+01     0.67073E-02    -0.22638E-02     0.45550E-02     0.00000E+00     0.17783E-03     0.19672E-02    -0.76058E-03     0.00000E+00
     0.19867E+01     0.56463E-02    -0.24468E-02     0.35681E-02     0.00000E+00     0.17958E-03     0.20168E-02    -0.43141E-03     0.00000E+00
     0.19886E+01     0.45831E-02    -0.26971E-02     0.26356E-02     0.00000E+00     0.17870E-03     0.18831E-02     0.14751E-04     0.00000E+00
     0.19905E+01     0.35463E-02    -0.30341E-02     0.18030E-02     0.00000E+00     0.17476E-03     0.15840E-02     0.58945E-03     0.00000E+00
     0.19923E+01     0.25684E-02    -0.34809E-02     0.11105E-02     0.00000E+00     0.16751E-03     0.11689E-02     0.13053E-02     0.00000E+00
     0.19941E+01     0.16859E-02    -0.40839E-02     0.58597E-03     0.00000E+00     0.15463E-03     0.72380E-03     0.21879E-02     0.00000E+00
     0.19958E+01     0.93874E-03    -0.48867E-02     0.23974E-03     0.00000E+00     0.13542E-03     0.33047E-03     0.32873E-02     0.00000E+00
     0.19975E+01     0.37275E-03    -0.60999E-02     0.58742E-04     0.00000E+00     0.98841E-04     0.10709E-03     0.48695E-02     0.00000E+00
     0.19992E+01     0.46533E-04    -0.77709E-02     0.25451E-05     0.00000E+00     0.52062E-04    -0.51207E-04     0.66896E-02     0.00000E+00
