500.000000 3.910957e+00 3.908004e+00 2.384593e+00
510.000000 3.844163e+00 3.841205e+00 2.316655e+00
520.000000 3.780860e+00 3.777899e+00 2.252349e+00
530.000000 3.720774e+00 3.717814e+00 2.191398e+00
540.000000 3.663664e+00 3.660709e+00 2.133554e+00
550.000000 3.609316e+00 3.606367e+00 2.078592e+00
560.000000 3.557535e+00 3.554594e+00 2.026311e+00
570.000000 3.508145e+00 3.505215e+00 1.976529e+00
580.000000 3.460998e+00 3.458079e+00 1.929090e+00
590.000000 3.415958e+00 3.413054e+00 1.883854e+00
600.000000 3.372899e+00 3.370008e+00 1.840682e+00
610.000000 3.331695e+00 3.328820e+00 1.799451e+00
620.000000 3.292239e+00 3.289382e+00 1.760043e+00
630.000000 3.254432e+00 3.251591e+00 1.722354e+00
640.000000 3.218182e+00 3.215358e+00 1.686288e+00
650.000000 3.183406e+00 3.180601e+00 1.651759e+00
660.000000 3.150030e+00 3.147243e+00 1.618685e+00
670.000000 3.117987e+00 3.115219e+00 1.586998e+00
680.000000 3.087201e+00 3.084451e+00 1.556615e+00
690.000000 3.057608e+00 3.054877e+00 1.527473e+00
700.000000 3.029148e+00 3.026435e+00 1.499504e+00
710.000000 3.001764e+00 2.999055e+00 1.472639e+00
720.000000 2.975403e+00 2.972714e+00 1.446853e+00
730.000000 2.950018e+00 2.947360e+00 1.422077e+00
740.000000 2.925563e+00 2.922922e+00 1.398255e+00
750.000000 2.901993e+00 2.899369e+00 1.375347e+00
760.000000 2.879263e+00 2.876657e+00 1.353307e+00
770.000000 2.857332e+00 2.854742e+00 1.332091e+00
780.000000 2.836163e+00 2.833589e+00 1.311661e+00
790.000000 2.815724e+00 2.813166e+00 1.291984e+00
800.000000 2.795981e+00 2.793439e+00 1.273022e+00
810.000000 2.776901e+00 2.774374e+00 1.254743e+00
820.000000 2.758452e+00 2.755939e+00 1.237113e+00
830.000000 2.740608e+00 2.738109e+00 1.220105e+00
840.000000 2.723341e+00 2.720855e+00 1.203690e+00
850.000000 2.706625e+00 2.704153e+00 1.187842e+00
860.000000 2.690435e+00 2.687977e+00 1.172533e+00
870.000000 2.674746e+00 2.672300e+00 1.157738e+00
880.000000 2.659537e+00 2.657104e+00 1.143437e+00
890.000000 2.644789e+00 2.642368e+00 1.129608e+00
900.000000 2.630481e+00 2.628070e+00 1.116229e+00
910.000000 2.616592e+00 2.614193e+00 1.103281e+00
920.000000 2.603101e+00 2.600713e+00 1.090742e+00
930.000000 2.589997e+00 2.587619e+00 1.078599e+00
940.000000 2.577267e+00 2.574900e+00 1.066839e+00
950.000000 2.564897e+00 2.562539e+00 1.055447e+00
960.000000 2.552866e+00 2.550517e+00 1.044403e+00
970.000000 2.541156e+00 2.538816e+00 1.033689e+00
980.000000 2.529757e+00 2.527426e+00 1.023295e+00
990.000000 2.518660e+00 2.516338e+00 1.013210e+00
1000.000000 2.507852e+00 2.505538e+00 1.003421e+00
1010.000000 2.497317e+00 2.495012e+00 9.939137e-01
