        0.0020039000          3.0451201176
        0.0061156000          2.9261499455
        0.0104340000          2.9307350407
        0.0149560000          2.9791473615
        0.0196800000          3.0453968198
        0.0246040000          3.0902727120
        0.0297250000          3.1104261395
        0.0350410000          3.1111888253
        0.0405510000          3.0983296784
        0.0462520000          3.0778332888
        0.0521410000          3.0576272062
        0.0582160000          3.0424839571
        0.0644760000          3.0321217940
        0.0709170000          3.0262852850
        0.0775390000          3.0239048051
        0.0843380000          3.0241802918
        0.0913120000          3.0263416042
        0.0984590000          3.0297129522
        0.1057800000          3.0332490415
        0.1132600000          3.0362616459
        0.1209200000          3.0376095286
        0.1287300000          3.0387323852
        0.1367100000          3.0398214379
        0.1448500000          3.0406477567
        0.1531500000          3.0404357371
        0.1616000000          3.0391198434
        0.1702100000          3.0361545107
        0.1789600000          3.0319440032
        0.1878700000          3.0264712120
        0.1969200000          3.0197314317
        0.2061100000          3.0116919183
        0.2154500000          3.0026525325
        0.2249300000          2.9935490128
        0.2345400000          2.9845291529
        0.2442900000          2.9757447970
        0.2541800000          2.9678313283
        0.2641900000          2.9594839225
        0.2743400000          2.9511388322
        0.2846000000          2.9427776984
        0.2950000000          2.9339297256
        0.3055100000          2.9246036742
        0.3161500000          2.9155378837
        0.3269000000          2.9067730352
        0.3377700000          2.8992292408
        0.3487500000          2.8920871567
        0.3598500000          2.8850294511
        0.3710500000          2.8786479118
        0.3823600000          2.8714694281
        0.3937700000          2.8647981125
        0.4052800000          2.8578963473
        0.4169000000          2.8504947857
        0.4286100000          2.8436922951
        0.4404200000          2.8380797743
        0.4523200000          2.8333372999
        0.4643100000          2.8293095957
        0.4763900000          2.8255383716
        0.4885500000          2.8224002292
        0.5008100000          2.8190776354
        0.5131400000          2.8156115355
        0.5255500000          2.8124351150
        0.5380400000          2.8104375510
        0.5506100000          2.8093162501
        0.5632500000          2.8089004438
        0.5759600000          2.8087180715
        0.5887400000          2.8084129612
        0.6015800000          2.8077914954
        0.6144900000          2.8066533626
        0.6274700000          2.8070827919
        0.6405000000          2.8080681007
        0.6535900000          2.8098474845
        0.6667300000          2.8114168833
        0.6799300000          2.8120256128
        0.6931800000          2.8116183185
        0.7064800000          2.8106171926
        0.7198200000          2.8108364958
        0.7332100000          2.8118379969
        0.7466500000          2.8129225106
        0.7601200000          2.8134174433
        0.7736300000          2.8126078889
        0.7871700000          2.8098948973
        0.8007500000          2.8078353856
        0.8143600000          2.8069509798
        0.8280000000          2.8070530044
        0.8416600000          2.8069406581
        0.8553500000          2.8059024043
        0.8690600000          2.8037687512
        0.8827900000          2.8006374093
        0.8965400000          2.7986612986
        0.9103100000          2.7978385363
        0.9240800000          2.7982709979
        0.9378700000          2.8002966558
        0.9516700000          2.8041085980
        0.9654700000          2.8074473403
        0.9792800000          2.8093437658
        0.9930900000          2.8108839416
        1.0069000000          2.8124780929
        1.0207000000          2.8152683813
        1.0345000000          2.8197280994
        1.0483000000          2.8252139827
        1.0621000000          2.8307384830
        1.0759000000          2.8369769138
        1.0897000000          2.8438170332
        1.1035000000          2.8512967857
        1.1172000000          2.8597268404
        1.1309000000          2.8683854642
        1.1447000000          2.8769429767
        1.1583000000          2.8856734670
        1.1720000000          2.8946655261
        1.1856000000          2.9041722172
        1.1993000000          2.9141397533
        1.2128000000          2.9240871027
        1.2264000000          2.9344095136
        1.2399000000          2.9448627937
        1.2534000000          2.9556159729
        1.2668000000          2.9667017070
        1.2802000000          2.9782307052
        1.2935000000          2.9903289430
        1.3068000000          3.0028179987
        1.3201000000          3.0158207232
        1.3333000000          3.0291143899
        1.3464000000          3.0427429498
        1.3595000000          3.0568458030
        1.3725000000          3.0715156350
        1.3855000000          3.0863780849
        1.3984000000          3.1017487779
        1.4113000000          3.1171503010
        1.4240000000          3.1325144902
        1.4368000000          3.1481189131
        1.4494000000          3.1636673124
        1.4620000000          3.1792732001
        1.4744000000          3.1944847216
        1.4869000000          3.2095496781
        1.4992000000          3.2242741897
        1.5114000000          3.2389279127
        1.5236000000          3.2534426125
        1.5357000000          3.2677928907
        1.5477000000          3.2819341375
        1.5596000000          3.2958289637
        1.5714000000          3.3096570820
        1.5831000000          3.3237680966
        1.5947000000          3.3386575955
        1.6062000000          3.3541894774
        1.6176000000          3.3700564011
        1.6290000000          3.3865026584
        1.6402000000          3.4032087547
        1.6512000000          3.4202996191
        1.6622000000          3.4379542114
        1.6731000000          3.4559373410
        1.6839000000          3.4744289118
        1.6945000000          3.4935633002
        1.7050000000          3.5136407203
        1.7154000000          3.5346068968
        1.7257000000          3.5563272416
        1.7358000000          3.5789785305
        1.7458000000          3.6026090425
        1.7557000000          3.6271219527
        1.7655000000          3.6521873648
        1.7751000000          3.6781545721
        1.7845000000          3.7044382950
        1.7939000000          3.7316003672
        1.8031000000          3.7593759223
        1.8121000000          3.7886340927
        1.8210000000          3.8188528481
        1.8298000000          3.8499115427
        1.8384000000          3.8820462417
        1.8468000000          3.9147989690
        1.8551000000          3.9484112997
        1.8633000000          3.9829782273
        1.8713000000          4.0182023024
        1.8791000000          4.0539547500
        1.8867000000          4.0908003776
        1.8942000000          4.1288266238
        1.9015000000          4.1685222677
        1.9087000000          4.2095004317
        1.9157000000          4.2525443703
        1.9225000000          4.2986721960
        1.9291000000          4.3473751815
        1.9355000000          4.3970946072
        1.9418000000          4.4508608444
        1.9479000000          4.5052200959
        1.9537000000          4.5631637700
        1.9594000000          4.6274604069
        1.9650000000          4.6971123417
        1.9703000000          4.7791131405
        1.9754000000          4.8694074425
        1.9803000000          4.9738199848
        1.9850000000          5.0810001556
        1.9896000000          5.1792893146
        1.9939000000          5.2633866749
        1.9980000000          5.3674809961
