     0.23093E-02     0.59198E-05    -0.80679E-03     0.40908E-06     0.00000E+00     0.00000E+00    -0.13536E-04     0.79394E-03    -0.63000E-06     0.83623E-04    -0.80764E-04     0.33649E-07     0.66365E-06
     0.70633E-02     0.56318E-04    -0.78643E-03     0.13399E-04     0.00000E+00     0.00000E+00     0.20482E-04     0.75775E-03    -0.60378E-05     0.82923E-04    -0.90058E-04     0.11618E-06     0.61540E-05
     0.12087E-01     0.16332E-03    -0.77999E-03     0.67570E-04     0.00000E+00     0.00000E+00     0.71751E-04     0.65532E-03    -0.17168E-04     0.80215E-04    -0.97298E-04     0.22073E-06     0.17389E-04
     0.17376E-01     0.32677E-03    -0.74699E-03     0.18941E-03     0.00000E+00     0.00000E+00     0.16490E-03     0.42877E-03    -0.33567E-04     0.69770E-04    -0.10319E-03     0.34987E-06     0.33917E-04
     0.22928E-01     0.53496E-03    -0.69813E-03     0.38469E-03     0.00000E+00     0.00000E+00     0.24208E-03     0.13145E-03    -0.53699E-04     0.53009E-04    -0.10639E-03     0.50061E-06     0.54200E-04
     0.28739E-01     0.76530E-03    -0.65335E-03     0.63004E-03     0.00000E+00     0.00000E+00     0.25362E-03    -0.14538E-03    -0.75164E-04     0.33104E-04    -0.10774E-03     0.66546E-06     0.75830E-04
     0.34807E-01     0.99116E-03    -0.62654E-03     0.88138E-03     0.00000E+00     0.00000E+00     0.18270E-03    -0.33043E-03    -0.95420E-04     0.13542E-04    -0.10828E-03     0.83370E-06     0.96254E-04
     0.41127E-01     0.11898E-02    -0.61931E-03     0.10935E-02     0.00000E+00     0.00000E+00     0.56312E-04    -0.40606E-03    -0.11250E-03    -0.27385E-05    -0.10895E-03     0.99419E-06     0.11349E-03
     0.47696E-01     0.13473E-02    -0.62316E-03     0.12368E-02     0.00000E+00     0.00000E+00    -0.81333E-04    -0.39623E-03    -0.12535E-03    -0.14395E-04    -0.11007E-03     0.11377E-05     0.12649E-03
     0.54512E-01     0.14588E-02    -0.62837E-03     0.13030E-02     0.00000E+00     0.00000E+00    -0.19433E-03    -0.33795E-03    -0.13379E-03    -0.21374E-04    -0.11149E-03     0.12582E-05     0.13505E-03
     0.61570E-01     0.15267E-02    -0.62831E-03     0.13007E-02     0.00000E+00     0.00000E+00    -0.26559E-03    -0.26260E-03    -0.13823E-03    -0.24467E-04    -0.11283E-03     0.13532E-05     0.13958E-03
     0.68868E-01     0.15569E-02    -0.62021E-03     0.12476E-02     0.00000E+00     0.00000E+00    -0.29431E-03    -0.19011E-03    -0.13937E-03    -0.24758E-04    -0.11370E-03     0.14230E-05     0.14079E-03
     0.76401E-01     0.15573E-02    -0.60433E-03     0.11625E-02     0.00000E+00     0.00000E+00    -0.28927E-03    -0.12956E-03    -0.13798E-03    -0.23277E-04    -0.11382E-03     0.14698E-05     0.13945E-03
     0.84168E-01     0.15352E-02    -0.58244E-03     0.10616E-02     0.00000E+00     0.00000E+00    -0.26209E-03    -0.82891E-04    -0.13478E-03    -0.20831E-04    -0.11310E-03     0.14968E-05     0.13628E-03
     0.92164E-01     0.14972E-02    -0.55660E-03     0.95673E-03     0.00000E+00     0.00000E+00    -0.22318E-03    -0.48725E-04    -0.13036E-03    -0.17989E-04    -0.11155E-03     0.15076E-05     0.13187E-03
     0.10039E+00     0.14486E-02    -0.52852E-03     0.85525E-03     0.00000E+00     0.00000E+00    -0.18042E-03    -0.24639E-04    -0.12518E-03    -0.15116E-04    -0.10928E-03     0.15056E-05     0.12669E-03
     0.10883E+00     0.13935E-02    -0.49943E-03     0.76137E-03     0.00000E+00     0.00000E+00    -0.13891E-03    -0.82446E-05    -0.11960E-03    -0.12415E-04    -0.10642E-03     0.14940E-05     0.12109E-03
     0.11749E+00     0.13352E-02    -0.47026E-03     0.67697E-03     0.00000E+00     0.00000E+00    -0.10128E-03     0.25630E-05    -0.11387E-03    -0.99772E-05    -0.10315E-03     0.14753E-05     0.11534E-03
     0.12637E+00     0.12759E-02    -0.44165E-03     0.60245E-03     0.00000E+00     0.00000E+00    -0.68690E-04     0.94311E-05    -0.10817E-03    -0.78378E-05    -0.99616E-04     0.14518E-05     0.10962E-03
     0.13547E+00     0.12174E-02    -0.41408E-03     0.53743E-03     0.00000E+00     0.00000E+00    -0.41296E-04     0.13573E-04    -0.10264E-03    -0.60087E-05    -0.95938E-04     0.14252E-05     0.10407E-03
     0.14477E+00     0.11608E-02    -0.38764E-03     0.48117E-03     0.00000E+00     0.00000E+00    -0.18607E-04     0.15187E-04    -0.97371E-04    -0.44862E-05    -0.92208E-04     0.13972E-05     0.98769E-04
     0.15428E+00     0.11069E-02    -0.36272E-03     0.43278E-03     0.00000E+00     0.00000E+00    -0.14481E-07     0.15133E-04    -0.92399E-04    -0.32443E-05    -0.88496E-04     0.13686E-05     0.93768E-04
     0.16399E+00     0.10559E-02    -0.33953E-03     0.39135E-03     0.00000E+00     0.00000E+00     0.14284E-04     0.14718E-04    -0.87739E-04    -0.22216E-05    -0.84875E-04     0.13403E-05     0.89079E-04
     0.17390E+00     0.10081E-02    -0.31810E-03     0.35595E-03     0.00000E+00     0.00000E+00     0.24279E-04     0.14479E-04    -0.83394E-04    -0.13659E-05    -0.81404E-04     0.13128E-05     0.84706E-04
     0.18401E+00     0.96352E-03    -0.29820E-03     0.32573E-03     0.00000E+00     0.00000E+00     0.31013E-04     0.13871E-04    -0.79370E-04    -0.64989E-06    -0.78114E-04     0.12867E-05     0.80657E-04
     0.19431E+00     0.92233E-03    -0.27991E-03     0.29986E-03     0.00000E+00     0.00000E+00     0.35362E-04     0.13345E-04    -0.75668E-04    -0.57182E-07    -0.75024E-04     0.12622E-05     0.76930E-04
     0.20480E+00     0.88459E-03    -0.26290E-03     0.27749E-03     0.00000E+00     0.00000E+00     0.38235E-04     0.12392E-04    -0.72287E-04     0.39816E-06    -0.72117E-04     0.12396E-05     0.73526E-04
     0.21547E+00     0.85022E-03    -0.24707E-03     0.25809E-03     0.00000E+00     0.00000E+00     0.40009E-04     0.10796E-04    -0.69214E-04     0.72078E-06    -0.69386E-04     0.12189E-05     0.70432E-04
     0.22633E+00     0.81893E-03    -0.23257E-03     0.24128E-03     0.00000E+00     0.00000E+00     0.40870E-04     0.92507E-05    -0.66419E-04     0.94970E-06    -0.66839E-04     0.12001E-05     0.67619E-04
     0.23737E+00     0.79037E-03    -0.21943E-03     0.22673E-03     0.00000E+00     0.00000E+00     0.40922E-04     0.81982E-05    -0.63871E-04     0.11238E-05    -0.64484E-04     0.11833E-05     0.65054E-04
     0.24859E+00     0.76433E-03    -0.20749E-03     0.21412E-03     0.00000E+00     0.00000E+00     0.40042E-04     0.76061E-05    -0.61549E-04     0.12489E-05    -0.62305E-04     0.11683E-05     0.62717E-04
     0.25997E+00     0.74073E-03    -0.19651E-03     0.20306E-03     0.00000E+00     0.00000E+00     0.39213E-04     0.69328E-05    -0.59443E-04     0.12990E-05    -0.60267E-04     0.11551E-05     0.60598E-04
     0.27153E+00     0.71943E-03    -0.18637E-03     0.19316E-03     0.00000E+00     0.00000E+00     0.38576E-04     0.62005E-05    -0.57539E-04     0.12844E-05    -0.58366E-04     0.11437E-05     0.58683E-04
     0.28325E+00     0.70029E-03    -0.17699E-03     0.18423E-03     0.00000E+00     0.00000E+00     0.37557E-04     0.54817E-05    -0.55822E-04     0.12275E-05    -0.56610E-04     0.11338E-05     0.56956E-04
     0.29514E+00     0.68311E-03    -0.16828E-03     0.17618E-03     0.00000E+00     0.00000E+00     0.36131E-04     0.48603E-05    -0.54276E-04     0.11336E-05    -0.54988E-04     0.11254E-05     0.55402E-04
     0.30719E+00     0.66774E-03    -0.16032E-03     0.16900E-03     0.00000E+00     0.00000E+00     0.34341E-04     0.44653E-05    -0.52886E-04     0.10189E-05    -0.53503E-04     0.11184E-05     0.54005E-04
     0.31939E+00     0.65408E-03    -0.15309E-03     0.16274E-03     0.00000E+00     0.00000E+00     0.32676E-04     0.40159E-05    -0.51643E-04     0.91802E-06    -0.52178E-04     0.11129E-05     0.52756E-04
     0.33174E+00     0.64202E-03    -0.14650E-03     0.15733E-03     0.00000E+00     0.00000E+00     0.31265E-04     0.35938E-05    -0.50535E-04     0.85727E-06    -0.51028E-04     0.11090E-05     0.51644E-04
     0.34425E+00     0.63144E-03    -0.14055E-03     0.15262E-03     0.00000E+00     0.00000E+00     0.29866E-04     0.33802E-05    -0.49551E-04     0.83118E-06    -0.50036E-04     0.11066E-05     0.50658E-04
     0.35690E+00     0.62231E-03    -0.13519E-03     0.14848E-03     0.00000E+00     0.00000E+00     0.28166E-04     0.33202E-05    -0.48687E-04     0.83804E-06    -0.49197E-04     0.11059E-05     0.49793E-04
     0.36969E+00     0.61463E-03    -0.13028E-03     0.14476E-03     0.00000E+00     0.00000E+00     0.26327E-04     0.31662E-05    -0.47944E-04     0.85013E-06    -0.48484E-04     0.11067E-05     0.49051E-04
     0.38262E+00     0.60839E-03    -0.12576E-03     0.14137E-03     0.00000E+00     0.00000E+00     0.24615E-04     0.29499E-05    -0.47318E-04     0.82108E-06    -0.47848E-04     0.11091E-05     0.48427E-04
     0.39569E+00     0.60354E-03    -0.12163E-03     0.13835E-03     0.00000E+00     0.00000E+00     0.23371E-04     0.25733E-05    -0.46805E-04     0.75019E-06    -0.47283E-04     0.11129E-05     0.47918E-04
     0.40890E+00     0.59992E-03    -0.11785E-03     0.13585E-03     0.00000E+00     0.00000E+00     0.22655E-04     0.20140E-05    -0.46391E-04     0.68097E-06    -0.46817E-04     0.11180E-05     0.47509E-04
     0.42223E+00     0.59731E-03    -0.11446E-03     0.13381E-03     0.00000E+00     0.00000E+00     0.21686E-04     0.18012E-05    -0.46058E-04     0.65001E-06    -0.46471E-04     0.11245E-05     0.47183E-04
     0.43569E+00     0.59562E-03    -0.11139E-03     0.13205E-03     0.00000E+00     0.00000E+00     0.20355E-04     0.16574E-05    -0.45798E-04     0.66857E-06    -0.46246E-04     0.11323E-05     0.46931E-04
     0.44927E+00     0.59481E-03    -0.10869E-03     0.13046E-03     0.00000E+00     0.00000E+00     0.19123E-04     0.16681E-05    -0.45608E-04     0.73302E-06    -0.46135E-04     0.11413E-05     0.46749E-04
     0.46297E+00     0.59489E-03    -0.10627E-03     0.12898E-03     0.00000E+00     0.00000E+00     0.18257E-04     0.16563E-05    -0.45487E-04     0.81203E-06    -0.46109E-04     0.11517E-05     0.46638E-04
     0.47679E+00     0.59588E-03    -0.10408E-03     0.12764E-03     0.00000E+00     0.00000E+00     0.17788E-04     0.15288E-05    -0.45436E-04     0.88330E-06    -0.46145E-04     0.11634E-05     0.46599E-04
     0.49072E+00     0.59775E-03    -0.10211E-03     0.12653E-03     0.00000E+00     0.00000E+00     0.17148E-04     0.15676E-05    -0.45452E-04     0.96022E-06    -0.46253E-04     0.11766E-05     0.46629E-04
     0.50476E+00     0.60052E-03    -0.10031E-03     0.12566E-03     0.00000E+00     0.00000E+00     0.16093E-04     0.16894E-05    -0.45537E-04     0.10464E-05    -0.46441E-04     0.11911E-05     0.46728E-04
     0.51891E+00     0.60429E-03    -0.98721E-04     0.12496E-03     0.00000E+00     0.00000E+00     0.15000E-04     0.16780E-05    -0.45697E-04     0.11180E-05    -0.46688E-04     0.12070E-05     0.46904E-04
     0.53316E+00     0.60906E-03    -0.97331E-04     0.12446E-03     0.00000E+00     0.00000E+00     0.14058E-04     0.15510E-05    -0.45932E-04     0.11776E-05    -0.46999E-04     0.12245E-05     0.47157E-04
     0.54751E+00     0.61480E-03    -0.96179E-04     0.12413E-03     0.00000E+00     0.00000E+00     0.13759E-04     0.15182E-05    -0.46239E-04     0.12158E-05    -0.47360E-04     0.12434E-05     0.47482E-04
     0.56196E+00     0.62149E-03    -0.95130E-04     0.12384E-03     0.00000E+00     0.00000E+00     0.13813E-04     0.15201E-05    -0.46616E-04     0.12046E-05    -0.47740E-04     0.12637E-05     0.47879E-04
     0.57649E+00     0.62914E-03    -0.94161E-04     0.12368E-03     0.00000E+00     0.00000E+00     0.13942E-04     0.13582E-05    -0.47063E-04     0.11465E-05    -0.48144E-04     0.12853E-05     0.48348E-04
     0.59112E+00     0.63768E-03    -0.93377E-04     0.12375E-03     0.00000E+00     0.00000E+00     0.14084E-04     0.12360E-05    -0.47574E-04     0.10498E-05    -0.48572E-04     0.13081E-05     0.48882E-04
     0.60584E+00     0.64705E-03    -0.92830E-04     0.12408E-03     0.00000E+00     0.00000E+00     0.14036E-04     0.11400E-05    -0.48143E-04     0.95235E-06    -0.49057E-04     0.13320E-05     0.49475E-04
     0.62064E+00     0.65720E-03    -0.92483E-04     0.12463E-03     0.00000E+00     0.00000E+00     0.14187E-04     0.11249E-05    -0.48768E-04     0.89412E-06    -0.49636E-04     0.13571E-05     0.50125E-04
     0.63552E+00     0.66813E-03    -0.92200E-04     0.12523E-03     0.00000E+00     0.00000E+00     0.14275E-04     0.11816E-05    -0.49447E-04     0.84658E-06    -0.50280E-04     0.13833E-05     0.50830E-04
     0.65047E+00     0.67987E-03    -0.91904E-04     0.12578E-03     0.00000E+00     0.00000E+00     0.14089E-04     0.10363E-05    -0.50182E-04     0.76093E-06    -0.50941E-04     0.14107E-05     0.51593E-04
     0.66550E+00     0.69234E-03    -0.91730E-04     0.12637E-03     0.00000E+00     0.00000E+00     0.13987E-04     0.91675E-06    -0.50968E-04     0.64371E-06    -0.51622E-04     0.14392E-05     0.52407E-04
     0.68060E+00     0.70548E-03    -0.91743E-04     0.12708E-03     0.00000E+00     0.00000E+00     0.14189E-04     0.94163E-06    -0.51800E-04     0.52556E-06    -0.52349E-04     0.14689E-05     0.53269E-04
     0.69576E+00     0.71931E-03    -0.91884E-04     0.12796E-03     0.00000E+00     0.00000E+00     0.14476E-04     0.98160E-06    -0.52678E-04     0.42587E-06    -0.53140E-04     0.14996E-05     0.54177E-04
     0.71099E+00     0.73385E-03    -0.92173E-04     0.12906E-03     0.00000E+00     0.00000E+00     0.14546E-04     0.10461E-05    -0.53604E-04     0.34657E-06    -0.53999E-04     0.15314E-05     0.55135E-04
     0.72628E+00     0.74916E-03    -0.92576E-04     0.13031E-03     0.00000E+00     0.00000E+00     0.14461E-04     0.10262E-05    -0.54580E-04     0.25823E-06    -0.54900E-04     0.15645E-05     0.56145E-04
     0.74162E+00     0.76522E-03    -0.93034E-04     0.13160E-03     0.00000E+00     0.00000E+00     0.14295E-04     0.92868E-06    -0.55608E-04     0.11655E-06    -0.55798E-04     0.15988E-05     0.57207E-04
     0.75702E+00     0.78196E-03    -0.93548E-04     0.13292E-03     0.00000E+00     0.00000E+00     0.14219E-04     0.70351E-06    -0.56681E-04    -0.97276E-07    -0.56668E-04     0.16341E-05     0.58315E-04
     0.77247E+00     0.79925E-03    -0.94168E-04     0.13430E-03     0.00000E+00     0.00000E+00     0.14643E-04     0.49163E-06    -0.57788E-04    -0.37590E-06    -0.57508E-04     0.16703E-05     0.59458E-04
     0.78796E+00     0.81692E-03    -0.94858E-04     0.13572E-03     0.00000E+00     0.00000E+00     0.15584E-04     0.27447E-06    -0.58919E-04    -0.71959E-06    -0.58305E-04     0.17071E-05     0.60626E-04
     0.80350E+00     0.83483E-03    -0.95513E-04     0.13719E-03     0.00000E+00     0.00000E+00     0.16554E-04    -0.56714E-07    -0.60061E-04    -0.11056E-05    -0.59070E-04     0.17442E-05     0.61805E-04
     0.81907E+00     0.85276E-03    -0.96243E-04     0.13879E-03     0.00000E+00     0.00000E+00     0.17527E-04    -0.22992E-06    -0.61199E-04    -0.14677E-05    -0.59855E-04     0.17813E-05     0.62981E-04
     0.83469E+00     0.87058E-03    -0.97186E-04     0.14065E-03     0.00000E+00     0.00000E+00     0.18468E-04    -0.19850E-06    -0.62323E-04    -0.17475E-05    -0.60708E-04     0.18182E-05     0.64141E-04
     0.85033E+00     0.88830E-03    -0.98327E-04     0.14276E-03     0.00000E+00     0.00000E+00     0.18829E-04    -0.72820E-07    -0.63434E-04    -0.19529E-05    -0.61621E-04     0.18548E-05     0.65289E-04
     0.86601E+00     0.90599E-03    -0.99500E-04     0.14504E-03     0.00000E+00     0.00000E+00     0.18826E-04    -0.20828E-06    -0.64536E-04    -0.21416E-05    -0.62541E-04     0.18912E-05     0.66427E-04
     0.88171E+00     0.92355E-03    -0.10073E-03     0.14740E-03     0.00000E+00     0.00000E+00     0.18931E-04    -0.41323E-06    -0.65623E-04    -0.23131E-05    -0.63461E-04     0.19270E-05     0.67550E-04
     0.89744E+00     0.94086E-03    -0.10217E-03     0.14984E-03     0.00000E+00     0.00000E+00     0.19011E-04    -0.42219E-06    -0.66685E-04    -0.24404E-05    -0.64400E-04     0.19619E-05     0.68647E-04
     0.91319E+00     0.95788E-03    -0.10365E-03     0.15230E-03     0.00000E+00     0.00000E+00     0.18837E-04    -0.54247E-06    -0.67721E-04    -0.25576E-05    -0.65319E-04     0.19956E-05     0.69716E-04
     0.92895E+00     0.97453E-03    -0.10519E-03     0.15474E-03     0.00000E+00     0.00000E+00     0.18585E-04    -0.53419E-06    -0.68725E-04    -0.26937E-05    -0.66186E-04     0.20277E-05     0.70753E-04
     0.94473E+00     0.99082E-03    -0.10675E-03     0.15714E-03     0.00000E+00     0.00000E+00     0.18896E-04    -0.56844E-06    -0.69698E-04    -0.28597E-05    -0.66992E-04     0.20582E-05     0.71756E-04
     0.96051E+00     0.10067E-02    -0.10826E-03     0.15947E-03     0.00000E+00     0.00000E+00     0.19566E-04    -0.94511E-06    -0.70636E-04    -0.30391E-05    -0.67750E-04     0.20868E-05     0.72723E-04
     0.97631E+00     0.10219E-02    -0.10991E-03     0.16179E-03     0.00000E+00     0.00000E+00     0.19330E-04    -0.10992E-05    -0.71522E-04    -0.31728E-05    -0.68502E-04     0.21135E-05     0.73635E-04
     0.99210E+00     0.10363E-02    -0.11181E-03     0.16418E-03     0.00000E+00     0.00000E+00     0.18753E-04    -0.72309E-06    -0.72351E-04    -0.32383E-05    -0.69265E-04     0.21381E-05     0.74489E-04
     0.10079E+01     0.10502E-02    -0.11375E-03     0.16654E-03     0.00000E+00     0.00000E+00     0.19294E-04    -0.53141E-06    -0.73138E-04    -0.33036E-05    -0.69986E-04     0.21605E-05     0.75298E-04
     0.10237E+01     0.10637E-02    -0.11559E-03     0.16871E-03     0.00000E+00     0.00000E+00     0.19937E-04    -0.85207E-06    -0.73891E-04    -0.34191E-05    -0.70619E-04     0.21809E-05     0.76072E-04
     0.10395E+01     0.10766E-02    -0.11755E-03     0.17084E-03     0.00000E+00     0.00000E+00     0.20529E-04    -0.10006E-05    -0.74597E-04    -0.35207E-05    -0.71218E-04     0.21991E-05     0.76796E-04
     0.10553E+01     0.10887E-02    -0.11972E-03     0.17319E-03     0.00000E+00     0.00000E+00     0.21137E-04    -0.93683E-06    -0.75248E-04    -0.35455E-05    -0.71839E-04     0.22152E-05     0.77464E-04
     0.10711E+01     0.11002E-02    -0.12206E-03     0.17581E-03     0.00000E+00     0.00000E+00     0.20931E-04    -0.66870E-06    -0.75847E-04    -0.35010E-05    -0.72476E-04     0.22293E-05     0.78077E-04
     0.10868E+01     0.11112E-02    -0.12456E-03     0.17864E-03     0.00000E+00     0.00000E+00     0.21054E-04    -0.37592E-06    -0.76407E-04    -0.33992E-05    -0.73129E-04     0.22417E-05     0.78648E-04
     0.11026E+01     0.11219E-02    -0.12718E-03     0.18160E-03     0.00000E+00     0.00000E+00     0.22269E-04    -0.33073E-06    -0.76938E-04    -0.32496E-05    -0.73800E-04     0.22525E-05     0.79191E-04
     0.11183E+01     0.11324E-02    -0.12991E-03     0.18465E-03     0.00000E+00     0.00000E+00     0.23211E-04    -0.46505E-06    -0.77444E-04    -0.30820E-05    -0.74461E-04     0.22621E-05     0.79706E-04
     0.11340E+01     0.11425E-02    -0.13276E-03     0.18774E-03     0.00000E+00     0.00000E+00     0.22973E-04    -0.34383E-06    -0.77920E-04    -0.29073E-05    -0.75100E-04     0.22704E-05     0.80191E-04
     0.11497E+01     0.11523E-02    -0.13571E-03     0.19084E-03     0.00000E+00     0.00000E+00     0.22295E-04    -0.87450E-07    -0.78373E-04    -0.27243E-05    -0.75725E-04     0.22778E-05     0.80651E-04
     0.11653E+01     0.11621E-02    -0.13873E-03     0.19400E-03     0.00000E+00     0.00000E+00     0.21743E-04     0.23768E-06    -0.78816E-04    -0.25499E-05    -0.76331E-04     0.22845E-05     0.81100E-04
     0.11809E+01     0.11720E-02    -0.14190E-03     0.19721E-03     0.00000E+00     0.00000E+00     0.21745E-04     0.55950E-06    -0.79262E-04    -0.24159E-05    -0.76899E-04     0.22908E-05     0.81553E-04
     0.11965E+01     0.11823E-02    -0.14515E-03     0.20041E-03     0.00000E+00     0.00000E+00     0.22054E-04     0.56852E-06    -0.79726E-04    -0.23297E-05    -0.77437E-04     0.22970E-05     0.82023E-04
     0.12120E+01     0.11929E-02    -0.14862E-03     0.20370E-03     0.00000E+00     0.00000E+00     0.22400E-04     0.69010E-06    -0.80210E-04    -0.22301E-05    -0.78005E-04     0.23033E-05     0.82513E-04
     0.12275E+01     0.12041E-02    -0.15259E-03     0.20721E-03     0.00000E+00     0.00000E+00     0.23721E-04     0.88728E-06    -0.80717E-04    -0.20737E-05    -0.78652E-04     0.23097E-05     0.83026E-04
     0.12430E+01     0.12157E-02    -0.15694E-03     0.21079E-03     0.00000E+00     0.00000E+00     0.25916E-04     0.89212E-06    -0.81254E-04    -0.18934E-05    -0.79350E-04     0.23165E-05     0.83570E-04
     0.12584E+01     0.12280E-02    -0.16147E-03     0.21425E-03     0.00000E+00     0.00000E+00     0.27573E-04     0.92556E-06    -0.81823E-04    -0.17469E-05    -0.80045E-04     0.23234E-05     0.84146E-04
     0.12737E+01     0.12408E-02    -0.16586E-03     0.21758E-03     0.00000E+00     0.00000E+00     0.28163E-04     0.70530E-06    -0.82424E-04    -0.16619E-05    -0.80709E-04     0.23305E-05     0.84754E-04
     0.12890E+01     0.12541E-02    -0.17031E-03     0.22100E-03     0.00000E+00     0.00000E+00     0.28088E-04     0.73502E-06    -0.83048E-04    -0.15843E-05    -0.81389E-04     0.23376E-05     0.85385E-04
     0.13042E+01     0.12679E-02    -0.17529E-03     0.22493E-03     0.00000E+00     0.00000E+00     0.28286E-04     0.13733E-05    -0.83698E-04    -0.14565E-05    -0.82145E-04     0.23447E-05     0.86043E-04
     0.13194E+01     0.12825E-02    -0.18092E-03     0.22946E-03     0.00000E+00     0.00000E+00     0.29974E-04     0.20745E-05    -0.84399E-04    -0.13132E-05    -0.82965E-04     0.23523E-05     0.86751E-04
     0.13345E+01     0.12984E-02    -0.18701E-03     0.23438E-03     0.00000E+00     0.00000E+00     0.33057E-04     0.23885E-05    -0.85177E-04    -0.12178E-05    -0.83811E-04     0.23608E-05     0.87538E-04
     0.13495E+01     0.13158E-02    -0.19323E-03     0.23952E-03     0.00000E+00     0.00000E+00     0.36410E-04     0.19482E-05    -0.86041E-04    -0.12160E-05    -0.84647E-04     0.23703E-05     0.88411E-04
     0.13645E+01     0.13343E-02    -0.19964E-03     0.24498E-03     0.00000E+00     0.00000E+00     0.38555E-04     0.14400E-05    -0.86972E-04    -0.12726E-05    -0.85489E-04     0.23807E-05     0.89353E-04
     0.13794E+01     0.13537E-02    -0.20668E-03     0.25097E-03     0.00000E+00     0.00000E+00     0.39740E-04     0.17605E-05    -0.87951E-04    -0.13010E-05    -0.86410E-04     0.23918E-05     0.90343E-04
     0.13942E+01     0.13741E-02    -0.21414E-03     0.25752E-03     0.00000E+00     0.00000E+00     0.40635E-04     0.19855E-05    -0.88986E-04    -0.12701E-05    -0.87442E-04     0.24035E-05     0.91389E-04
     0.14089E+01     0.13957E-02    -0.22218E-03     0.26469E-03     0.00000E+00     0.00000E+00     0.40791E-04     0.25526E-05    -0.90085E-04    -0.11536E-05    -0.88626E-04     0.24160E-05     0.92501E-04
     0.14235E+01     0.14188E-02    -0.23106E-03     0.27265E-03     0.00000E+00     0.00000E+00     0.41450E-04     0.36845E-05    -0.91270E-04    -0.92473E-06    -0.90007E-04     0.24296E-05     0.93699E-04
     0.14380E+01     0.14440E-02    -0.24058E-03     0.28121E-03     0.00000E+00     0.00000E+00     0.43541E-04     0.44945E-05    -0.92576E-04    -0.65488E-06    -0.91550E-04     0.24447E-05     0.95021E-04
     0.14525E+01     0.14717E-02    -0.25054E-03     0.28995E-03     0.00000E+00     0.00000E+00     0.46281E-04     0.50545E-05    -0.94031E-04    -0.45150E-06    -0.93172E-04     0.24617E-05     0.96493E-04
     0.14668E+01     0.15023E-02    -0.26079E-03     0.29859E-03     0.00000E+00     0.00000E+00     0.50748E-04     0.50178E-05    -0.95649E-04    -0.37403E-06    -0.94830E-04     0.24806E-05     0.98129E-04
     0.14811E+01     0.15355E-02    -0.27139E-03     0.30714E-03     0.00000E+00     0.00000E+00     0.55059E-04     0.44700E-05    -0.97423E-04    -0.43935E-06    -0.96497E-04     0.25014E-05     0.99925E-04
     0.14952E+01     0.15712E-02    -0.28297E-03     0.31618E-03     0.00000E+00     0.00000E+00     0.58722E-04     0.52203E-05    -0.99336E-04    -0.58226E-06    -0.98227E-04     0.25241E-05     0.10186E-03
     0.15093E+01     0.16097E-02    -0.29555E-03     0.32612E-03     0.00000E+00     0.00000E+00     0.63727E-04     0.55481E-05    -0.10140E-03    -0.79059E-06    -0.10004E-03     0.25486E-05     0.10395E-03
     0.15232E+01     0.16509E-02    -0.30887E-03     0.33692E-03     0.00000E+00     0.00000E+00     0.66920E-04     0.54963E-05    -0.10362E-03    -0.10383E-05    -0.10197E-03     0.25751E-05     0.10620E-03
     0.15370E+01     0.16949E-02    -0.32373E-03     0.34898E-03     0.00000E+00     0.00000E+00     0.69412E-04     0.67056E-05    -0.10600E-03    -0.12057E-05    -0.10413E-03     0.26033E-05     0.10860E-03
     0.15507E+01     0.17422E-02    -0.33990E-03     0.36237E-03     0.00000E+00     0.00000E+00     0.74075E-04     0.76340E-05    -0.10855E-03    -0.13298E-05    -0.10652E-03     0.26336E-05     0.11119E-03
     0.15643E+01     0.17931E-02    -0.35712E-03     0.37683E-03     0.00000E+00     0.00000E+00     0.79513E-04     0.84334E-05    -0.11131E-03    -0.15008E-05    -0.10906E-03     0.26659E-05     0.11398E-03
     0.15778E+01     0.18481E-02    -0.37547E-03     0.39261E-03     0.00000E+00     0.00000E+00     0.85263E-04     0.91164E-05    -0.11428E-03    -0.16845E-05    -0.11180E-03     0.27004E-05     0.11698E-03
     0.15911E+01     0.19072E-02    -0.39517E-03     0.41003E-03     0.00000E+00     0.00000E+00     0.90991E-04     0.92738E-05    -0.11748E-03    -0.18655E-05    -0.11476E-03     0.27366E-05     0.12022E-03
     0.16043E+01     0.19705E-02    -0.41690E-03     0.42883E-03     0.00000E+00     0.00000E+00     0.95747E-04     0.95057E-05    -0.12090E-03    -0.20943E-05    -0.11790E-03     0.27746E-05     0.12367E-03
     0.16174E+01     0.20379E-02    -0.44069E-03     0.44863E-03     0.00000E+00     0.00000E+00     0.99950E-04     0.10577E-04    -0.12453E-03    -0.23862E-05    -0.12118E-03     0.28142E-05     0.12734E-03
     0.16303E+01     0.21098E-02    -0.46599E-03     0.46965E-03     0.00000E+00     0.00000E+00     0.10493E-03     0.11866E-04    -0.12839E-03    -0.26983E-05    -0.12467E-03     0.28554E-05     0.13125E-03
     0.16431E+01     0.21865E-02    -0.49303E-03     0.49224E-03     0.00000E+00     0.00000E+00     0.11178E-03     0.12762E-04    -0.13250E-03    -0.30218E-05    -0.12840E-03     0.28982E-05     0.13540E-03
     0.16558E+01     0.22683E-02    -0.52238E-03     0.51686E-03     0.00000E+00     0.00000E+00     0.11943E-03     0.14130E-04    -0.13688E-03    -0.33669E-05    -0.13236E-03     0.29430E-05     0.13982E-03
     0.16683E+01     0.23557E-02    -0.55486E-03     0.54431E-03     0.00000E+00     0.00000E+00     0.12795E-03     0.16997E-04    -0.14153E-03    -0.36821E-05    -0.13664E-03     0.29902E-05     0.14452E-03
     0.16806E+01     0.24497E-02    -0.59025E-03     0.57463E-03     0.00000E+00     0.00000E+00     0.13901E-03     0.19498E-04    -0.14650E-03    -0.39954E-05    -0.14124E-03     0.30398E-05     0.14954E-03
     0.16928E+01     0.25508E-02    -0.62775E-03     0.60752E-03     0.00000E+00     0.00000E+00     0.15090E-03     0.20306E-04    -0.15184E-03    -0.43641E-05    -0.14614E-03     0.30918E-05     0.15493E-03
     0.17049E+01     0.26593E-02    -0.66807E-03     0.64338E-03     0.00000E+00     0.00000E+00     0.16049E-03     0.21060E-04    -0.15754E-03    -0.47112E-05    -0.15143E-03     0.31460E-05     0.16068E-03
     0.17167E+01     0.27750E-02    -0.71267E-03     0.68319E-03     0.00000E+00     0.00000E+00     0.16689E-03     0.23952E-04    -0.16358E-03    -0.49760E-05    -0.15714E-03     0.32023E-05     0.16678E-03
     0.17285E+01     0.28989E-02    -0.76187E-03     0.72804E-03     0.00000E+00     0.00000E+00     0.17094E-03     0.27926E-04    -0.17000E-03    -0.51743E-05    -0.16331E-03     0.32608E-05     0.17326E-03
     0.17400E+01     0.30319E-02    -0.81580E-03     0.77904E-03     0.00000E+00     0.00000E+00     0.17445E-03     0.32403E-04    -0.17685E-03    -0.53175E-05    -0.16996E-03     0.33220E-05     0.18018E-03
     0.17514E+01     0.31752E-02    -0.87451E-03     0.83689E-03     0.00000E+00     0.00000E+00     0.17714E-03     0.37189E-04    -0.18419E-03    -0.55036E-05    -0.17706E-03     0.33860E-05     0.18758E-03
     0.17626E+01     0.33299E-02    -0.93739E-03     0.90207E-03     0.00000E+00     0.00000E+00     0.17747E-03     0.41328E-04    -0.19206E-03    -0.59007E-05    -0.18447E-03     0.34530E-05     0.19551E-03
     0.17737E+01     0.34970E-02    -0.10054E-02     0.97592E-03     0.00000E+00     0.00000E+00     0.17423E-03     0.46444E-04    -0.20049E-03    -0.65906E-05    -0.19215E-03     0.35228E-05     0.20401E-03
     0.17845E+01     0.36774E-02    -0.10788E-02     0.10603E-02     0.00000E+00     0.00000E+00     0.16658E-03     0.52533E-04    -0.20951E-03    -0.76672E-05    -0.20004E-03     0.35954E-05     0.21310E-03
     0.17952E+01     0.38723E-02    -0.11579E-02     0.11569E-02     0.00000E+00     0.00000E+00     0.15204E-03     0.58988E-04    -0.21916E-03    -0.92679E-05    -0.20804E-03     0.36704E-05     0.22283E-03
     0.18057E+01     0.40828E-02    -0.12434E-02     0.12676E-02     0.00000E+00     0.00000E+00     0.13037E-03     0.66024E-04    -0.22947E-03    -0.11449E-04    -0.21612E-03     0.37472E-05     0.23322E-03
     0.18160E+01     0.43099E-02    -0.13345E-02     0.13946E-02     0.00000E+00     0.00000E+00     0.10310E-03     0.70168E-04    -0.24047E-03    -0.14264E-04    -0.22426E-03     0.38251E-05     0.24429E-03
     0.18261E+01     0.45536E-02    -0.14319E-02     0.15413E-02     0.00000E+00     0.00000E+00     0.64173E-04     0.72636E-04    -0.25210E-03    -0.17725E-04    -0.23239E-03     0.39030E-05     0.25600E-03
     0.18360E+01     0.48136E-02    -0.15369E-02     0.17122E-02     0.00000E+00     0.00000E+00     0.74201E-05     0.75822E-04    -0.26429E-03    -0.21779E-04    -0.24050E-03     0.39795E-05     0.26827E-03
     0.18457E+01     0.50892E-02    -0.16495E-02     0.19113E-02     0.00000E+00     0.00000E+00    -0.67439E-04     0.76874E-04    -0.27696E-03    -0.26493E-04    -0.24843E-03     0.40528E-05     0.28101E-03
     0.18552E+01     0.53793E-02    -0.17684E-02     0.21421E-02     0.00000E+00     0.00000E+00    -0.16225E-03     0.72274E-04    -0.28997E-03    -0.31977E-04    -0.25593E-03     0.41208E-05     0.29409E-03
     0.18645E+01     0.56814E-02    -0.18933E-02     0.24086E-02     0.00000E+00     0.00000E+00    -0.28023E-03     0.61232E-04    -0.30311E-03    -0.38201E-04    -0.26283E-03     0.41804E-05     0.30729E-03
     0.18736E+01     0.59913E-02    -0.20232E-02     0.27143E-02     0.00000E+00     0.00000E+00    -0.42149E-03     0.39893E-04    -0.31607E-03    -0.45019E-04    -0.26896E-03     0.42277E-05     0.32030E-03
     0.18825E+01     0.63029E-02    -0.21564E-02     0.30616E-02     0.00000E+00     0.00000E+00    -0.58688E-03     0.33063E-05    -0.32844E-03    -0.52175E-04    -0.27416E-03     0.42584E-05     0.33270E-03
     0.18912E+01     0.66074E-02    -0.22905E-02     0.34506E-02     0.00000E+00     0.00000E+00    -0.77359E-03    -0.54684E-04    -0.33965E-03    -0.59238E-04    -0.27830E-03     0.42670E-05     0.34392E-03
     0.18996E+01     0.68922E-02    -0.24225E-02     0.38776E-02     0.00000E+00     0.00000E+00    -0.97240E-03    -0.14239E-03    -0.34897E-03    -0.65531E-04    -0.28131E-03     0.42473E-05     0.35322E-03
     0.19078E+01     0.71408E-02    -0.25491E-02     0.43312E-02     0.00000E+00     0.00000E+00    -0.11689E-02    -0.26730E-03    -0.35547E-03    -0.70098E-04    -0.28324E-03     0.41922E-05     0.35966E-03
     0.19158E+01     0.73317E-02    -0.26649E-02     0.47891E-02     0.00000E+00     0.00000E+00    -0.13374E-02    -0.43875E-03    -0.35805E-03    -0.71730E-04    -0.28420E-03     0.40943E-05     0.36215E-03
     0.19236E+01     0.74387E-02    -0.27616E-02     0.52140E-02     0.00000E+00     0.00000E+00    -0.14388E-02    -0.66772E-03    -0.35547E-03    -0.68986E-04    -0.28438E-03     0.39468E-05     0.35941E-03
     0.19311E+01     0.74304E-02    -0.28304E-02     0.55512E-02     0.00000E+00     0.00000E+00    -0.14257E-02    -0.95761E-03    -0.34637E-03    -0.60183E-04    -0.28414E-03     0.37441E-05     0.35011E-03
     0.19384E+01     0.72718E-02    -0.28652E-02     0.57295E-02     0.00000E+00     0.00000E+00    -0.12507E-02    -0.12929E-02    -0.32947E-03    -0.43543E-04    -0.28399E-03     0.34831E-05     0.33295E-03
     0.19455E+01     0.69289E-02    -0.28658E-02     0.56700E-02     0.00000E+00     0.00000E+00    -0.88340E-03    -0.16261E-02    -0.30383E-03    -0.17602E-04    -0.28447E-03     0.31649E-05     0.30700E-03
     0.19523E+01     0.63762E-02    -0.28446E-02     0.53072E-02     0.00000E+00     0.00000E+00    -0.33955E-03    -0.18636E-02    -0.26926E-03     0.18126E-04    -0.28588E-03     0.27956E-05     0.27206E-03
     0.19589E+01     0.56085E-02    -0.28325E-02     0.46201E-02     0.00000E+00     0.00000E+00     0.29166E-03    -0.18628E-02    -0.22678E-03     0.62336E-04    -0.28795E-03     0.23882E-05     0.22917E-03
     0.19652E+01     0.46537E-02    -0.28735E-02     0.36636E-02     0.00000E+00     0.00000E+00     0.84549E-03    -0.14659E-02    -0.17900E-03     0.11121E-03    -0.28945E-03     0.19616E-05     0.18097E-03
     0.19713E+01     0.35811E-02    -0.30044E-02     0.25770E-02     0.00000E+00     0.00000E+00     0.11361E-02    -0.58525E-03    -0.13008E-03     0.15853E-03    -0.28825E-03     0.15391E-05     0.13162E-03
     0.19771E+01     0.24973E-02    -0.32177E-02     0.15509E-02     0.00000E+00     0.00000E+00     0.10643E-02     0.68402E-03    -0.84994E-04     0.19673E-03    -0.28175E-03     0.11440E-05     0.86138E-04
     0.19826E+01     0.15236E-02    -0.34525E-02     0.75566E-03     0.00000E+00     0.00000E+00     0.71827E-03     0.20267E-02    -0.48197E-04     0.22002E-03    -0.26847E-03     0.79505E-06     0.48992E-04
     0.19879E+01     0.76108E-03    -0.36224E-02     0.26882E-03     0.00000E+00     0.00000E+00     0.31358E-03     0.30603E-02    -0.22194E-04     0.22621E-03    -0.24861E-03     0.50241E-06     0.22696E-04
     0.19929E+01     0.26220E-03    -0.36639E-02     0.53857E-04     0.00000E+00     0.00000E+00     0.90872E-04     0.35213E-02    -0.69644E-05     0.21837E-03    -0.22677E-03     0.26623E-06     0.72306E-05
     0.19977E+01     0.27507E-04    -0.37516E-02     0.17050E-05     0.00000E+00     0.00000E+00    -0.58386E-04     0.40741E-02    -0.62250E-06     0.20673E-03    -0.20365E-03     0.78737E-07     0.70123E-06
