     0.23093E-02     0.51725E-07    -0.13636E-02     0.65527E-01     0.23500E-01    -0.22980E-04    -0.24899E-05
     0.70633E-02     0.17656E-05    -0.13085E-02     0.65579E-01     0.23447E-01    -0.21980E-03    -0.86693E-05
     0.12087E-01     0.93245E-05    -0.12494E-02     0.65630E-01     0.23397E-01    -0.64071E-03    -0.16550E-04
     0.17376E-01     0.27626E-04    -0.11821E-02     0.65679E-01     0.23349E-01    -0.12881E-02    -0.26293E-04
     0.22928E-01     0.60112E-04    -0.11034E-02     0.65725E-01     0.23305E-01    -0.21189E-02    -0.37662E-04
     0.28739E-01     0.10722E-03    -0.10132E-02     0.65769E-01     0.23263E-01    -0.30466E-02    -0.50103E-04
     0.34807E-01     0.16620E-03    -0.91434E-03     0.65808E-01     0.23225E-01    -0.39665E-02    -0.62813E-04
     0.41127E-01     0.23227E-03    -0.81170E-03     0.65845E-01     0.23190E-01    -0.47864E-02    -0.74947E-04
     0.47696E-01     0.30015E-03    -0.71046E-03     0.65878E-01     0.23158E-01    -0.54464E-02    -0.85786E-04
     0.54512E-01     0.36529E-03    -0.61501E-03     0.65909E-01     0.23129E-01    -0.59222E-02    -0.94852E-04
     0.61570E-01     0.42450E-03    -0.52830E-03     0.65936E-01     0.23103E-01    -0.62179E-02    -0.10193E-03
     0.68868E-01     0.47608E-03    -0.45181E-03     0.65961E-01     0.23079E-01    -0.63547E-02    -0.10704E-03
     0.76401E-01     0.51948E-03    -0.38582E-03     0.65984E-01     0.23058E-01    -0.63618E-02    -0.11036E-03
     0.84168E-01     0.55500E-03    -0.32980E-03     0.66005E-01     0.23038E-01    -0.62687E-02    -0.11216E-03
     0.92164E-01     0.58340E-03    -0.28274E-03     0.66024E-01     0.23020E-01    -0.61023E-02    -0.11272E-03
     0.10039E+00     0.60567E-03    -0.24346E-03     0.66041E-01     0.23004E-01    -0.58856E-02    -0.11233E-03
     0.10883E+00     0.62278E-03    -0.21078E-03     0.66057E-01     0.22988E-01    -0.56369E-02    -0.11121E-03
     0.11749E+00     0.63569E-03    -0.18361E-03     0.66071E-01     0.22975E-01    -0.53703E-02    -0.10954E-03
     0.12637E+00     0.64519E-03    -0.16099E-03     0.66084E-01     0.22962E-01    -0.50965E-02    -0.10746E-03
     0.13547E+00     0.65196E-03    -0.14213E-03     0.66096E-01     0.22950E-01    -0.48234E-02    -0.10509E-03
     0.14477E+00     0.65654E-03    -0.12636E-03     0.66108E-01     0.22939E-01    -0.45568E-02    -0.10254E-03
     0.15428E+00     0.65934E-03    -0.11317E-03     0.66118E-01     0.22929E-01    -0.43005E-02    -0.99896E-04
     0.16399E+00     0.66067E-03    -0.10213E-03     0.66128E-01     0.22920E-01    -0.40565E-02    -0.97212E-04
     0.17390E+00     0.66081E-03    -0.92871E-04     0.66137E-01     0.22912E-01    -0.38260E-02    -0.94530E-04
     0.18401E+00     0.66005E-03    -0.85086E-04     0.66145E-01     0.22903E-01    -0.36100E-02    -0.91889E-04
     0.19431E+00     0.65862E-03    -0.78496E-04     0.66153E-01     0.22896E-01    -0.34087E-02    -0.89317E-04
     0.20480E+00     0.65680E-03    -0.72843E-04     0.66160E-01     0.22889E-01    -0.32224E-02    -0.86832E-04
     0.21547E+00     0.65478E-03    -0.67959E-04     0.66167E-01     0.22882E-01    -0.30507E-02    -0.84444E-04
     0.22633E+00     0.65264E-03    -0.63740E-04     0.66173E-01     0.22876E-01    -0.28922E-02    -0.82163E-04
     0.23737E+00     0.65045E-03    -0.60098E-04     0.66179E-01     0.22871E-01    -0.27455E-02    -0.79995E-04
     0.24859E+00     0.64823E-03    -0.56952E-04     0.66185E-01     0.22865E-01    -0.26100E-02    -0.77942E-04
     0.25997E+00     0.64599E-03    -0.54196E-04     0.66190E-01     0.22860E-01    -0.24852E-02    -0.76011E-04
     0.27153E+00     0.64373E-03    -0.51735E-04     0.66195E-01     0.22856E-01    -0.23705E-02    -0.74199E-04
     0.28325E+00     0.64140E-03    -0.49522E-04     0.66199E-01     0.22851E-01    -0.22649E-02    -0.72508E-04
     0.29514E+00     0.63901E-03    -0.47535E-04     0.66203E-01     0.22847E-01    -0.21675E-02    -0.70945E-04
     0.30719E+00     0.63663E-03    -0.45770E-04     0.66207E-01     0.22843E-01    -0.20776E-02    -0.69524E-04
     0.31939E+00     0.63431E-03    -0.44235E-04     0.66211E-01     0.22839E-01    -0.19945E-02    -0.68254E-04
     0.33174E+00     0.63203E-03    -0.42918E-04     0.66215E-01     0.22836E-01    -0.19176E-02    -0.67138E-04
     0.34425E+00     0.62973E-03    -0.41786E-04     0.66218E-01     0.22833E-01    -0.18462E-02    -0.66153E-04
     0.35690E+00     0.62742E-03    -0.40802E-04     0.66221E-01     0.22830E-01    -0.17802E-02    -0.65265E-04
     0.36969E+00     0.62518E-03    -0.39923E-04     0.66224E-01     0.22827E-01    -0.17190E-02    -0.64457E-04
     0.38262E+00     0.62307E-03    -0.39120E-04     0.66227E-01     0.22824E-01    -0.16623E-02    -0.63726E-04
     0.39569E+00     0.62107E-03    -0.38408E-04     0.66229E-01     0.22822E-01    -0.16099E-02    -0.63057E-04
     0.40890E+00     0.61908E-03    -0.37834E-04     0.66232E-01     0.22819E-01    -0.15612E-02    -0.62422E-04
     0.42223E+00     0.61704E-03    -0.37389E-04     0.66234E-01     0.22817E-01    -0.15155E-02    -0.61788E-04
     0.43569E+00     0.61503E-03    -0.37017E-04     0.66236E-01     0.22815E-01    -0.14727E-02    -0.61138E-04
     0.44927E+00     0.61312E-03    -0.36687E-04     0.66238E-01     0.22813E-01    -0.14321E-02    -0.60466E-04
     0.46297E+00     0.61131E-03    -0.36378E-04     0.66240E-01     0.22811E-01    -0.13932E-02    -0.59788E-04
     0.47679E+00     0.60959E-03    -0.36101E-04     0.66242E-01     0.22810E-01    -0.13559E-02    -0.59135E-04
     0.49072E+00     0.60787E-03    -0.35890E-04     0.66243E-01     0.22808E-01    -0.13198E-02    -0.58510E-04
     0.50476E+00     0.60621E-03    -0.35738E-04     0.66245E-01     0.22807E-01    -0.12847E-02    -0.57884E-04
     0.51891E+00     0.60474E-03    -0.35626E-04     0.66246E-01     0.22805E-01    -0.12505E-02    -0.57229E-04
     0.53316E+00     0.60349E-03    -0.35558E-04     0.66247E-01     0.22804E-01    -0.12175E-02    -0.56528E-04
     0.54751E+00     0.60246E-03    -0.35522E-04     0.66249E-01     0.22803E-01    -0.11857E-02    -0.55759E-04
     0.56196E+00     0.60159E-03    -0.35492E-04     0.66250E-01     0.22802E-01    -0.11550E-02    -0.54900E-04
     0.57649E+00     0.60085E-03    -0.35491E-04     0.66250E-01     0.22802E-01    -0.11247E-02    -0.53932E-04
     0.59112E+00     0.60017E-03    -0.35550E-04     0.66251E-01     0.22801E-01    -0.10946E-02    -0.52852E-04
     0.60584E+00     0.59954E-03    -0.35682E-04     0.66252E-01     0.22800E-01    -0.10645E-02    -0.51665E-04
     0.62064E+00     0.59889E-03    -0.35880E-04     0.66252E-01     0.22800E-01    -0.10343E-02    -0.50386E-04
     0.63552E+00     0.59825E-03    -0.36091E-04     0.66252E-01     0.22800E-01    -0.10039E-02    -0.49035E-04
     0.65047E+00     0.59770E-03    -0.36282E-04     0.66252E-01     0.22800E-01    -0.97323E-03    -0.47635E-04
     0.66550E+00     0.59727E-03    -0.36479E-04     0.66252E-01     0.22800E-01    -0.94209E-03    -0.46201E-04
     0.68060E+00     0.59694E-03    -0.36704E-04     0.66252E-01     0.22800E-01    -0.91042E-03    -0.44730E-04
     0.69576E+00     0.59674E-03    -0.36970E-04     0.66252E-01     0.22800E-01    -0.87807E-03    -0.43201E-04
     0.71099E+00     0.59671E-03    -0.37290E-04     0.66251E-01     0.22801E-01    -0.84491E-03    -0.41601E-04
     0.72628E+00     0.59693E-03    -0.37638E-04     0.66251E-01     0.22802E-01    -0.81091E-03    -0.39930E-04
     0.74162E+00     0.59744E-03    -0.37978E-04     0.66250E-01     0.22803E-01    -0.77594E-03    -0.38187E-04
     0.75702E+00     0.59820E-03    -0.38309E-04     0.66249E-01     0.22804E-01    -0.73987E-03    -0.36379E-04
     0.77247E+00     0.59915E-03    -0.38645E-04     0.66247E-01     0.22805E-01    -0.70249E-03    -0.34512E-04
     0.78796E+00     0.60029E-03    -0.38980E-04     0.66246E-01     0.22807E-01    -0.66358E-03    -0.32593E-04
     0.80350E+00     0.60159E-03    -0.39318E-04     0.66244E-01     0.22809E-01    -0.62283E-03    -0.30621E-04
     0.81907E+00     0.60301E-03    -0.39684E-04     0.66242E-01     0.22811E-01    -0.57990E-03    -0.28579E-04
     0.83469E+00     0.60455E-03    -0.40112E-04     0.66240E-01     0.22813E-01    -0.53479E-03    -0.26446E-04
     0.85033E+00     0.60623E-03    -0.40602E-04     0.66238E-01     0.22816E-01    -0.48765E-03    -0.24201E-04
     0.86601E+00     0.60818E-03    -0.41116E-04     0.66235E-01     0.22818E-01    -0.43836E-03    -0.21829E-04
     0.88171E+00     0.61047E-03    -0.41629E-04     0.66232E-01     0.22821E-01    -0.38655E-03    -0.19322E-04
     0.89744E+00     0.61311E-03    -0.42136E-04     0.66229E-01     0.22825E-01    -0.33228E-03    -0.16687E-04
     0.91319E+00     0.61612E-03    -0.42620E-04     0.66225E-01     0.22828E-01    -0.27582E-03    -0.13931E-04
     0.92895E+00     0.61951E-03    -0.43066E-04     0.66221E-01     0.22832E-01    -0.21742E-03    -0.11069E-04
     0.94473E+00     0.62332E-03    -0.43465E-04     0.66217E-01     0.22837E-01    -0.15724E-03    -0.81202E-05
     0.96051E+00     0.62751E-03    -0.43815E-04     0.66213E-01     0.22841E-01    -0.95467E-04    -0.50885E-05
     0.97631E+00     0.63201E-03    -0.44137E-04     0.66208E-01     0.22846E-01    -0.32256E-04    -0.19668E-05
     0.99210E+00     0.63679E-03    -0.44453E-04     0.66203E-01     0.22852E-01     0.32054E-04     0.12436E-05
     0.10079E+01     0.64194E-03    -0.44729E-04     0.66197E-01     0.22857E-01     0.97071E-04     0.45221E-05
     0.10237E+01     0.64753E-03    -0.44922E-04     0.66192E-01     0.22863E-01     0.16267E-03     0.78372E-05
     0.10395E+01     0.65353E-03    -0.45072E-04     0.66185E-01     0.22869E-01     0.22882E-03     0.11157E-04
     0.10553E+01     0.65986E-03    -0.45254E-04     0.66179E-01     0.22876E-01     0.29528E-03     0.14445E-04
     0.10711E+01     0.66648E-03    -0.45482E-04     0.66172E-01     0.22883E-01     0.36172E-03     0.17664E-04
     0.10868E+01     0.67343E-03    -0.45734E-04     0.66165E-01     0.22890E-01     0.42796E-03     0.20794E-04
     0.11026E+01     0.68078E-03    -0.45992E-04     0.66157E-01     0.22898E-01     0.49393E-03     0.23845E-04
     0.11183E+01     0.68847E-03    -0.46241E-04     0.66150E-01     0.22906E-01     0.55942E-03     0.26829E-04
     0.11340E+01     0.69646E-03    -0.46475E-04     0.66141E-01     0.22914E-01     0.62420E-03     0.29753E-04
     0.11497E+01     0.70476E-03    -0.46687E-04     0.66133E-01     0.22923E-01     0.68816E-03     0.32613E-04
     0.11653E+01     0.71337E-03    -0.46887E-04     0.66124E-01     0.22932E-01     0.75148E-03     0.35397E-04
     0.11809E+01     0.72230E-03    -0.47075E-04     0.66115E-01     0.22941E-01     0.81434E-03     0.38100E-04
     0.11965E+01     0.73160E-03    -0.47231E-04     0.66105E-01     0.22951E-01     0.87666E-03     0.40720E-04
     0.12120E+01     0.74128E-03    -0.47379E-04     0.66095E-01     0.22961E-01     0.93818E-03     0.43248E-04
     0.12275E+01     0.75141E-03    -0.47545E-04     0.66085E-01     0.22971E-01     0.99895E-03     0.45666E-04
     0.12430E+01     0.76207E-03    -0.47690E-04     0.66075E-01     0.22982E-01     0.10592E-02     0.47966E-04
     0.12584E+01     0.77313E-03    -0.47780E-04     0.66064E-01     0.22993E-01     0.11189E-02     0.50158E-04
     0.12737E+01     0.78440E-03    -0.47824E-04     0.66053E-01     0.23004E-01     0.11785E-02     0.52255E-04
     0.12890E+01     0.79571E-03    -0.47886E-04     0.66041E-01     0.23016E-01     0.12376E-02     0.54255E-04
     0.13042E+01     0.80705E-03    -0.48054E-04     0.66030E-01     0.23028E-01     0.12960E-02     0.56136E-04
     0.13194E+01     0.81860E-03    -0.48329E-04     0.66018E-01     0.23040E-01     0.13538E-02     0.57884E-04
     0.13345E+01     0.83055E-03    -0.48655E-04     0.66005E-01     0.23052E-01     0.14117E-02     0.59500E-04
     0.13495E+01     0.84292E-03    -0.48992E-04     0.65993E-01     0.23065E-01     0.14702E-02     0.60995E-04
     0.13645E+01     0.85557E-03    -0.49368E-04     0.65980E-01     0.23078E-01     0.15296E-02     0.62410E-04
     0.13794E+01     0.86834E-03    -0.49832E-04     0.65967E-01     0.23091E-01     0.15900E-02     0.63792E-04
     0.13942E+01     0.88119E-03    -0.50387E-04     0.65953E-01     0.23104E-01     0.16519E-02     0.65169E-04
     0.14089E+01     0.89406E-03    -0.51044E-04     0.65940E-01     0.23118E-01     0.17158E-02     0.66548E-04
     0.14235E+01     0.90697E-03    -0.51829E-04     0.65926E-01     0.23132E-01     0.17820E-02     0.67917E-04
     0.14380E+01     0.92010E-03    -0.52694E-04     0.65912E-01     0.23146E-01     0.18510E-02     0.69263E-04
     0.14525E+01     0.93358E-03    -0.53548E-04     0.65897E-01     0.23161E-01     0.19231E-02     0.70598E-04
     0.14668E+01     0.94749E-03    -0.54334E-04     0.65883E-01     0.23176E-01     0.19986E-02     0.71949E-04
     0.14811E+01     0.96178E-03    -0.55059E-04     0.65868E-01     0.23191E-01     0.20775E-02     0.73357E-04
     0.14952E+01     0.97621E-03    -0.55842E-04     0.65852E-01     0.23206E-01     0.21601E-02     0.74866E-04
     0.15093E+01     0.99086E-03    -0.56745E-04     0.65837E-01     0.23222E-01     0.22466E-02     0.76510E-04
     0.15232E+01     0.10057E-02    -0.57760E-04     0.65821E-01     0.23238E-01     0.23373E-02     0.78289E-04
     0.15370E+01     0.10206E-02    -0.58953E-04     0.65805E-01     0.23254E-01     0.24327E-02     0.80189E-04
     0.15507E+01     0.10357E-02    -0.60321E-04     0.65789E-01     0.23270E-01     0.25333E-02     0.82196E-04
     0.15643E+01     0.10510E-02    -0.61820E-04     0.65772E-01     0.23287E-01     0.26405E-02     0.84282E-04
     0.15778E+01     0.10662E-02    -0.63487E-04     0.65755E-01     0.23304E-01     0.27549E-02     0.86411E-04
     0.15911E+01     0.10815E-02    -0.65366E-04     0.65738E-01     0.23321E-01     0.28768E-02     0.88543E-04
     0.16043E+01     0.10969E-02    -0.67403E-04     0.65720E-01     0.23339E-01     0.30064E-02     0.90645E-04
     0.16174E+01     0.11124E-02    -0.69534E-04     0.65703E-01     0.23357E-01     0.31437E-02     0.92698E-04
     0.16303E+01     0.11279E-02    -0.71794E-04     0.65685E-01     0.23375E-01     0.32893E-02     0.94702E-04
     0.16431E+01     0.11434E-02    -0.74224E-04     0.65666E-01     0.23394E-01     0.34439E-02     0.96669E-04
     0.16558E+01     0.11591E-02    -0.76885E-04     0.65647E-01     0.23413E-01     0.36090E-02     0.98636E-04
     0.16683E+01     0.11749E-02    -0.79878E-04     0.65628E-01     0.23432E-01     0.37853E-02     0.10065E-03
     0.16806E+01     0.11909E-02    -0.83191E-04     0.65609E-01     0.23451E-01     0.39743E-02     0.10276E-03
     0.16928E+01     0.12073E-02    -0.86761E-04     0.65589E-01     0.23471E-01     0.41772E-02     0.10497E-03
     0.17049E+01     0.12238E-02    -0.90644E-04     0.65569E-01     0.23492E-01     0.43951E-02     0.10727E-03
     0.17167E+01     0.12403E-02    -0.94974E-04     0.65548E-01     0.23512E-01     0.46286E-02     0.10963E-03
     0.17285E+01     0.12565E-02    -0.99901E-04     0.65527E-01     0.23534E-01     0.48794E-02     0.11198E-03
     0.17400E+01     0.12723E-02    -0.10557E-03     0.65506E-01     0.23555E-01     0.51495E-02     0.11430E-03
     0.17514E+01     0.12877E-02    -0.11205E-03     0.65484E-01     0.23577E-01     0.54409E-02     0.11659E-03
     0.17626E+01     0.13027E-02    -0.11939E-03     0.65462E-01     0.23600E-01     0.57556E-02     0.11891E-03
     0.17737E+01     0.13170E-02    -0.12776E-03     0.65439E-01     0.23623E-01     0.60962E-02     0.12131E-03
     0.17845E+01     0.13305E-02    -0.13740E-03     0.65416E-01     0.23646E-01     0.64654E-02     0.12381E-03
     0.17952E+01     0.13429E-02    -0.14854E-03     0.65392E-01     0.23670E-01     0.68654E-02     0.12638E-03
     0.18057E+01     0.13540E-02    -0.16141E-03     0.65368E-01     0.23695E-01     0.72981E-02     0.12898E-03
     0.18160E+01     0.13638E-02    -0.17631E-03     0.65343E-01     0.23720E-01     0.77648E-02     0.13155E-03
     0.18261E+01     0.13718E-02    -0.19371E-03     0.65317E-01     0.23746E-01     0.82656E-02     0.13408E-03
     0.18360E+01     0.13776E-02    -0.21430E-03     0.65290E-01     0.23773E-01     0.87996E-02     0.13655E-03
     0.18457E+01     0.13803E-02    -0.23873E-03     0.65263E-01     0.23801E-01     0.93657E-02     0.13896E-03
     0.18552E+01     0.13795E-02    -0.26774E-03     0.65235E-01     0.23829E-01     0.99604E-02     0.14126E-03
     0.18645E+01     0.13741E-02    -0.30223E-03     0.65206E-01     0.23859E-01     0.10578E-01     0.14338E-03
     0.18736E+01     0.13631E-02    -0.34332E-03     0.65176E-01     0.23890E-01     0.11208E-01     0.14517E-03
     0.18825E+01     0.13454E-02    -0.39235E-03     0.65145E-01     0.23921E-01     0.11839E-01     0.14647E-03
     0.18912E+01     0.13194E-02    -0.45091E-03     0.65112E-01     0.23955E-01     0.12450E-01     0.14707E-03
     0.18996E+01     0.12835E-02    -0.52089E-03     0.65078E-01     0.23989E-01     0.13016E-01     0.14671E-03
     0.19078E+01     0.12356E-02    -0.60437E-03     0.65042E-01     0.24026E-01     0.13503E-01     0.14514E-03
     0.19158E+01     0.11738E-02    -0.70348E-03     0.65005E-01     0.24064E-01     0.13869E-01     0.14211E-03
     0.19236E+01     0.10961E-02    -0.82015E-03     0.64966E-01     0.24104E-01     0.14062E-01     0.13735E-03
     0.19311E+01     0.10013E-02    -0.95583E-03     0.64925E-01     0.24146E-01     0.14023E-01     0.13062E-03
     0.19384E+01     0.88926E-03    -0.11109E-02     0.64882E-01     0.24190E-01     0.13688E-01     0.12178E-03
     0.19455E+01     0.76154E-03    -0.12837E-02     0.64837E-01     0.24236E-01     0.12996E-01     0.11083E-03
     0.19523E+01     0.62239E-03    -0.14702E-02     0.64789E-01     0.24285E-01     0.11908E-01     0.98002E-04
     0.19589E+01     0.47896E-03    -0.16631E-02     0.64740E-01     0.24336E-01     0.10423E-01     0.83775E-04
     0.19652E+01     0.34095E-03    -0.18526E-02     0.64688E-01     0.24388E-01     0.86017E-02     0.68852E-04
     0.19713E+01     0.21912E-03    -0.20277E-02     0.64635E-01     0.24442E-01     0.65819E-02     0.54062E-04
     0.19771E+01     0.12273E-03    -0.21787E-02     0.64580E-01     0.24497E-01     0.45642E-02     0.40214E-04
     0.19826E+01     0.56641E-04    -0.23002E-02     0.64525E-01     0.24553E-01     0.27698E-02     0.27954E-04
     0.19879E+01     0.19366E-04    -0.23933E-02     0.64469E-01     0.24609E-01     0.13768E-02     0.17640E-04
     0.19929E+01     0.37679E-05    -0.24644E-02     0.64413E-01     0.24664E-01     0.47232E-03     0.93076E-05
     0.19977E+01     0.11652E-06    -0.25228E-02     0.64360E-01     0.24718E-01     0.49371E-04     0.27306E-05
