     0.23093E-02     0.20238E-02     0.59014E-02     0.98855E-01     0.96147E-02     0.11779E-03     0.21811E-02     0.39167E-02    -0.44101E-06     0.78107E-05    -0.40614E-05    -0.23421E-06     0.20006E-03     0.30473E+02     0.99203E+00     0.74591E-01     0.20022E+02
     0.70633E-02     0.62466E-02     0.18798E-01     0.29839E+00     0.99115E-02     0.36457E-03     0.69920E-02     0.11868E-01    -0.16159E-05     0.74023E-04    -0.43330E-04    -0.22731E-05     0.18639E-02     0.29688E+02     0.97581E+00     0.75525E-01     0.20011E+02
     0.12087E-01     0.10671E-01     0.32416E-01     0.49824E+00     0.10268E-01     0.63459E-03     0.12327E-01     0.20126E-01    -0.31682E-05     0.21466E-03    -0.13119E-03    -0.67674E-05     0.53166E-02     0.28906E+02     0.95930E+00     0.76494E-01     0.20001E+02
     0.17376E-01     0.15208E-01     0.46474E-01     0.69403E+00     0.10690E-01     0.92254E-03     0.18015E-01     0.28488E-01    -0.51945E-05     0.43313E-03    -0.27357E-03    -0.14025E-04     0.10554E-01     0.28133E+02     0.94262E+00     0.77491E-01     0.19989E+02
     0.22928E-01     0.19704E-01     0.60501E-01     0.87939E+00     0.11178E-01     0.12190E-02     0.23858E-01     0.36667E-01    -0.77527E-05     0.72239E-03    -0.46966E-03    -0.24013E-04     0.17325E-01     0.27378E+02     0.92595E+00     0.78507E-01     0.19976E+02
     0.28739E-01     0.23970E-01     0.73900E-01     0.10473E+01     0.11729E-01     0.15110E-02     0.29598E-01     0.44326E-01    -0.10833E-04     0.10624E-02    -0.70892E-03    -0.36209E-04     0.25099E-01     0.26648E+02     0.90950E+00     0.79530E-01     0.19963E+02
     0.34807E-01     0.27822E-01     0.86081E-01     0.11918E+01     0.12333E-01     0.17848E-02     0.34958E-01     0.51146E-01    -0.14345E-04     0.14228E-02    -0.97197E-03    -0.49642E-04     0.33149E-01     0.25952E+02     0.89350E+00     0.80544E-01     0.19949E+02
     0.41127E-01     0.31120E-01     0.96588E-01     0.13092E+01     0.12977E-01     0.20287E-02     0.39711E-01     0.56902E-01    -0.18128E-04     0.17706E-02    -0.12351E-02    -0.63114E-04     0.40730E-01     0.25300E+02     0.87817E+00     0.81531E-01     0.19934E+02
     0.47696E-01     0.33791E-01     0.10516E+00     0.13984E+01     0.13642E-01     0.22350E-02     0.43705E-01     0.61482E-01    -0.21982E-04     0.20774E-02    -0.14760E-02    -0.75499E-04     0.47238E-01     0.24695E+02     0.86373E+00     0.82477E-01     0.19919E+02
     0.54512E-01     0.35823E-01     0.11175E+00     0.14607E+01     0.14312E-01     0.24005E-02     0.46881E-01     0.64889E-01    -0.25704E-04     0.23244E-02    -0.16786E-02    -0.85965E-04     0.52310E-01     0.24144E+02     0.85032E+00     0.83368E-01     0.19902E+02
     0.61570E-01     0.37255E-01     0.11644E+00     0.14991E+01     0.14969E-01     0.25257E-02     0.49254E-01     0.67213E-01    -0.29122E-04     0.25039E-02    -0.18340E-02    -0.94066E-04     0.55829E-01     0.23645E+02     0.83802E+00     0.84197E-01     0.19885E+02
     0.68868E-01     0.38157E-01     0.11946E+00     0.15172E+01     0.15599E-01     0.26140E-02     0.50891E-01     0.68593E-01    -0.32116E-04     0.26171E-02    -0.19409E-02    -0.99708E-04     0.57872E-01     0.23199E+02     0.82686E+00     0.84957E-01     0.19868E+02
     0.76401E-01     0.38613E-01     0.12105E+00     0.15191E+01     0.16193E-01     0.26700E-02     0.51889E-01     0.69188E-01    -0.34618E-04     0.26713E-02    -0.20026E-02    -0.10306E-03     0.58634E-01     0.22803E+02     0.81682E+00     0.85649E-01     0.19849E+02
     0.84168E-01     0.38707E-01     0.12149E+00     0.15083E+01     0.16744E-01     0.26990E-02     0.52356E-01     0.69157E-01    -0.36609E-04     0.26767E-02    -0.20256E-02    -0.10444E-03     0.58362E-01     0.22452E+02     0.80784E+00     0.86273E-01     0.19830E+02
     0.92164E-01     0.38520E-01     0.12101E+00     0.14882E+01     0.17247E-01     0.27062E-02     0.52394E-01     0.68642E-01    -0.38107E-04     0.26439E-02    -0.20173E-02    -0.10421E-03     0.57303E-01     0.22142E+02     0.79984E+00     0.86834E-01     0.19810E+02
     0.10039E+00     0.38119E-01     0.11984E+00     0.14613E+01     0.17703E-01     0.26962E-02     0.52097E-01     0.67767E-01    -0.39156E-04     0.25830E-02    -0.19850E-02    -0.10274E-03     0.55681E-01     0.21868E+02     0.79271E+00     0.87337E-01     0.19789E+02
     0.10883E+00     0.37561E-01     0.11815E+00     0.14298E+01     0.18111E-01     0.26731E-02     0.51545E-01     0.66632E-01    -0.39811E-04     0.25025E-02    -0.19352E-02    -0.10037E-03     0.53683E-01     0.21627E+02     0.78637E+00     0.87787E-01     0.19768E+02
     0.11749E+00     0.36893E-01     0.11610E+00     0.13953E+01     0.18475E-01     0.26402E-02     0.50807E-01     0.65319E-01    -0.40134E-04     0.24096E-02    -0.18735E-02    -0.97370E-04     0.51459E-01     0.21413E+02     0.78072E+00     0.88191E-01     0.19746E+02
     0.12637E+00     0.36153E-01     0.11381E+00     0.13593E+01     0.18798E-01     0.26005E-02     0.49937E-01     0.63893E-01    -0.40188E-04     0.23097E-02    -0.18045E-02    -0.93981E-04     0.49125E-01     0.21222E+02     0.77567E+00     0.88554E-01     0.19724E+02
     0.13547E+00     0.35371E-01     0.11137E+00     0.13227E+01     0.19084E-01     0.25562E-02     0.48984E-01     0.62408E-01    -0.40029E-04     0.22073E-02    -0.17318E-02    -0.90383E-04     0.46768E-01     0.21052E+02     0.77113E+00     0.88881E-01     0.19701E+02
     0.14477E+00     0.34570E-01     0.10886E+00     0.12863E+01     0.19337E-01     0.25092E-02     0.47981E-01     0.60903E-01    -0.39710E-04     0.21052E-02    -0.16579E-02    -0.86715E-04     0.44452E-01     0.20899E+02     0.76703E+00     0.89178E-01     0.19677E+02
     0.15428E+00     0.33769E-01     0.10634E+00     0.12506E+01     0.19562E-01     0.24610E-02     0.46957E-01     0.59405E-01    -0.39272E-04     0.20058E-02    -0.15849E-02    -0.83075E-04     0.42215E-01     0.20762E+02     0.76332E+00     0.89448E-01     0.19653E+02
     0.16399E+00     0.32977E-01     0.10384E+00     0.12159E+01     0.19763E-01     0.24125E-02     0.45932E-01     0.57934E-01    -0.38751E-04     0.19103E-02    -0.15139E-02    -0.79529E-04     0.40082E-01     0.20636E+02     0.75993E+00     0.89695E-01     0.19628E+02
     0.17390E+00     0.32205E-01     0.10140E+00     0.11825E+01     0.19944E-01     0.23645E-02     0.44919E-01     0.56505E-01    -0.38178E-04     0.18196E-02    -0.14458E-02    -0.76121E-04     0.38068E-01     0.20522E+02     0.75682E+00     0.89923E-01     0.19603E+02
     0.18401E+00     0.31458E-01     0.99032E-01     0.11505E+01     0.20108E-01     0.23175E-02     0.43929E-01     0.55127E-01    -0.37574E-04     0.17340E-02    -0.13811E-02    -0.72877E-04     0.36178E-01     0.20417E+02     0.75395E+00     0.90133E-01     0.19577E+02
     0.19431E+00     0.30739E-01     0.96752E-01     0.11200E+01     0.20258E-01     0.22720E-02     0.42970E-01     0.53807E-01    -0.36959E-04     0.16538E-02    -0.13201E-02    -0.69814E-04     0.34416E-01     0.20319E+02     0.75129E+00     0.90330E-01     0.19550E+02
     0.20480E+00     0.30054E-01     0.94572E-01     0.10911E+01     0.20399E-01     0.22282E-02     0.42048E-01     0.52549E-01    -0.36349E-04     0.15792E-02    -0.12630E-02    -0.66944E-04     0.32780E-01     0.20229E+02     0.74880E+00     0.90514E-01     0.19524E+02
     0.21547E+00     0.29404E-01     0.92500E-01     0.10638E+01     0.20532E-01     0.21866E-02     0.41168E-01     0.51357E-01    -0.35755E-04     0.15099E-02    -0.12097E-02    -0.64270E-04     0.31269E-01     0.20144E+02     0.74646E+00     0.90687E-01     0.19496E+02
     0.22633E+00     0.28789E-01     0.90535E-01     0.10381E+01     0.20659E-01     0.21470E-02     0.40331E-01     0.50230E-01    -0.35188E-04     0.14459E-02    -0.11603E-02    -0.61786E-04     0.29874E-01     0.20064E+02     0.74425E+00     0.90851E-01     0.19468E+02
     0.23737E+00     0.28208E-01     0.88679E-01     0.10138E+01     0.20783E-01     0.21096E-02     0.39537E-01     0.49168E-01    -0.34654E-04     0.13868E-02    -0.11145E-02    -0.59485E-04     0.28589E-01     0.19988E+02     0.74215E+00     0.91008E-01     0.19440E+02
     0.24859E+00     0.27662E-01     0.86930E-01     0.99111E+00     0.20906E-01     0.20744E-02     0.38787E-01     0.48170E-01    -0.34158E-04     0.13323E-02    -0.10721E-02    -0.57361E-04     0.27407E-01     0.19916E+02     0.74015E+00     0.91157E-01     0.19411E+02
     0.25997E+00     0.27152E-01     0.85292E-01     0.96986E+00     0.21029E-01     0.20415E-02     0.38083E-01     0.47236E-01    -0.33707E-04     0.12824E-02    -0.10332E-02    -0.55411E-04     0.26325E-01     0.19847E+02     0.73822E+00     0.91301E-01     0.19381E+02
     0.27153E+00     0.26679E-01     0.83769E-01     0.95012E+00     0.21154E-01     0.20112E-02     0.37428E-01     0.46370E-01    -0.33304E-04     0.12369E-02    -0.99771E-03    -0.53635E-04     0.25340E-01     0.19781E+02     0.73638E+00     0.91440E-01     0.19351E+02
     0.28325E+00     0.26244E-01     0.82366E-01     0.93191E+00     0.21282E-01     0.19834E-02     0.36823E-01     0.45572E-01    -0.32956E-04     0.11958E-02    -0.96554E-03    -0.52032E-04     0.24449E-01     0.19717E+02     0.73459E+00     0.91575E-01     0.19321E+02
     0.29514E+00     0.25846E-01     0.81081E-01     0.91517E+00     0.21414E-01     0.19582E-02     0.36268E-01     0.44842E-01    -0.32663E-04     0.11588E-02    -0.93656E-03    -0.50593E-04     0.23646E-01     0.19656E+02     0.73286E+00     0.91705E-01     0.19290E+02
     0.30719E+00     0.25485E-01     0.79908E-01     0.89984E+00     0.21552E-01     0.19356E-02     0.35762E-01     0.44176E-01    -0.32426E-04     0.11257E-02    -0.91055E-03    -0.49309E-04     0.22925E-01     0.19596E+02     0.73118E+00     0.91832E-01     0.19259E+02
     0.31939E+00     0.25158E-01     0.78844E-01     0.88584E+00     0.21696E-01     0.19154E-02     0.35303E-01     0.43571E-01    -0.32243E-04     0.10960E-02    -0.88730E-03    -0.48169E-04     0.22279E-01     0.19539E+02     0.72955E+00     0.91956E-01     0.19227E+02
     0.33174E+00     0.24864E-01     0.77881E-01     0.87307E+00     0.21847E-01     0.18975E-02     0.34888E-01     0.43024E-01    -0.32110E-04     0.10696E-02    -0.86655E-03    -0.47159E-04     0.21700E-01     0.19482E+02     0.72795E+00     0.92078E-01     0.19195E+02
     0.34425E+00     0.24599E-01     0.77010E-01     0.86143E+00     0.22005E-01     0.18817E-02     0.34512E-01     0.42530E-01    -0.32026E-04     0.10460E-02    -0.84806E-03    -0.46268E-04     0.21183E-01     0.19427E+02     0.72639E+00     0.92197E-01     0.19163E+02
     0.35690E+00     0.24362E-01     0.76230E-01     0.85088E+00     0.22171E-01     0.18680E-02     0.34176E-01     0.42086E-01    -0.31990E-04     0.10252E-02    -0.83171E-03    -0.45490E-04     0.20723E-01     0.19374E+02     0.72485E+00     0.92315E-01     0.19130E+02
     0.36969E+00     0.24156E-01     0.75542E-01     0.84142E+00     0.22344E-01     0.18564E-02     0.33881E-01     0.41694E-01    -0.32003E-04     0.10070E-02    -0.81750E-03    -0.44825E-04     0.20318E-01     0.19321E+02     0.72334E+00     0.92430E-01     0.19097E+02
     0.38262E+00     0.23979E-01     0.74947E-01     0.83305E+00     0.22525E-01     0.18471E-02     0.33627E-01     0.41354E-01    -0.32064E-04     0.99146E-03    -0.80539E-03    -0.44272E-04     0.19969E-01     0.19269E+02     0.72184E+00     0.92545E-01     0.19063E+02
     0.39569E+00     0.23830E-01     0.74440E-01     0.82571E+00     0.22714E-01     0.18398E-02     0.33412E-01     0.41063E-01    -0.32174E-04     0.97838E-03    -0.79523E-03    -0.43823E-04     0.19670E-01     0.19218E+02     0.72037E+00     0.92658E-01     0.19029E+02
     0.40890E+00     0.23706E-01     0.74013E-01     0.81930E+00     0.22912E-01     0.18344E-02     0.33231E-01     0.40817E-01    -0.32332E-04     0.96746E-03    -0.78680E-03    -0.43468E-04     0.19416E-01     0.19167E+02     0.71891E+00     0.92771E-01     0.18995E+02
     0.42223E+00     0.23605E-01     0.73655E-01     0.81371E+00     0.23117E-01     0.18307E-02     0.33081E-01     0.40610E-01    -0.32537E-04     0.95844E-03    -0.77987E-03    -0.43195E-04     0.19201E-01     0.19117E+02     0.71747E+00     0.92882E-01     0.18960E+02
     0.43569E+00     0.23524E-01     0.73361E-01     0.80886E+00     0.23331E-01     0.18285E-02     0.32958E-01     0.40439E-01    -0.32787E-04     0.95115E-03    -0.77431E-03    -0.42996E-04     0.19022E-01     0.19067E+02     0.71603E+00     0.92994E-01     0.18925E+02
     0.44927E+00     0.23465E-01     0.73133E-01     0.80478E+00     0.23552E-01     0.18280E-02     0.32865E-01     0.40305E-01    -0.33085E-04     0.94560E-03    -0.77014E-03    -0.42874E-04     0.18878E-01     0.19018E+02     0.71461E+00     0.93104E-01     0.18890E+02
     0.46297E+00     0.23427E-01     0.72971E-01     0.80145E+00     0.23781E-01     0.18290E-02     0.32801E-01     0.40208E-01    -0.33431E-04     0.94180E-03    -0.76737E-03    -0.42830E-04     0.18769E-01     0.18969E+02     0.71318E+00     0.93215E-01     0.18854E+02
     0.47679E+00     0.23411E-01     0.72876E-01     0.79888E+00     0.24018E-01     0.18318E-02     0.32766E-01     0.40148E-01    -0.33827E-04     0.93973E-03    -0.76601E-03    -0.42864E-04     0.18696E-01     0.18921E+02     0.71176E+00     0.93326E-01     0.18818E+02
     0.49072E+00     0.23417E-01     0.72850E-01     0.79708E+00     0.24263E-01     0.18363E-02     0.32763E-01     0.40126E-01    -0.34276E-04     0.93947E-03    -0.76610E-03    -0.42980E-04     0.18658E-01     0.18872E+02     0.71034E+00     0.93436E-01     0.18781E+02
     0.50476E+00     0.23445E-01     0.72893E-01     0.79605E+00     0.24516E-01     0.18425E-02     0.32790E-01     0.40142E-01    -0.34778E-04     0.94098E-03    -0.76763E-03    -0.43178E-04     0.18657E-01     0.18824E+02     0.70893E+00     0.93547E-01     0.18745E+02
     0.51891E+00     0.23493E-01     0.72999E-01     0.79572E+00     0.24776E-01     0.18503E-02     0.32845E-01     0.40194E-01    -0.35332E-04     0.94414E-03    -0.77049E-03    -0.43450E-04     0.18688E-01     0.18776E+02     0.70751E+00     0.93658E-01     0.18708E+02
     0.53316E+00     0.23561E-01     0.73163E-01     0.79604E+00     0.25044E-01     0.18596E-02     0.32925E-01     0.40278E-01    -0.35935E-04     0.94882E-03    -0.77458E-03    -0.43794E-04     0.18749E-01     0.18728E+02     0.70609E+00     0.93770E-01     0.18670E+02
     0.54751E+00     0.23646E-01     0.73382E-01     0.79697E+00     0.25319E-01     0.18704E-02     0.33030E-01     0.40392E-01    -0.36586E-04     0.95497E-03    -0.77985E-03    -0.44207E-04     0.18838E-01     0.18680E+02     0.70467E+00     0.93882E-01     0.18633E+02
     0.56196E+00     0.23749E-01     0.73655E-01     0.79849E+00     0.25601E-01     0.18825E-02     0.33159E-01     0.40537E-01    -0.37285E-04     0.96255E-03    -0.78629E-03    -0.44687E-04     0.18956E-01     0.18632E+02     0.70325E+00     0.93994E-01     0.18595E+02
     0.57649E+00     0.23869E-01     0.73982E-01     0.80060E+00     0.25890E-01     0.18960E-02     0.33312E-01     0.40711E-01    -0.38035E-04     0.97160E-03    -0.79391E-03    -0.45237E-04     0.19103E-01     0.18583E+02     0.70182E+00     0.94107E-01     0.18557E+02
     0.59112E+00     0.24008E-01     0.74365E-01     0.80333E+00     0.26186E-01     0.19111E-02     0.33490E-01     0.40917E-01    -0.38837E-04     0.98219E-03    -0.80278E-03    -0.45860E-04     0.19279E-01     0.18535E+02     0.70038E+00     0.94221E-01     0.18518E+02
     0.60584E+00     0.24164E-01     0.74799E-01     0.80659E+00     0.26488E-01     0.19275E-02     0.33691E-01     0.41151E-01    -0.39689E-04     0.99420E-03    -0.81282E-03    -0.46553E-04     0.19483E-01     0.18486E+02     0.69893E+00     0.94336E-01     0.18480E+02
     0.62064E+00     0.24333E-01     0.75275E-01     0.81031E+00     0.26797E-01     0.19450E-02     0.33910E-01     0.41408E-01    -0.40589E-04     0.10074E-02    -0.82383E-03    -0.47306E-04     0.19710E-01     0.18437E+02     0.69746E+00     0.94453E-01     0.18441E+02
     0.63552E+00     0.24515E-01     0.75789E-01     0.81441E+00     0.27110E-01     0.19636E-02     0.34147E-01     0.41686E-01    -0.41538E-04     0.10218E-02    -0.83578E-03    -0.48116E-04     0.19958E-01     0.18388E+02     0.69598E+00     0.94571E-01     0.18402E+02
     0.65047E+00     0.24710E-01     0.76345E-01     0.81895E+00     0.27430E-01     0.19834E-02     0.34402E-01     0.41987E-01    -0.42534E-04     0.10373E-02    -0.84872E-03    -0.48988E-04     0.20229E-01     0.18338E+02     0.69448E+00     0.94691E-01     0.18362E+02
     0.66550E+00     0.24920E-01     0.76944E-01     0.82394E+00     0.27754E-01     0.20044E-02     0.34676E-01     0.42312E-01    -0.43579E-04     0.10542E-02    -0.86276E-03    -0.49927E-04     0.20525E-01     0.18287E+02     0.69296E+00     0.94812E-01     0.18323E+02
     0.68060E+00     0.25144E-01     0.77584E-01     0.82935E+00     0.28084E-01     0.20265E-02     0.34970E-01     0.42659E-01    -0.44673E-04     0.10724E-02    -0.87785E-03    -0.50931E-04     0.20845E-01     0.18236E+02     0.69142E+00     0.94936E-01     0.18283E+02
     0.69576E+00     0.25378E-01     0.78257E-01     0.83511E+00     0.28417E-01     0.20496E-02     0.35278E-01     0.43024E-01    -0.45812E-04     0.10917E-02    -0.89384E-03    -0.51992E-04     0.21185E-01     0.18185E+02     0.68986E+00     0.95061E-01     0.18243E+02
     0.71099E+00     0.25622E-01     0.78959E-01     0.84115E+00     0.28754E-01     0.20735E-02     0.35598E-01     0.43406E-01    -0.46992E-04     0.11120E-02    -0.91063E-03    -0.53105E-04     0.21544E-01     0.18133E+02     0.68828E+00     0.95189E-01     0.18203E+02
     0.72628E+00     0.25876E-01     0.79690E-01     0.84751E+00     0.29094E-01     0.20984E-02     0.35932E-01     0.43803E-01    -0.48214E-04     0.11333E-02    -0.92828E-03    -0.54273E-04     0.21922E-01     0.18080E+02     0.68667E+00     0.95318E-01     0.18163E+02
     0.74162E+00     0.26139E-01     0.80447E-01     0.85412E+00     0.29437E-01     0.21240E-02     0.36278E-01     0.44215E-01    -0.49472E-04     0.11556E-02    -0.94671E-03    -0.55493E-04     0.22317E-01     0.18027E+02     0.68505E+00     0.95449E-01     0.18122E+02
     0.75702E+00     0.26406E-01     0.81216E-01     0.86085E+00     0.29781E-01     0.21500E-02     0.36628E-01     0.44634E-01    -0.50758E-04     0.11784E-02    -0.96562E-03    -0.56746E-04     0.22723E-01     0.17973E+02     0.68341E+00     0.95582E-01     0.18081E+02
     0.77247E+00     0.26674E-01     0.81987E-01     0.86760E+00     0.30125E-01     0.21761E-02     0.36979E-01     0.45055E-01    -0.52064E-04     0.12016E-02    -0.98477E-03    -0.58021E-04     0.23134E-01     0.17919E+02     0.68175E+00     0.95717E-01     0.18040E+02
     0.78796E+00     0.26943E-01     0.82757E-01     0.87435E+00     0.30468E-01     0.22024E-02     0.37329E-01     0.45475E-01    -0.53382E-04     0.12250E-02    -0.10041E-02    -0.59312E-04     0.23548E-01     0.17864E+02     0.68008E+00     0.95853E-01     0.17999E+02
     0.80350E+00     0.27211E-01     0.83525E-01     0.88106E+00     0.30809E-01     0.22287E-02     0.37678E-01     0.45895E-01    -0.54707E-04     0.12486E-02    -0.10236E-02    -0.60617E-04     0.23965E-01     0.17809E+02     0.67838E+00     0.95991E-01     0.17958E+02
     0.81907E+00     0.27477E-01     0.84285E-01     0.88767E+00     0.31146E-01     0.22549E-02     0.38023E-01     0.46310E-01    -0.56033E-04     0.12723E-02    -0.10430E-02    -0.61930E-04     0.24381E-01     0.17753E+02     0.67667E+00     0.96131E-01     0.17916E+02
     0.83469E+00     0.27740E-01     0.85035E-01     0.89414E+00     0.31480E-01     0.22810E-02     0.38363E-01     0.46720E-01    -0.57351E-04     0.12958E-02    -0.10624E-02    -0.63245E-04     0.24793E-01     0.17697E+02     0.67493E+00     0.96273E-01     0.17875E+02
     0.85033E+00     0.27997E-01     0.85768E-01     0.90040E+00     0.31807E-01     0.23067E-02     0.38697E-01     0.47120E-01    -0.58655E-04     0.13191E-02    -0.10816E-02    -0.64553E-04     0.25199E-01     0.17640E+02     0.67318E+00     0.96417E-01     0.17833E+02
     0.86601E+00     0.28249E-01     0.86480E-01     0.90642E+00     0.32129E-01     0.23320E-02     0.39022E-01     0.47508E-01    -0.59938E-04     0.13419E-02    -0.11005E-02    -0.65847E-04     0.25595E-01     0.17583E+02     0.67140E+00     0.96563E-01     0.17791E+02
     0.88171E+00     0.28493E-01     0.87171E-01     0.91218E+00     0.32442E-01     0.23569E-02     0.39336E-01     0.47884E-01    -0.61196E-04     0.13642E-02    -0.11190E-02    -0.67124E-04     0.25981E-01     0.17525E+02     0.66961E+00     0.96711E-01     0.17749E+02
     0.89744E+00     0.28730E-01     0.87837E-01     0.91766E+00     0.32747E-01     0.23812E-02     0.39641E-01     0.48247E-01    -0.62423E-04     0.13859E-02    -0.11370E-02    -0.68381E-04     0.26354E-01     0.17468E+02     0.66781E+00     0.96859E-01     0.17707E+02
     0.91319E+00     0.28956E-01     0.88472E-01     0.92278E+00     0.33043E-01     0.24048E-02     0.39932E-01     0.48592E-01    -0.63615E-04     0.14068E-02    -0.11543E-02    -0.69603E-04     0.26710E-01     0.17409E+02     0.66599E+00     0.97009E-01     0.17665E+02
     0.92895E+00     0.29172E-01     0.89072E-01     0.92752E+00     0.33330E-01     0.24276E-02     0.40207E-01     0.48917E-01    -0.64768E-04     0.14268E-02    -0.11709E-02    -0.70785E-04     0.27047E-01     0.17351E+02     0.66417E+00     0.97161E-01     0.17623E+02
     0.94473E+00     0.29377E-01     0.89639E-01     0.93190E+00     0.33605E-01     0.24495E-02     0.40466E-01     0.49225E-01    -0.65879E-04     0.14459E-02    -0.11867E-02    -0.71927E-04     0.27365E-01     0.17293E+02     0.66233E+00     0.97313E-01     0.17580E+02
     0.96051E+00     0.29574E-01     0.90179E-01     0.93598E+00     0.33870E-01     0.24709E-02     0.40714E-01     0.49517E-01    -0.66950E-04     0.14642E-02    -0.12020E-02    -0.73040E-04     0.27669E-01     0.17234E+02     0.66049E+00     0.97466E-01     0.17538E+02
     0.97631E+00     0.29763E-01     0.90697E-01     0.93979E+00     0.34124E-01     0.24918E-02     0.40954E-01     0.49797E-01    -0.67982E-04     0.14819E-02    -0.12168E-02    -0.74129E-04     0.27959E-01     0.17175E+02     0.65864E+00     0.97621E-01     0.17495E+02
     0.99210E+00     0.29944E-01     0.91190E-01     0.94328E+00     0.34366E-01     0.25121E-02     0.41183E-01     0.50062E-01    -0.68972E-04     0.14988E-02    -0.12310E-02    -0.75188E-04     0.28233E-01     0.17116E+02     0.65677E+00     0.97776E-01     0.17453E+02
     0.10079E+01     0.30117E-01     0.91659E-01     0.94648E+00     0.34596E-01     0.25319E-02     0.41402E-01     0.50312E-01    -0.69916E-04     0.15150E-02    -0.12447E-02    -0.76217E-04     0.28493E-01     0.17057E+02     0.65490E+00     0.97933E-01     0.17410E+02
     0.10237E+01     0.30283E-01     0.92107E-01     0.94942E+00     0.34815E-01     0.25513E-02     0.41613E-01     0.50550E-01    -0.70814E-04     0.15306E-02    -0.12579E-02    -0.77224E-04     0.28739E-01     0.16998E+02     0.65302E+00     0.98091E-01     0.17368E+02
     0.10395E+01     0.30443E-01     0.92538E-01     0.95211E+00     0.35022E-01     0.25703E-02     0.41818E-01     0.50777E-01    -0.71668E-04     0.15456E-02    -0.12708E-02    -0.78210E-04     0.28972E-01     0.16939E+02     0.65113E+00     0.98250E-01     0.17325E+02
     0.10553E+01     0.30597E-01     0.92951E-01     0.95455E+00     0.35217E-01     0.25889E-02     0.42016E-01     0.50993E-01    -0.72481E-04     0.15600E-02    -0.12832E-02    -0.79176E-04     0.29193E-01     0.16879E+02     0.64923E+00     0.98409E-01     0.17282E+02
     0.10711E+01     0.30744E-01     0.93342E-01     0.95671E+00     0.35400E-01     0.26071E-02     0.42206E-01     0.51195E-01    -0.73249E-04     0.15737E-02    -0.12952E-02    -0.80114E-04     0.29400E-01     0.16820E+02     0.64733E+00     0.98570E-01     0.17239E+02
     0.10868E+01     0.30884E-01     0.93713E-01     0.95863E+00     0.35572E-01     0.26249E-02     0.42388E-01     0.51385E-01    -0.73974E-04     0.15867E-02    -0.13066E-02    -0.81027E-04     0.29592E-01     0.16761E+02     0.64543E+00     0.98731E-01     0.17196E+02
     0.11026E+01     0.31019E-01     0.94071E-01     0.96037E+00     0.35732E-01     0.26424E-02     0.42565E-01     0.51567E-01    -0.74661E-04     0.15993E-02    -0.13178E-02    -0.81924E-04     0.29776E-01     0.16701E+02     0.64352E+00     0.98893E-01     0.17153E+02
     0.11183E+01     0.31151E-01     0.94419E-01     0.96197E+00     0.35881E-01     0.26597E-02     0.42738E-01     0.51743E-01    -0.75316E-04     0.16116E-02    -0.13288E-02    -0.82811E-04     0.29952E-01     0.16642E+02     0.64161E+00     0.99055E-01     0.17111E+02
     0.11340E+01     0.31281E-01     0.94763E-01     0.96348E+00     0.36019E-01     0.26770E-02     0.42910E-01     0.51915E-01    -0.75943E-04     0.16237E-02    -0.13397E-02    -0.83697E-04     0.30124E-01     0.16583E+02     0.63970E+00     0.99218E-01     0.17068E+02
     0.11497E+01     0.31412E-01     0.95107E-01     0.96494E+00     0.36147E-01     0.26944E-02     0.43085E-01     0.52086E-01    -0.76550E-04     0.16359E-02    -0.13507E-02    -0.84593E-04     0.30295E-01     0.16524E+02     0.63780E+00     0.99380E-01     0.17025E+02
     0.11653E+01     0.31544E-01     0.95459E-01     0.96641E+00     0.36266E-01     0.27121E-02     0.43264E-01     0.52260E-01    -0.77143E-04     0.16483E-02    -0.13620E-02    -0.85508E-04     0.30469E-01     0.16466E+02     0.63590E+00     0.99543E-01     0.16982E+02
     0.11809E+01     0.31680E-01     0.95823E-01     0.96794E+00     0.36375E-01     0.27304E-02     0.43450E-01     0.52438E-01    -0.77725E-04     0.16610E-02    -0.13737E-02    -0.86453E-04     0.30649E-01     0.16408E+02     0.63400E+00     0.99706E-01     0.16939E+02
     0.11965E+01     0.31820E-01     0.96201E-01     0.96956E+00     0.36476E-01     0.27491E-02     0.43644E-01     0.52623E-01    -0.78300E-04     0.16742E-02    -0.13859E-02    -0.87431E-04     0.30835E-01     0.16349E+02     0.63210E+00     0.99870E-01     0.16896E+02
     0.12120E+01     0.31966E-01     0.96598E-01     0.97131E+00     0.36569E-01     0.27685E-02     0.43849E-01     0.52816E-01    -0.78873E-04     0.16881E-02    -0.13988E-02    -0.88451E-04     0.31032E-01     0.16291E+02     0.63020E+00     0.10003E+00     0.16854E+02
     0.12275E+01     0.32123E-01     0.97027E-01     0.97332E+00     0.36656E-01     0.27889E-02     0.44070E-01     0.53026E-01    -0.79456E-04     0.17031E-02    -0.14127E-02    -0.89540E-04     0.31249E-01     0.16233E+02     0.62829E+00     0.10020E+00     0.16811E+02
     0.12430E+01     0.32291E-01     0.97496E-01     0.97565E+00     0.36736E-01     0.28106E-02     0.44311E-01     0.53254E-01    -0.80057E-04     0.17194E-02    -0.14278E-02    -0.90708E-04     0.31487E-01     0.16176E+02     0.62638E+00     0.10036E+00     0.16768E+02
     0.12584E+01     0.32469E-01     0.97995E-01     0.97821E+00     0.36810E-01     0.28334E-02     0.44569E-01     0.53498E-01    -0.80673E-04     0.17368E-02    -0.14440E-02    -0.91947E-04     0.31744E-01     0.16118E+02     0.62447E+00     0.10053E+00     0.16726E+02
     0.12737E+01     0.32655E-01     0.98519E-01     0.98095E+00     0.36879E-01     0.28570E-02     0.44839E-01     0.53752E-01    -0.81301E-04     0.17550E-02    -0.14611E-02    -0.93244E-04     0.32015E-01     0.16060E+02     0.62256E+00     0.10070E+00     0.16683E+02
     0.12890E+01     0.32848E-01     0.99066E-01     0.98384E+00     0.36943E-01     0.28814E-02     0.45121E-01     0.54017E-01    -0.81939E-04     0.17741E-02    -0.14789E-02    -0.94595E-04     0.32299E-01     0.16002E+02     0.62064E+00     0.10086E+00     0.16641E+02
     0.13042E+01     0.33052E-01     0.99647E-01     0.98700E+00     0.37003E-01     0.29070E-02     0.45421E-01     0.54299E-01    -0.82597E-04     0.17945E-02    -0.14980E-02    -0.96027E-04     0.32603E-01     0.15944E+02     0.61870E+00     0.10103E+00     0.16599E+02
     0.13194E+01     0.33271E-01     0.10027E+00     0.99052E+00     0.37059E-01     0.29341E-02     0.45744E-01     0.54603E-01    -0.83286E-04     0.18164E-02    -0.15186E-02    -0.97560E-04     0.32935E-01     0.15886E+02     0.61676E+00     0.10120E+00     0.16556E+02
     0.13345E+01     0.33504E-01     0.10095E+00     0.99441E+00     0.37113E-01     0.29627E-02     0.46091E-01     0.54930E-01    -0.84017E-04     0.18401E-02    -0.15408E-02    -0.99203E-04     0.33296E-01     0.15828E+02     0.61481E+00     0.10138E+00     0.16514E+02
     0.13495E+01     0.33754E-01     0.10167E+00     0.99870E+00     0.37165E-01     0.29931E-02     0.46465E-01     0.55283E-01    -0.84799E-04     0.18657E-02    -0.15649E-02    -0.10097E-03     0.33689E-01     0.15770E+02     0.61285E+00     0.10155E+00     0.16472E+02
     0.13645E+01     0.34021E-01     0.10245E+00     0.10034E+01     0.37215E-01     0.30252E-02     0.46864E-01     0.55661E-01    -0.85640E-04     0.18933E-02    -0.15908E-02    -0.10286E-03     0.34114E-01     0.15712E+02     0.61088E+00     0.10172E+00     0.16431E+02
     0.13794E+01     0.34306E-01     0.10328E+00     0.10086E+01     0.37265E-01     0.30594E-02     0.47294E-01     0.56068E-01    -0.86548E-04     0.19232E-02    -0.16188E-02    -0.10489E-03     0.34577E-01     0.15653E+02     0.60889E+00     0.10190E+00     0.16389E+02
     0.13942E+01     0.34612E-01     0.10418E+00     0.10142E+01     0.37316E-01     0.30957E-02     0.47756E-01     0.56506E-01    -0.87528E-04     0.19555E-02    -0.16492E-02    -0.10708E-03     0.35081E-01     0.15594E+02     0.60689E+00     0.10208E+00     0.16347E+02
     0.14089E+01     0.34941E-01     0.10515E+00     0.10205E+01     0.37366E-01     0.31343E-02     0.48253E-01     0.56980E-01    -0.88585E-04     0.19907E-02    -0.16822E-02    -0.10945E-03     0.35632E-01     0.15535E+02     0.60487E+00     0.10226E+00     0.16306E+02
     0.14235E+01     0.35295E-01     0.10620E+00     0.10274E+01     0.37419E-01     0.31756E-02     0.48789E-01     0.57494E-01    -0.89729E-04     0.20289E-02    -0.17181E-02    -0.11201E-03     0.36236E-01     0.15476E+02     0.60284E+00     0.10244E+00     0.16265E+02
     0.14380E+01     0.35673E-01     0.10732E+00     0.10348E+01     0.37472E-01     0.32193E-02     0.49362E-01     0.58042E-01    -0.90958E-04     0.20702E-02    -0.17569E-02    -0.11476E-03     0.36887E-01     0.15416E+02     0.60078E+00     0.10263E+00     0.16224E+02
     0.14525E+01     0.36071E-01     0.10850E+00     0.10427E+01     0.37528E-01     0.32654E-02     0.49969E-01     0.58621E-01    -0.92266E-04     0.21142E-02    -0.17983E-02    -0.11770E-03     0.37584E-01     0.15356E+02     0.59871E+00     0.10281E+00     0.16183E+02
     0.14668E+01     0.36491E-01     0.10976E+00     0.10511E+01     0.37585E-01     0.33138E-02     0.50610E-01     0.59233E-01    -0.93657E-04     0.21611E-02    -0.18426E-02    -0.12084E-03     0.38328E-01     0.15295E+02     0.59661E+00     0.10300E+00     0.16142E+02
     0.14811E+01     0.36934E-01     0.11108E+00     0.10601E+01     0.37645E-01     0.33648E-02     0.51288E-01     0.59881E-01    -0.95136E-04     0.22113E-02    -0.18899E-02    -0.12419E-03     0.39124E-01     0.15234E+02     0.59450E+00     0.10319E+00     0.16102E+02
     0.14952E+01     0.37400E-01     0.11248E+00     0.10696E+01     0.37706E-01     0.34183E-02     0.52003E-01     0.60565E-01    -0.96704E-04     0.22648E-02    -0.19405E-02    -0.12775E-03     0.39973E-01     0.15173E+02     0.59235E+00     0.10339E+00     0.16061E+02
     0.15093E+01     0.37890E-01     0.11395E+00     0.10797E+01     0.37771E-01     0.34744E-02     0.52756E-01     0.61282E-01    -0.98357E-04     0.23216E-02    -0.19944E-02    -0.13155E-03     0.40876E-01     0.15111E+02     0.59019E+00     0.10359E+00     0.16021E+02
     0.15232E+01     0.38405E-01     0.11549E+00     0.10903E+01     0.37838E-01     0.35333E-02     0.53549E-01     0.62038E-01    -0.10010E-03     0.23822E-02    -0.20519E-02    -0.13560E-03     0.41839E-01     0.15048E+02     0.58799E+00     0.10379E+00     0.15982E+02
     0.15370E+01     0.38950E-01     0.11713E+00     0.11017E+01     0.37908E-01     0.35956E-02     0.54391E-01     0.62839E-01    -0.10196E-03     0.24471E-02    -0.21137E-02    -0.13994E-03     0.42873E-01     0.14985E+02     0.58576E+00     0.10399E+00     0.15942E+02
     0.15507E+01     0.39530E-01     0.11889E+00     0.11138E+01     0.37981E-01     0.36616E-02     0.55289E-01     0.63693E-01    -0.10394E-03     0.25173E-02    -0.21806E-02    -0.14463E-03     0.43990E-01     0.14921E+02     0.58349E+00     0.10420E+00     0.15903E+02
     0.15643E+01     0.40150E-01     0.12076E+00     0.11269E+01     0.38059E-01     0.37321E-02     0.56252E-01     0.64607E-01    -0.10607E-03     0.25935E-02    -0.22534E-02    -0.14972E-03     0.45204E-01     0.14856E+02     0.58118E+00     0.10442E+00     0.15864E+02
     0.15778E+01     0.40810E-01     0.12276E+00     0.11408E+01     0.38141E-01     0.38070E-02     0.57280E-01     0.65579E-01    -0.10834E-03     0.26758E-02    -0.23323E-02    -0.15523E-03     0.46514E-01     0.14790E+02     0.57883E+00     0.10464E+00     0.15825E+02
     0.15911E+01     0.41507E-01     0.12488E+00     0.11556E+01     0.38228E-01     0.38862E-02     0.58370E-01     0.66608E-01    -0.11077E-03     0.27642E-02    -0.24173E-02    -0.16117E-03     0.47922E-01     0.14723E+02     0.57643E+00     0.10486E+00     0.15786E+02
     0.16043E+01     0.42242E-01     0.12711E+00     0.11713E+01     0.38319E-01     0.39697E-02     0.59522E-01     0.67693E-01    -0.11335E-03     0.28590E-02    -0.25087E-02    -0.16754E-03     0.49429E-01     0.14655E+02     0.57398E+00     0.10509E+00     0.15748E+02
     0.16174E+01     0.43015E-01     0.12947E+00     0.11877E+01     0.38416E-01     0.40578E-02     0.60739E-01     0.68834E-01    -0.11610E-03     0.29604E-02    -0.26069E-02    -0.17439E-03     0.51040E-01     0.14586E+02     0.57148E+00     0.10533E+00     0.15710E+02
     0.16303E+01     0.43827E-01     0.13194E+00     0.12050E+01     0.38517E-01     0.41504E-02     0.62021E-01     0.70031E-01    -0.11902E-03     0.30687E-02    -0.27121E-02    -0.18173E-03     0.52756E-01     0.14516E+02     0.56893E+00     0.10557E+00     0.15673E+02
     0.16431E+01     0.44675E-01     0.13454E+00     0.12229E+01     0.38623E-01     0.42476E-02     0.63369E-01     0.71280E-01    -0.12212E-03     0.31839E-02    -0.28247E-02    -0.18959E-03     0.54578E-01     0.14444E+02     0.56633E+00     0.10581E+00     0.15635E+02
     0.16558E+01     0.45562E-01     0.13725E+00     0.12416E+01     0.38734E-01     0.43496E-02     0.64783E-01     0.72582E-01    -0.12540E-03     0.33064E-02    -0.29451E-02    -0.19799E-03     0.56510E-01     0.14372E+02     0.56367E+00     0.10607E+00     0.15598E+02
     0.16683E+01     0.46491E-01     0.14010E+00     0.12611E+01     0.38849E-01     0.44569E-02     0.66273E-01     0.73945E-01    -0.12888E-03     0.34371E-02    -0.30743E-02    -0.20700E-03     0.58566E-01     0.14298E+02     0.56094E+00     0.10633E+00     0.15562E+02
     0.16806E+01     0.47464E-01     0.14309E+00     0.12815E+01     0.38969E-01     0.45697E-02     0.67842E-01     0.75371E-01    -0.13256E-03     0.35768E-02    -0.32129E-02    -0.21668E-03     0.60756E-01     0.14222E+02     0.55814E+00     0.10660E+00     0.15525E+02
     0.16928E+01     0.48485E-01     0.14624E+00     0.13028E+01     0.39094E-01     0.46885E-02     0.69496E-01     0.76865E-01    -0.13647E-03     0.37261E-02    -0.33621E-02    -0.22709E-03     0.63091E-01     0.14145E+02     0.55525E+00     0.10688E+00     0.15489E+02
     0.17049E+01     0.49557E-01     0.14955E+00     0.13250E+01     0.39223E-01     0.48139E-02     0.71243E-01     0.78429E-01    -0.14062E-03     0.38859E-02    -0.35228E-02    -0.23831E-03     0.65582E-01     0.14065E+02     0.55228E+00     0.10716E+00     0.15454E+02
     0.17167E+01     0.50679E-01     0.15302E+00     0.13481E+01     0.39356E-01     0.49460E-02     0.73086E-01     0.80063E-01    -0.14502E-03     0.40567E-02    -0.36957E-02    -0.25038E-03     0.68233E-01     0.13983E+02     0.54920E+00     0.10746E+00     0.15419E+02
     0.17285E+01     0.51852E-01     0.15666E+00     0.13721E+01     0.39494E-01     0.50850E-02     0.75026E-01     0.81767E-01    -0.14967E-03     0.42390E-02    -0.38817E-02    -0.26337E-03     0.71052E-01     0.13899E+02     0.54601E+00     0.10778E+00     0.15384E+02
     0.17400E+01     0.53084E-01     0.16049E+00     0.13971E+01     0.39634E-01     0.52318E-02     0.77079E-01     0.83552E-01    -0.15458E-03     0.44344E-02    -0.40826E-02    -0.27741E-03     0.74061E-01     0.13812E+02     0.54270E+00     0.10810E+00     0.15349E+02
     0.17514E+01     0.54380E-01     0.16454E+00     0.14231E+01     0.39778E-01     0.53873E-02     0.79256E-01     0.85424E-01    -0.15979E-03     0.46443E-02    -0.43004E-02    -0.29261E-03     0.77281E-01     0.13721E+02     0.53924E+00     0.10845E+00     0.15315E+02
     0.17626E+01     0.55742E-01     0.16880E+00     0.14503E+01     0.39924E-01     0.55520E-02     0.81565E-01     0.87385E-01    -0.16530E-03     0.48700E-02    -0.45365E-02    -0.30911E-03     0.80724E-01     0.13627E+02     0.53562E+00     0.10881E+00     0.15282E+02
     0.17737E+01     0.57170E-01     0.17329E+00     0.14784E+01     0.40072E-01     0.57262E-02     0.84008E-01     0.89434E-01    -0.17115E-03     0.51118E-02    -0.47922E-02    -0.32696E-03     0.84395E-01     0.13529E+02     0.53182E+00     0.10919E+00     0.15248E+02
     0.17845E+01     0.58667E-01     0.17801E+00     0.15075E+01     0.40221E-01     0.59105E-02     0.86595E-01     0.91571E-01    -0.17735E-03     0.53710E-02    -0.50690E-02    -0.34630E-03     0.88304E-01     0.13426E+02     0.52782E+00     0.10959E+00     0.15215E+02
     0.17952E+01     0.60233E-01     0.18296E+00     0.15375E+01     0.40370E-01     0.61056E-02     0.89335E-01     0.93796E-01    -0.18392E-03     0.56483E-02    -0.53689E-02    -0.36727E-03     0.92460E-01     0.13318E+02     0.52358E+00     0.11002E+00     0.15183E+02
     0.18057E+01     0.61870E-01     0.18817E+00     0.15683E+01     0.40519E-01     0.63121E-02     0.92237E-01     0.96108E-01    -0.19087E-03     0.59448E-02    -0.56939E-02    -0.38999E-03     0.96867E-01     0.13204E+02     0.51906E+00     0.11048E+00     0.15151E+02
     0.18160E+01     0.63576E-01     0.19363E+00     0.15996E+01     0.40664E-01     0.65305E-02     0.95309E-01     0.98502E-01    -0.19821E-03     0.62609E-02    -0.60457E-02    -0.41459E-03     0.10152E+00     0.13082E+02     0.51422E+00     0.11098E+00     0.15119E+02
     0.18261E+01     0.65350E-01     0.19934E+00     0.16314E+01     0.40805E-01     0.67613E-02     0.98557E-01     0.10097E+00    -0.20593E-03     0.65969E-02    -0.64261E-02    -0.44121E-03     0.10642E+00     0.12952E+02     0.50901E+00     0.11151E+00     0.15088E+02
     0.18360E+01     0.67185E-01     0.20529E+00     0.16633E+01     0.40940E-01     0.70047E-02     0.10198E+00     0.10350E+00    -0.21402E-03     0.69520E-02    -0.68361E-02    -0.46990E-03     0.11154E+00     0.12812E+02     0.50337E+00     0.11210E+00     0.15058E+02
     0.18457E+01     0.69074E-01     0.21146E+00     0.16949E+01     0.41065E-01     0.72608E-02     0.10559E+00     0.10608E+00    -0.22246E-03     0.73251E-02    -0.72765E-02    -0.50075E-03     0.11685E+00     0.12661E+02     0.49722E+00     0.11274E+00     0.15027E+02
     0.18552E+01     0.71004E-01     0.21782E+00     0.17256E+01     0.41178E-01     0.75295E-02     0.10937E+00     0.10867E+00    -0.23120E-03     0.77141E-02    -0.77477E-02    -0.53377E-03     0.12228E+00     0.12497E+02     0.49050E+00     0.11345E+00     0.14997E+02
     0.18645E+01     0.72960E-01     0.22435E+00     0.17549E+01     0.41275E-01     0.78103E-02     0.11332E+00     0.11126E+00    -0.24017E-03     0.81151E-02    -0.82487E-02    -0.56889E-03     0.12778E+00     0.12318E+02     0.48309E+00     0.11424E+00     0.14968E+02
     0.18736E+01     0.74916E-01     0.23098E+00     0.17819E+01     0.41350E-01     0.81022E-02     0.11742E+00     0.11379E+00    -0.24927E-03     0.85220E-02    -0.87765E-02    -0.60594E-03     0.13320E+00     0.12122E+02     0.47489E+00     0.11512E+00     0.14939E+02
     0.18825E+01     0.76840E-01     0.23762E+00     0.18053E+01     0.41400E-01     0.84035E-02     0.12166E+00     0.11620E+00    -0.25835E-03     0.89265E-02    -0.93264E-02    -0.64458E-03     0.13841E+00     0.11905E+02     0.46577E+00     0.11611E+00     0.14911E+02
     0.18912E+01     0.78690E-01     0.24416E+00     0.18240E+01     0.41418E-01     0.87115E-02     0.12598E+00     0.11843E+00    -0.26722E-03     0.93165E-02    -0.98904E-02    -0.68426E-03     0.14320E+00     0.11666E+02     0.45556E+00     0.11723E+00     0.14883E+02
     0.18996E+01     0.80405E-01     0.25044E+00     0.18360E+01     0.41396E-01     0.90223E-02     0.13034E+00     0.12037E+00    -0.27560E-03     0.96753E-02    -0.10455E-01    -0.72408E-03     0.14727E+00     0.11401E+02     0.44409E+00     0.11850E+00     0.14855E+02
     0.19078E+01     0.81908E-01     0.25626E+00     0.18393E+01     0.41327E-01     0.93297E-02     0.13464E+00     0.12189E+00    -0.28314E-03     0.99807E-02    -0.11002E-01    -0.76270E-03     0.15028E+00     0.11106E+02     0.43114E+00     0.11995E+00     0.14828E+02
     0.19158E+01     0.83098E-01     0.26131E+00     0.18312E+01     0.41202E-01     0.96253E-02     0.13876E+00     0.12284E+00    -0.28939E-03     0.10204E-01    -0.11503E-01    -0.79826E-03     0.15178E+00     0.10778E+02     0.41647E+00     0.12163E+00     0.14801E+02
     0.19236E+01     0.83847E-01     0.26524E+00     0.18087E+01     0.41011E-01     0.98972E-02     0.14252E+00     0.12300E+00    -0.29377E-03     0.10310E-01    -0.11922E-01    -0.82818E-03     0.15126E+00     0.10413E+02     0.39982E+00     0.12356E+00     0.14774E+02
     0.19311E+01     0.83996E-01     0.26756E+00     0.17684E+01     0.40746E-01     0.10129E-01     0.14569E+00     0.12216E+00    -0.29561E-03     0.10257E-01    -0.12209E-01    -0.84906E-03     0.14814E+00     0.10008E+02     0.38092E+00     0.12580E+00     0.14748E+02
     0.19384E+01     0.83352E-01     0.26768E+00     0.17067E+01     0.40397E-01     0.10299E-01     0.14795E+00     0.12002E+00    -0.29408E-03     0.99999E-02    -0.12304E-01    -0.85665E-03     0.14187E+00     0.95607E+01     0.35950E+00     0.12839E+00     0.14722E+02
     0.19455E+01     0.81687E-01     0.26487E+00     0.16199E+01     0.39954E-01     0.10378E-01     0.14888E+00     0.11627E+00    -0.28834E-03     0.94945E-02    -0.12134E-01    -0.84597E-03     0.13197E+00     0.90720E+01     0.33533E+00     0.13141E+00     0.14697E+02
     0.19523E+01     0.78757E-01     0.25831E+00     0.15052E+01     0.39411E-01     0.10329E-01     0.14796E+00     0.11062E+00    -0.27750E-03     0.87085E-02    -0.11627E-01    -0.81183E-03     0.11822E+00     0.85446E+01     0.30826E+00     0.13489E+00     0.14671E+02
     0.19589E+01     0.74320E-01     0.24710E+00     0.13611E+01     0.38764E-01     0.10110E-01     0.14456E+00     0.10278E+00    -0.26084E-03     0.76356E-02    -0.10721E-01    -0.74991E-03     0.10089E+00     0.79846E+01     0.27826E+00     0.13889E+00     0.14646E+02
     0.19652E+01     0.68191E-01     0.23042E+00     0.11888E+01     0.38012E-01     0.96743E-02     0.13801E+00     0.92616E-01    -0.23794E-03     0.63133E-02    -0.93927E-02    -0.65848E-03     0.80858E-01     0.74023E+01     0.24548E+00     0.14346E+00     0.14621E+02
     0.19713E+01     0.60302E-01     0.20772E+00     0.99331E+00     0.37160E-01     0.89767E-02     0.12769E+00     0.80205E-01    -0.20890E-03     0.48350E-02    -0.76856E-02    -0.54041E-03     0.59759E-01     0.68111E+01     0.21025E+00     0.14861E+00     0.14597E+02
     0.19771E+01     0.50775E-01     0.17889E+00     0.78387E+00     0.36220E-01     0.79835E-02     0.11310E+00     0.65919E-01    -0.17453E-03     0.33461E-02    -0.57326E-02    -0.40479E-03     0.39721E-01     0.62263E+01     0.17311E+00     0.15434E+00     0.14572E+02
     0.19826E+01     0.39953E-01     0.14445E+00     0.57337E+00     0.35208E-01     0.66810E-02     0.94081E-01     0.50459E-01    -0.13633E-03     0.20155E-02    -0.37521E-02    -0.26664E-03     0.22874E-01     0.56632E+01     0.13473E+00     0.16063E+00     0.14548E+02
     0.19879E+01     0.28388E-01     0.10552E+00     0.37594E+00     0.34147E-01     0.50814E-02     0.70831E-01     0.34763E-01    -0.96307E-04     0.98670E-03    -0.20058E-02    -0.14415E-03     0.10663E-01     0.51342E+01     0.95824E-01     0.16743E+00     0.14524E+02
     0.19929E+01     0.16705E-01     0.63588E-01     0.20311E+00     0.33060E-01     0.32178E-02     0.43897E-01     0.19782E-01    -0.56444E-04     0.33042E-03    -0.72868E-03    -0.53731E-04     0.33917E-02     0.46470E+01     0.57021E-01     0.17470E+00     0.14501E+02
     0.19977E+01     0.54141E-02     0.20195E-01     0.60325E-01     0.31967E-01     0.11276E-02     0.14308E-01     0.61916E-02    -0.18188E-04     0.33499E-04    -0.72308E-04    -0.60979E-05     0.32659E-03     0.42046E+01     0.18796E-01     0.18238E+00     0.14478E+02
