     0.23093E-02     0.11764E-06    -0.32189E-06     0.23791E-01     0.99203E+00     0.19037E-03     0.77955E+00     0.74591E-01     0.30473E+02     0.74591E-01     0.20022E+02     0.14934E+01     0.22730E+01     0.60192E+00     0.48211E-08     0.18514E-04     0.70915E-04    -0.13879E-06
     0.70633E-02     0.10785E-05    -0.99781E-06     0.73307E-01     0.97581E+00     0.19030E-03     0.73072E+00     0.75525E-01     0.29688E+02     0.75525E-01     0.20011E+02     0.15114E+01     0.22421E+01     0.60587E+00     0.35489E-06     0.14939E-03     0.67336E-03    -0.43017E-05
     0.12087E-01     0.40861E-05    -0.16679E-05     0.12524E+00     0.95930E+00     0.18918E-03     0.68091E+00     0.76494E-01     0.28906E+02     0.76494E-01     0.20001E+02     0.15299E+01     0.22108E+01     0.60994E+00     0.24722E-05     0.37067E-03     0.19642E-02    -0.22100E-04
     0.17376E-01     0.10500E-04    -0.22191E-05     0.17925E+00     0.94262E+00     0.18570E-03     0.63049E+00     0.77491E-01     0.28133E+02     0.77491E-01     0.19989E+02     0.15489E+01     0.21794E+01     0.61412E+00     0.85484E-05     0.64682E-03     0.39986E-02    -0.65455E-04
     0.22928E-01     0.21401E-04    -0.25801E-05     0.23482E+00     0.92595E+00     0.17827E-03     0.57999E+00     0.78507E-01     0.27378E+02     0.78507E-01     0.19976E+02     0.15683E+01     0.21483E+01     0.61835E+00     0.20941E-04     0.94999E-03     0.67485E-02    -0.14563E-03
     0.28739E-01     0.37203E-04    -0.29243E-05     0.29120E+00     0.90950E+00     0.16541E-03     0.53005E+00     0.79530E-01     0.26648E+02     0.79530E-01     0.19963E+02     0.15877E+01     0.21177E+01     0.62260E+00     0.41798E-04     0.12606E-02     0.10071E-01    -0.26988E-03
     0.34807E-01     0.57491E-04    -0.38100E-05     0.34753E+00     0.89350E+00     0.14589E-03     0.48140E+00     0.80544E-01     0.25952E+02     0.80544E-01     0.19949E+02     0.16068E+01     0.20882E+01     0.62678E+00     0.72861E-04     0.15667E-02     0.13722E-01    -0.43915E-03
     0.41127E-01     0.81143E-04    -0.61870E-05     0.40288E+00     0.87817E+00     0.11876E-03     0.43479E+00     0.81531E-01     0.25300E+02     0.81531E-01     0.19934E+02     0.16252E+01     0.20600E+01     0.63085E+00     0.11542E-03     0.18625E-02     0.17402E-01    -0.64778E-03
     0.47696E-01     0.10664E-03    -0.11238E-04     0.45637E+00     0.86373E+00     0.83387E-04     0.39086E+00     0.82477E-01     0.24695E+02     0.82477E-01     0.19919E+02     0.16428E+01     0.20337E+01     0.63472E+00     0.17031E-03     0.21458E-02     0.20830E-01    -0.88503E-03
     0.54512E-01     0.13242E-03    -0.20105E-04     0.50726E+00     0.85032E+00     0.39448E-04     0.35010E+00     0.83368E-01     0.24144E+02     0.83368E-01     0.19902E+02     0.16592E+01     0.20093E+01     0.63836E+00     0.23797E-03     0.24160E-02     0.23789E-01    -0.11377E-02
     0.61570E-01     0.15714E-03    -0.33658E-04     0.55503E+00     0.83802E+00    -0.13099E-04     0.31282E+00     0.84197E-01     0.23645E+02     0.84197E-01     0.19885E+02     0.16743E+01     0.19871E+01     0.64173E+00     0.31841E-03     0.26727E-02     0.26152E-01    -0.13925E-02
     0.68868E-01     0.17983E-03    -0.52430E-04     0.59933E+00     0.82686E+00    -0.74013E-04     0.27912E+00     0.84957E-01     0.23199E+02     0.84957E-01     0.19868E+02     0.16879E+01     0.19670E+01     0.64482E+00     0.41124E-03     0.29149E-02     0.27877E-01    -0.16382E-02
     0.76401E-01     0.19992E-03    -0.76629E-04     0.64003E+00     0.81682E+00    -0.14278E-03     0.24896E+00     0.85649E-01     0.22803E+02     0.85649E-01     0.19849E+02     0.17000E+01     0.19490E+01     0.64762E+00     0.51566E-03     0.31408E-02     0.28986E-01    -0.18665E-02
     0.84168E-01     0.21715E-03    -0.10605E-03     0.67717E+00     0.80784E+00    -0.21864E-03     0.22217E+00     0.86273E-01     0.22452E+02     0.86273E-01     0.19830E+02     0.17107E+01     0.19329E+01     0.65014E+00     0.63050E-03     0.33487E-02     0.29544E-01    -0.20721E-02
     0.92164E-01     0.23156E-03    -0.14001E-03     0.71086E+00     0.79984E+00    -0.30059E-03     0.19851E+00     0.86834E-01     0.22142E+02     0.86834E-01     0.19810E+02     0.17201E+01     0.19186E+01     0.65240E+00     0.75424E-03     0.35369E-02     0.29637E-01    -0.22524E-02
     0.10039E+00     0.24332E-03    -0.17743E-03     0.74134E+00     0.79271E+00    -0.38748E-03     0.17767E+00     0.87337E-01     0.21868E+02     0.87337E-01     0.19789E+02     0.17283E+01     0.19060E+01     0.65443E+00     0.88512E-03     0.37045E-02     0.29352E-01    -0.24069E-02
     0.10883E+00     0.25270E-03    -0.21735E-03     0.76886E+00     0.78637E+00    -0.47801E-03     0.15937E+00     0.87787E-01     0.21627E+02     0.87787E-01     0.19768E+02     0.17354E+01     0.18947E+01     0.65624E+00     0.10212E-02     0.38514E-02     0.28776E-01    -0.25364E-02
     0.11749E+00     0.26002E-03    -0.25917E-03     0.79369E+00     0.78072E+00    -0.57082E-03     0.14330E+00     0.88191E-01     0.21413E+02     0.88191E-01     0.19746E+02     0.17414E+01     0.18847E+01     0.65786E+00     0.11604E-02     0.39781E-02     0.27984E-01    -0.26428E-02
     0.12637E+00     0.26560E-03    -0.30291E-03     0.81611E+00     0.77567E+00    -0.66453E-03     0.12918E+00     0.88554E-01     0.21222E+02     0.88554E-01     0.19724E+02     0.17466E+01     0.18758E+01     0.65931E+00     0.13006E-02     0.40861E-02     0.27041E-01    -0.27283E-02
     0.13547E+00     0.26971E-03    -0.34899E-03     0.83639E+00     0.77113E+00    -0.75778E-03     0.11676E+00     0.88881E-01     0.21052E+02     0.88881E-01     0.19701E+02     0.17510E+01     0.18678E+01     0.66062E+00     0.14399E-02     0.41772E-02     0.26001E-01    -0.27952E-02
     0.14477E+00     0.27264E-03    -0.39786E-03     0.85477E+00     0.76703E+00    -0.84931E-03     0.10581E+00     0.89178E-01     0.20899E+02     0.89178E-01     0.19677E+02     0.17547E+01     0.18605E+01     0.66181E+00     0.15763E-02     0.42533E-02     0.24907E-01    -0.28458E-02
     0.15428E+00     0.27459E-03    -0.44975E-03     0.87147E+00     0.76332E+00    -0.93796E-03     0.96124E-01     0.89448E-01     0.20762E+02     0.89448E-01     0.19653E+02     0.17579E+01     0.18540E+01     0.66289E+00     0.17081E-02     0.43162E-02     0.23790E-01    -0.28822E-02
     0.16399E+00     0.27575E-03    -0.50473E-03     0.88669E+00     0.75993E+00    -0.10228E-02     0.87535E-01     0.89695E-01     0.20636E+02     0.89695E-01     0.19628E+02     0.17605E+01     0.18480E+01     0.66388E+00     0.18340E-02     0.43669E-02     0.22675E-01    -0.29061E-02
     0.17390E+00     0.27629E-03    -0.56277E-03     0.90062E+00     0.75682E+00    -0.11030E-02     0.79890E-01     0.89923E-01     0.20522E+02     0.89923E-01     0.19603E+02     0.17627E+01     0.18426E+01     0.66479E+00     0.19527E-02     0.44065E-02     0.21580E-01    -0.29193E-02
     0.18401E+00     0.27635E-03    -0.62359E-03     0.91342E+00     0.75395E+00    -0.11780E-02     0.73060E-01     0.90133E-01     0.20417E+02     0.90133E-01     0.19577E+02     0.17645E+01     0.18376E+01     0.66563E+00     0.20634E-02     0.44358E-02     0.20516E-01    -0.29231E-02
     0.19431E+00     0.27603E-03    -0.68645E-03     0.92523E+00     0.75129E+00    -0.12472E-02     0.66934E-01     0.90330E-01     0.20319E+02     0.90330E-01     0.19550E+02     0.17660E+01     0.18329E+01     0.66641E+00     0.21654E-02     0.44557E-02     0.19492E-01    -0.29189E-02
     0.20480E+00     0.27542E-03    -0.75013E-03     0.93618E+00     0.74880E+00    -0.13105E-02     0.61420E-01     0.90514E-01     0.20229E+02     0.90514E-01     0.19524E+02     0.17671E+01     0.18285E+01     0.66714E+00     0.22582E-02     0.44672E-02     0.18516E-01    -0.29077E-02
     0.21547E+00     0.27458E-03    -0.81320E-03     0.94639E+00     0.74646E+00    -0.13675E-02     0.56436E-01     0.90687E-01     0.20144E+02     0.90687E-01     0.19496E+02     0.17680E+01     0.18244E+01     0.66783E+00     0.23416E-02     0.44711E-02     0.17589E-01    -0.28904E-02
     0.22633E+00     0.27358E-03    -0.87454E-03     0.95594E+00     0.74425E+00    -0.14181E-02     0.51914E-01     0.90851E-01     0.20064E+02     0.90851E-01     0.19468E+02     0.17687E+01     0.18206E+01     0.66848E+00     0.24154E-02     0.44680E-02     0.16714E-01    -0.28678E-02
     0.23737E+00     0.27248E-03    -0.93309E-03     0.96492E+00     0.74215E+00    -0.14625E-02     0.47794E-01     0.91008E-01     0.19988E+02     0.91008E-01     0.19440E+02     0.17691E+01     0.18169E+01     0.66911E+00     0.24797E-02     0.44583E-02     0.15889E-01    -0.28406E-02
     0.24859E+00     0.27131E-03    -0.98686E-03     0.97340E+00     0.74015E+00    -0.15005E-02     0.44026E-01     0.91157E-01     0.19916E+02     0.91157E-01     0.19411E+02     0.17694E+01     0.18134E+01     0.66970E+00     0.25345E-02     0.44423E-02     0.15112E-01    -0.28094E-02
     0.25997E+00     0.27011E-03    -0.10329E-02     0.98145E+00     0.73822E+00    -0.15325E-02     0.40571E-01     0.91301E-01     0.19847E+02     0.91301E-01     0.19381E+02     0.17695E+01     0.18101E+01     0.67027E+00     0.25802E-02     0.44200E-02     0.14384E-01    -0.27748E-02
     0.27153E+00     0.26891E-03    -0.10683E-02     0.98911E+00     0.73638E+00    -0.15584E-02     0.37394E-01     0.91440E-01     0.19781E+02     0.91440E-01     0.19351E+02     0.17695E+01     0.18069E+01     0.67082E+00     0.26169E-02     0.43912E-02     0.13703E-01    -0.27375E-02
     0.28325E+00     0.26772E-03    -0.10910E-02     0.99642E+00     0.73459E+00    -0.15787E-02     0.34468E-01     0.91575E-01     0.19717E+02     0.91575E-01     0.19321E+02     0.17693E+01     0.18038E+01     0.67136E+00     0.26450E-02     0.43558E-02     0.13067E-01    -0.26978E-02
     0.29514E+00     0.26655E-03    -0.11003E-02     0.10034E+01     0.73286E+00    -0.15934E-02     0.31768E-01     0.91705E-01     0.19656E+02     0.91705E-01     0.19290E+02     0.17690E+01     0.18008E+01     0.67187E+00     0.26650E-02     0.43142E-02     0.12474E-01    -0.26561E-02
     0.30719E+00     0.26540E-03    -0.10961E-02     0.10102E+01     0.73118E+00    -0.16031E-02     0.29271E-01     0.91832E-01     0.19596E+02     0.91832E-01     0.19259E+02     0.17686E+01     0.17978E+01     0.67238E+00     0.26774E-02     0.42667E-02     0.11922E-01    -0.26123E-02
     0.31939E+00     0.26428E-03    -0.10790E-02     0.10166E+01     0.72955E+00    -0.16080E-02     0.26957E-01     0.91956E-01     0.19539E+02     0.91956E-01     0.19227E+02     0.17681E+01     0.17950E+01     0.67287E+00     0.26827E-02     0.42141E-02     0.11408E-01    -0.25666E-02
     0.33174E+00     0.26319E-03    -0.10482E-02     0.10229E+01     0.72795E+00    -0.16085E-02     0.24806E-01     0.92078E-01     0.19482E+02     0.92078E-01     0.19195E+02     0.17674E+01     0.17922E+01     0.67335E+00     0.26815E-02     0.41571E-02     0.10930E-01    -0.25192E-02
     0.34425E+00     0.26214E-03    -0.10023E-02     0.10290E+01     0.72639E+00    -0.16050E-02     0.22800E-01     0.92197E-01     0.19427E+02     0.92197E-01     0.19163E+02     0.17667E+01     0.17895E+01     0.67382E+00     0.26744E-02     0.40963E-02     0.10485E-01    -0.24703E-02
     0.35690E+00     0.26114E-03    -0.93952E-03     0.10349E+01     0.72485E+00    -0.15978E-02     0.20923E-01     0.92315E-01     0.19374E+02     0.92315E-01     0.19130E+02     0.17660E+01     0.17869E+01     0.67428E+00     0.26618E-02     0.40320E-02     0.10070E-01    -0.24200E-02
     0.36969E+00     0.26021E-03    -0.85934E-03     0.10406E+01     0.72334E+00    -0.15873E-02     0.19164E-01     0.92430E-01     0.19321E+02     0.92430E-01     0.19097E+02     0.17651E+01     0.17843E+01     0.67474E+00     0.26444E-02     0.39646E-02     0.96805E-02    -0.23685E-02
     0.38262E+00     0.25933E-03    -0.76356E-03     0.10462E+01     0.72184E+00    -0.15739E-02     0.17514E-01     0.92545E-01     0.19269E+02     0.92545E-01     0.19063E+02     0.17642E+01     0.17817E+01     0.67519E+00     0.26227E-02     0.38940E-02     0.93145E-02    -0.23157E-02
     0.39569E+00     0.25851E-03    -0.65533E-03     0.10517E+01     0.72037E+00    -0.15580E-02     0.15963E-01     0.92658E-01     0.19218E+02     0.92658E-01     0.19029E+02     0.17632E+01     0.17791E+01     0.67564E+00     0.25973E-02     0.38201E-02     0.89696E-02    -0.22619E-02
     0.40890E+00     0.25773E-03    -0.53745E-03     0.10570E+01     0.71891E+00    -0.15398E-02     0.14500E-01     0.92771E-01     0.19167E+02     0.92771E-01     0.18995E+02     0.17621E+01     0.17766E+01     0.67608E+00     0.25686E-02     0.37434E-02     0.86443E-02    -0.22070E-02
     0.42223E+00     0.25701E-03    -0.41220E-03     0.10623E+01     0.71747E+00    -0.15197E-02     0.13117E-01     0.92882E-01     0.19117E+02     0.92882E-01     0.18960E+02     0.17610E+01     0.17741E+01     0.67652E+00     0.25371E-02     0.36645E-02     0.83361E-02    -0.21512E-02
     0.43569E+00     0.25633E-03    -0.28175E-03     0.10674E+01     0.71603E+00    -0.14980E-02     0.11803E-01     0.92994E-01     0.19067E+02     0.92994E-01     0.18925E+02     0.17599E+01     0.17717E+01     0.67696E+00     0.25032E-02     0.35840E-02     0.80426E-02    -0.20947E-02
     0.44927E+00     0.25571E-03    -0.14769E-03     0.10724E+01     0.71461E+00    -0.14748E-02     0.10548E-01     0.93104E-01     0.19018E+02     0.93104E-01     0.18890E+02     0.17587E+01     0.17692E+01     0.67740E+00     0.24673E-02     0.35021E-02     0.77617E-02    -0.20376E-02
     0.46297E+00     0.25515E-03    -0.10786E-04     0.10773E+01     0.71318E+00    -0.14506E-02     0.93450E-02     0.93215E-01     0.18969E+02     0.93215E-01     0.18854E+02     0.17574E+01     0.17668E+01     0.67783E+00     0.24298E-02     0.34187E-02     0.74918E-02    -0.19800E-02
     0.47679E+00     0.25465E-03     0.12804E-03     0.10821E+01     0.71176E+00    -0.14255E-02     0.81870E-02     0.93326E-01     0.18921E+02     0.93326E-01     0.18818E+02     0.17561E+01     0.17643E+01     0.67827E+00     0.23911E-02     0.33338E-02     0.72319E-02    -0.19219E-02
     0.49072E+00     0.25423E-03     0.26637E-03     0.10869E+01     0.71034E+00    -0.14000E-02     0.70706E-02     0.93436E-01     0.18872E+02     0.93436E-01     0.18781E+02     0.17548E+01     0.17619E+01     0.67870E+00     0.23519E-02     0.32477E-02     0.69816E-02    -0.18635E-02
     0.50476E+00     0.25388E-03     0.40064E-03     0.10915E+01     0.70893E+00    -0.13742E-02     0.59926E-02     0.93547E-01     0.18824E+02     0.93547E-01     0.18745E+02     0.17535E+01     0.17595E+01     0.67914E+00     0.23122E-02     0.31614E-02     0.67412E-02    -0.18047E-02
     0.51891E+00     0.25358E-03     0.52811E-03     0.10960E+01     0.70751E+00    -0.13483E-02     0.49492E-02     0.93658E-01     0.18776E+02     0.93658E-01     0.18708E+02     0.17521E+01     0.17570E+01     0.67958E+00     0.22724E-02     0.30757E-02     0.65104E-02    -0.17456E-02
     0.53316E+00     0.25334E-03     0.64734E-03     0.11004E+01     0.70609E+00    -0.13223E-02     0.39354E-02     0.93770E-01     0.18728E+02     0.93770E-01     0.18670E+02     0.17507E+01     0.17546E+01     0.68001E+00     0.22326E-02     0.29911E-02     0.62886E-02    -0.16862E-02
     0.54751E+00     0.25317E-03     0.75785E-03     0.11047E+01     0.70467E+00    -0.12964E-02     0.29461E-02     0.93882E-01     0.18680E+02     0.93882E-01     0.18633E+02     0.17492E+01     0.17522E+01     0.68045E+00     0.21928E-02     0.29078E-02     0.60747E-02    -0.16265E-02
     0.56196E+00     0.25304E-03     0.85963E-03     0.11089E+01     0.70325E+00    -0.12705E-02     0.19761E-02     0.93994E-01     0.18632E+02     0.93994E-01     0.18595E+02     0.17478E+01     0.17498E+01     0.68089E+00     0.21532E-02     0.28262E-02     0.58680E-02    -0.15664E-02
     0.57649E+00     0.25297E-03     0.95250E-03     0.11130E+01     0.70182E+00    -0.12448E-02     0.10180E-02     0.94107E-01     0.18583E+02     0.94107E-01     0.18557E+02     0.17463E+01     0.17473E+01     0.68134E+00     0.21139E-02     0.27463E-02     0.56679E-02    -0.15061E-02
     0.59112E+00     0.25294E-03     0.10359E-02     0.11170E+01     0.70038E+00    -0.12194E-02     0.64600E-04     0.94221E-01     0.18535E+02     0.94221E-01     0.18518E+02     0.17448E+01     0.17449E+01     0.68178E+00     0.20751E-02     0.26685E-02     0.54739E-02    -0.14455E-02
     0.60584E+00     0.25294E-03     0.11094E-02     0.11209E+01     0.69893E+00    -0.11944E-02    -0.89392E-03     0.94336E-01     0.18486E+02     0.94336E-01     0.18480E+02     0.17433E+01     0.17424E+01     0.68223E+00     0.20367E-02     0.25926E-02     0.52850E-02    -0.13845E-02
     0.62064E+00     0.25300E-03     0.11730E-02     0.11247E+01     0.69746E+00    -0.11698E-02    -0.18690E-02     0.94453E-01     0.18437E+02     0.94453E-01     0.18441E+02     0.17418E+01     0.17399E+01     0.68269E+00     0.19991E-02     0.25183E-02     0.51006E-02    -0.13231E-02
     0.63552E+00     0.25312E-03     0.12265E-02     0.11284E+01     0.69598E+00    -0.11458E-02    -0.28699E-02     0.94571E-01     0.18388E+02     0.94571E-01     0.18402E+02     0.17402E+01     0.17374E+01     0.68315E+00     0.19625E-02     0.24455E-02     0.49199E-02    -0.12611E-02
     0.65047E+00     0.25333E-03     0.12691E-02     0.11320E+01     0.69448E+00    -0.11226E-02    -0.39023E-02     0.94691E-01     0.18338E+02     0.94691E-01     0.18362E+02     0.17387E+01     0.17348E+01     0.68362E+00     0.19269E-02     0.23740E-02     0.47426E-02    -0.11987E-02
     0.66550E+00     0.25363E-03     0.13003E-02     0.11354E+01     0.69296E+00    -0.11002E-02    -0.49689E-02     0.94812E-01     0.18287E+02     0.94812E-01     0.18323E+02     0.17372E+01     0.17322E+01     0.68410E+00     0.18926E-02     0.23038E-02     0.45691E-02    -0.11359E-02
     0.68060E+00     0.25402E-03     0.13203E-02     0.11387E+01     0.69142E+00    -0.10788E-02    -0.60712E-02     0.94936E-01     0.18236E+02     0.94936E-01     0.18283E+02     0.17357E+01     0.17296E+01     0.68458E+00     0.18597E-02     0.22353E-02     0.44004E-02    -0.10730E-02
     0.69576E+00     0.25451E-03     0.13305E-02     0.11419E+01     0.68986E+00    -0.10585E-02    -0.72107E-02     0.95061E-01     0.18185E+02     0.95061E-01     0.18243E+02     0.17342E+01     0.17270E+01     0.68507E+00     0.18284E-02     0.21690E-02     0.42370E-02    -0.10101E-02
     0.71099E+00     0.25511E-03     0.13332E-02     0.11449E+01     0.68828E+00    -0.10393E-02    -0.83893E-02     0.95189E-01     0.18133E+02     0.95189E-01     0.18203E+02     0.17327E+01     0.17243E+01     0.68557E+00     0.17989E-02     0.21052E-02     0.40797E-02    -0.94718E-03
     0.72628E+00     0.25583E-03     0.13312E-02     0.11477E+01     0.68667E+00    -0.10215E-02    -0.96061E-02     0.95318E-01     0.18080E+02     0.95318E-01     0.18163E+02     0.17312E+01     0.17216E+01     0.68607E+00     0.17712E-02     0.20444E-02     0.39284E-02    -0.88431E-03
     0.74162E+00     0.25667E-03     0.13271E-02     0.11505E+01     0.68505E+00    -0.10050E-02    -0.10859E-01     0.95449E-01     0.18027E+02     0.95449E-01     0.18122E+02     0.17297E+01     0.17188E+01     0.68658E+00     0.17455E-02     0.19872E-02     0.37837E-02    -0.82154E-03
     0.75702E+00     0.25763E-03     0.13221E-02     0.11530E+01     0.68341E+00    -0.98995E-03    -0.12148E-01     0.95582E-01     0.17973E+02     0.95582E-01     0.18081E+02     0.17282E+01     0.17160E+01     0.68710E+00     0.17220E-02     0.19337E-02     0.36457E-02    -0.75893E-03
     0.77247E+00     0.25873E-03     0.13163E-02     0.11554E+01     0.68175E+00    -0.97634E-03    -0.13470E-01     0.95717E-01     0.17919E+02     0.95717E-01     0.18040E+02     0.17267E+01     0.17132E+01     0.68762E+00     0.17005E-02     0.18845E-02     0.35151E-02    -0.69652E-03
     0.78796E+00     0.25995E-03     0.13099E-02     0.11576E+01     0.68008E+00    -0.96415E-03    -0.14824E-01     0.95853E-01     0.17864E+02     0.95853E-01     0.17999E+02     0.17252E+01     0.17104E+01     0.68816E+00     0.16811E-02     0.18397E-02     0.33925E-02    -0.63429E-03
     0.80350E+00     0.26128E-03     0.13034E-02     0.11596E+01     0.67838E+00    -0.95336E-03    -0.16211E-01     0.95991E-01     0.17809E+02     0.95991E-01     0.17958E+02     0.17237E+01     0.17075E+01     0.68869E+00     0.16637E-02     0.17994E-02     0.32785E-02    -0.57216E-03
     0.81907E+00     0.26273E-03     0.12972E-02     0.11614E+01     0.67667E+00    -0.94398E-03    -0.17636E-01     0.96131E-01     0.17753E+02     0.96131E-01     0.17916E+02     0.17223E+01     0.17046E+01     0.68924E+00     0.16483E-02     0.17635E-02     0.31735E-02    -0.51001E-03
     0.83469E+00     0.26432E-03     0.12903E-02     0.11631E+01     0.67493E+00    -0.93602E-03    -0.19103E-01     0.96273E-01     0.17697E+02     0.96273E-01     0.17875E+02     0.17208E+01     0.17017E+01     0.68979E+00     0.16351E-02     0.17317E-02     0.30784E-02    -0.44777E-03
     0.85033E+00     0.26606E-03     0.12801E-02     0.11645E+01     0.67318E+00    -0.92953E-03    -0.20611E-01     0.96417E-01     0.17640E+02     0.96417E-01     0.17833E+02     0.17194E+01     0.16988E+01     0.69035E+00     0.16239E-02     0.17038E-02     0.29940E-02    -0.38544E-03
     0.86601E+00     0.26797E-03     0.12643E-02     0.11657E+01     0.67140E+00    -0.92452E-03    -0.22157E-01     0.96563E-01     0.17583E+02     0.96563E-01     0.17791E+02     0.17179E+01     0.16958E+01     0.69092E+00     0.16149E-02     0.16801E-02     0.29211E-02    -0.32306E-03
     0.88171E+00     0.27007E-03     0.12417E-02     0.11668E+01     0.66961E+00    -0.92100E-03    -0.23734E-01     0.96711E-01     0.17525E+02     0.96711E-01     0.17749E+02     0.17165E+01     0.16928E+01     0.69149E+00     0.16080E-02     0.16603E-02     0.28602E-02    -0.26064E-03
     0.89744E+00     0.27234E-03     0.12115E-02     0.11676E+01     0.66781E+00    -0.91896E-03    -0.25334E-01     0.96859E-01     0.17468E+02     0.96859E-01     0.17707E+02     0.17151E+01     0.16897E+01     0.69207E+00     0.16032E-02     0.16447E-02     0.28114E-02    -0.19818E-03
     0.91319E+00     0.27478E-03     0.11733E-02     0.11682E+01     0.66599E+00    -0.91837E-03    -0.26947E-01     0.97009E-01     0.17409E+02     0.97009E-01     0.17665E+02     0.17136E+01     0.16867E+01     0.69265E+00     0.16005E-02     0.16334E-02     0.27747E-02    -0.13573E-03
     0.92895E+00     0.27737E-03     0.11267E-02     0.11686E+01     0.66417E+00    -0.91920E-03    -0.28571E-01     0.97161E-01     0.17351E+02     0.97161E-01     0.17623E+02     0.17122E+01     0.16836E+01     0.69323E+00     0.15998E-02     0.16267E-02     0.27505E-02    -0.73376E-04
     0.94473E+00     0.28010E-03     0.10717E-02     0.11688E+01     0.66233E+00    -0.92143E-03    -0.30206E-01     0.97313E-01     0.17293E+02     0.97313E-01     0.17580E+02     0.17107E+01     0.16805E+01     0.69382E+00     0.16011E-02     0.16247E-02     0.27390E-02    -0.11207E-04
     0.96051E+00     0.28299E-03     0.10089E-02     0.11688E+01     0.66049E+00    -0.92505E-03    -0.31856E-01     0.97466E-01     0.17234E+02     0.97466E-01     0.17538E+02     0.17093E+01     0.16774E+01     0.69442E+00     0.16045E-02     0.16274E-02     0.27400E-02     0.50752E-04
     0.97631E+00     0.28603E-03     0.93955E-03     0.11685E+01     0.65864E+00    -0.93009E-03    -0.33518E-01     0.97621E-01     0.17175E+02     0.97621E-01     0.17495E+02     0.17079E+01     0.16743E+01     0.69502E+00     0.16098E-02     0.16347E-02     0.27535E-02     0.11255E-03
     0.99210E+00     0.28923E-03     0.86541E-03     0.11681E+01     0.65677E+00    -0.93658E-03    -0.35193E-01     0.97776E-01     0.17116E+02     0.97776E-01     0.17453E+02     0.17064E+01     0.16712E+01     0.69562E+00     0.16172E-02     0.16464E-02     0.27791E-02     0.17427E-03
     0.10079E+01     0.29259E-03     0.78761E-03     0.11674E+01     0.65490E+00    -0.94449E-03    -0.36882E-01     0.97933E-01     0.17057E+02     0.97933E-01     0.17410E+02     0.17050E+01     0.16681E+01     0.69622E+00     0.16266E-02     0.16625E-02     0.28168E-02     0.23599E-03
     0.10237E+01     0.29610E-03     0.70618E-03     0.11665E+01     0.65302E+00    -0.95381E-03    -0.38583E-01     0.98091E-01     0.16998E+02     0.98091E-01     0.17368E+02     0.17035E+01     0.16649E+01     0.69683E+00     0.16380E-02     0.16827E-02     0.28668E-02     0.29776E-03
     0.10395E+01     0.29979E-03     0.62097E-03     0.11654E+01     0.65113E+00    -0.96449E-03    -0.40296E-01     0.98250E-01     0.16939E+02     0.98250E-01     0.17325E+02     0.17021E+01     0.16618E+01     0.69745E+00     0.16513E-02     0.17071E-02     0.29293E-02     0.35953E-03
     0.10553E+01     0.30366E-03     0.53276E-03     0.11641E+01     0.64923E+00    -0.97652E-03    -0.42017E-01     0.98409E-01     0.16879E+02     0.98409E-01     0.17282E+02     0.17006E+01     0.16586E+01     0.69806E+00     0.16666E-02     0.17353E-02     0.30041E-02     0.42122E-03
     0.10711E+01     0.30769E-03     0.44331E-03     0.11625E+01     0.64733E+00    -0.98990E-03    -0.43740E-01     0.98570E-01     0.16820E+02     0.98570E-01     0.17239E+02     0.16992E+01     0.16555E+01     0.69868E+00     0.16837E-02     0.17671E-02     0.30901E-02     0.48273E-03
     0.10868E+01     0.31189E-03     0.35444E-03     0.11608E+01     0.64543E+00    -0.10046E-02    -0.45463E-01     0.98731E-01     0.16761E+02     0.98731E-01     0.17196E+02     0.16977E+01     0.16523E+01     0.69931E+00     0.17027E-02     0.18022E-02     0.31865E-02     0.54406E-03
     0.11026E+01     0.31627E-03     0.26724E-03     0.11589E+01     0.64352E+00    -0.10208E-02    -0.47181E-01     0.98893E-01     0.16701E+02     0.98893E-01     0.17153E+02     0.16963E+01     0.16491E+01     0.69993E+00     0.17237E-02     0.18406E-02     0.32925E-02     0.60527E-03
     0.11183E+01     0.32082E-03     0.18205E-03     0.11568E+01     0.64161E+00    -0.10382E-02    -0.48889E-01     0.99055E-01     0.16642E+02     0.99055E-01     0.17111E+02     0.16948E+01     0.16459E+01     0.70056E+00     0.17466E-02     0.18821E-02     0.34075E-02     0.66636E-03
     0.11340E+01     0.32552E-03     0.10008E-03     0.11545E+01     0.63970E+00    -0.10570E-02    -0.50582E-01     0.99218E-01     0.16583E+02     0.99218E-01     0.17068E+02     0.16933E+01     0.16428E+01     0.70118E+00     0.17713E-02     0.19270E-02     0.35302E-02     0.72736E-03
     0.11497E+01     0.33036E-03     0.23847E-04     0.11521E+01     0.63780E+00    -0.10770E-02    -0.52257E-01     0.99380E-01     0.16524E+02     0.99380E-01     0.17025E+02     0.16919E+01     0.16396E+01     0.70181E+00     0.17977E-02     0.19757E-02     0.36594E-02     0.78829E-03
     0.11653E+01     0.33533E-03    -0.44364E-04     0.11495E+01     0.63590E+00    -0.10982E-02    -0.53916E-01     0.99543E-01     0.16466E+02     0.99543E-01     0.16982E+02     0.16904E+01     0.16364E+01     0.70243E+00     0.18258E-02     0.20283E-02     0.37943E-02     0.84916E-03
     0.11809E+01     0.34042E-03    -0.10421E-03     0.11468E+01     0.63400E+00    -0.11205E-02    -0.55563E-01     0.99706E-01     0.16408E+02     0.99706E-01     0.16939E+02     0.16889E+01     0.16333E+01     0.70306E+00     0.18554E-02     0.20848E-02     0.39345E-02     0.90997E-03
     0.11965E+01     0.34562E-03    -0.15659E-03     0.11438E+01     0.63210E+00    -0.11439E-02    -0.57206E-01     0.99870E-01     0.16349E+02     0.99870E-01     0.16896E+02     0.16874E+01     0.16302E+01     0.70369E+00     0.18864E-02     0.21449E-02     0.40799E-02     0.97069E-03
     0.12120E+01     0.35095E-03    -0.20183E-03     0.11408E+01     0.63020E+00    -0.11683E-02    -0.58848E-01     0.10003E+00     0.16291E+02     0.10003E+00     0.16854E+02     0.16859E+01     0.16270E+01     0.70432E+00     0.19188E-02     0.22084E-02     0.42302E-02     0.10313E-02
     0.12275E+01     0.35641E-03    -0.24082E-03     0.11376E+01     0.62829E+00    -0.11936E-02    -0.60494E-01     0.10020E+00     0.16233E+02     0.10020E+00     0.16811E+02     0.16843E+01     0.16239E+01     0.70495E+00     0.19525E-02     0.22750E-02     0.43853E-02     0.10918E-02
     0.12430E+01     0.36199E-03    -0.27657E-03     0.11343E+01     0.62638E+00    -0.12198E-02    -0.62143E-01     0.10036E+00     0.16176E+02     0.10036E+00     0.16768E+02     0.16829E+01     0.16207E+01     0.70559E+00     0.19874E-02     0.23445E-02     0.45448E-02     0.11520E-02
     0.12584E+01     0.36767E-03    -0.31291E-03     0.11308E+01     0.62447E+00    -0.12470E-02    -0.63798E-01     0.10053E+00     0.16118E+02     0.10053E+00     0.16726E+02     0.16814E+01     0.16176E+01     0.70622E+00     0.20237E-02     0.24163E-02     0.47083E-02     0.12120E-02
     0.12737E+01     0.37345E-03    -0.35237E-03     0.11273E+01     0.62256E+00    -0.12751E-02    -0.65467E-01     0.10070E+00     0.16060E+02     0.10070E+00     0.16683E+02     0.16799E+01     0.16144E+01     0.70686E+00     0.20612E-02     0.24902E-02     0.48753E-02     0.12717E-02
     0.12890E+01     0.37934E-03    -0.39557E-03     0.11236E+01     0.62064E+00    -0.13043E-02    -0.67158E-01     0.10086E+00     0.16002E+02     0.10086E+00     0.16641E+02     0.16784E+01     0.16112E+01     0.70751E+00     0.21000E-02     0.25660E-02     0.50456E-02     0.13310E-02
     0.13042E+01     0.38535E-03    -0.44170E-03     0.11198E+01     0.61870E+00    -0.13344E-02    -0.68876E-01     0.10103E+00     0.15944E+02     0.10103E+00     0.16599E+02     0.16769E+01     0.16081E+01     0.70815E+00     0.21402E-02     0.26434E-02     0.52189E-02     0.13900E-02
     0.13194E+01     0.39148E-03    -0.48869E-03     0.11159E+01     0.61676E+00    -0.13654E-02    -0.70624E-01     0.10120E+00     0.15886E+02     0.10120E+00     0.16556E+02     0.16755E+01     0.16049E+01     0.70881E+00     0.21814E-02     0.27225E-02     0.53946E-02     0.14488E-02
     0.13345E+01     0.39772E-03    -0.53403E-03     0.11119E+01     0.61481E+00    -0.13971E-02    -0.72400E-01     0.10138E+00     0.15828E+02     0.10138E+00     0.16514E+02     0.16741E+01     0.16017E+01     0.70946E+00     0.22237E-02     0.28031E-02     0.55721E-02     0.15073E-02
     0.13495E+01     0.40407E-03    -0.57566E-03     0.11078E+01     0.61285E+00    -0.14295E-02    -0.74211E-01     0.10155E+00     0.15770E+02     0.10155E+00     0.16472E+02     0.16727E+01     0.15985E+01     0.71012E+00     0.22667E-02     0.28852E-02     0.57512E-02     0.15653E-02
     0.13645E+01     0.41050E-03    -0.61271E-03     0.11036E+01     0.61088E+00    -0.14623E-02    -0.76062E-01     0.10172E+00     0.15712E+02     0.10172E+00     0.16431E+02     0.16713E+01     0.15952E+01     0.71079E+00     0.23104E-02     0.29688E-02     0.59318E-02     0.16228E-02
     0.13794E+01     0.41704E-03    -0.64490E-03     0.10993E+01     0.60889E+00    -0.14956E-02    -0.77964E-01     0.10190E+00     0.15653E+02     0.10190E+00     0.16389E+02     0.16699E+01     0.15920E+01     0.71146E+00     0.23545E-02     0.30537E-02     0.61138E-02     0.16799E-02
     0.13942E+01     0.42370E-03    -0.67215E-03     0.10950E+01     0.60689E+00    -0.15290E-02    -0.79920E-01     0.10208E+00     0.15594E+02     0.10208E+00     0.16347E+02     0.16686E+01     0.15887E+01     0.71214E+00     0.23989E-02     0.31399E-02     0.62978E-02     0.17366E-02
     0.14089E+01     0.43048E-03    -0.69568E-03     0.10905E+01     0.60487E+00    -0.15626E-02    -0.81934E-01     0.10226E+00     0.15535E+02     0.10226E+00     0.16306E+02     0.16673E+01     0.15854E+01     0.71283E+00     0.24432E-02     0.32272E-02     0.64843E-02     0.17931E-02
     0.14235E+01     0.43738E-03    -0.71784E-03     0.10860E+01     0.60284E+00    -0.15962E-02    -0.84008E-01     0.10244E+00     0.15476E+02     0.10244E+00     0.16265E+02     0.16661E+01     0.15821E+01     0.71353E+00     0.24875E-02     0.33150E-02     0.66748E-02     0.18493E-02
     0.14380E+01     0.44438E-03    -0.74096E-03     0.10814E+01     0.60078E+00    -0.16299E-02    -0.86145E-01     0.10263E+00     0.15416E+02     0.10263E+00     0.16224E+02     0.16649E+01     0.15787E+01     0.71423E+00     0.25317E-02     0.34027E-02     0.68694E-02     0.19049E-02
     0.14525E+01     0.45149E-03    -0.76638E-03     0.10767E+01     0.59871E+00    -0.16635E-02    -0.88350E-01     0.10281E+00     0.15356E+02     0.10281E+00     0.16183E+02     0.16637E+01     0.15754E+01     0.71494E+00     0.25759E-02     0.34900E-02     0.70685E-02     0.19599E-02
     0.14668E+01     0.45871E-03    -0.79452E-03     0.10720E+01     0.59661E+00    -0.16971E-02    -0.90632E-01     0.10300E+00     0.15295E+02     0.10300E+00     0.16142E+02     0.16626E+01     0.15720E+01     0.71566E+00     0.26198E-02     0.35767E-02     0.72724E-02     0.20144E-02
     0.14811E+01     0.46605E-03    -0.82457E-03     0.10672E+01     0.59450E+00    -0.17306E-02    -0.92995E-01     0.10319E+00     0.15234E+02     0.10319E+00     0.16102E+02     0.16615E+01     0.15685E+01     0.71639E+00     0.26635E-02     0.36624E-02     0.74821E-02     0.20683E-02
     0.14952E+01     0.47351E-03    -0.85416E-03     0.10623E+01     0.59235E+00    -0.17638E-02    -0.95442E-01     0.10339E+00     0.15173E+02     0.10339E+00     0.16061E+02     0.16605E+01     0.15651E+01     0.71713E+00     0.27066E-02     0.37468E-02     0.76979E-02     0.21215E-02
     0.15093E+01     0.48105E-03    -0.88118E-03     0.10573E+01     0.59019E+00    -0.17966E-02    -0.97980E-01     0.10359E+00     0.15111E+02     0.10359E+00     0.16021E+02     0.16595E+01     0.15616E+01     0.71788E+00     0.27489E-02     0.38299E-02     0.79189E-02     0.21738E-02
     0.15232E+01     0.48866E-03    -0.90425E-03     0.10523E+01     0.58799E+00    -0.18287E-02    -0.10062E+00     0.10379E+00     0.15048E+02     0.10379E+00     0.15982E+02     0.16586E+01     0.15580E+01     0.71864E+00     0.27904E-02     0.39123E-02     0.81446E-02     0.22253E-02
     0.15370E+01     0.49636E-03    -0.92314E-03     0.10471E+01     0.58576E+00    -0.18602E-02    -0.10339E+00     0.10399E+00     0.14985E+02     0.10399E+00     0.15942E+02     0.16578E+01     0.15544E+01     0.71942E+00     0.28306E-02     0.39943E-02     0.83755E-02     0.22758E-02
     0.15507E+01     0.50415E-03    -0.93865E-03     0.10419E+01     0.58349E+00    -0.18906E-02    -0.10628E+00     0.10420E+00     0.14921E+02     0.10420E+00     0.15903E+02     0.16570E+01     0.15507E+01     0.72021E+00     0.28693E-02     0.40757E-02     0.86135E-02     0.23255E-02
     0.15643E+01     0.51204E-03    -0.95072E-03     0.10366E+01     0.58118E+00    -0.19199E-02    -0.10933E+00     0.10442E+00     0.14856E+02     0.10442E+00     0.15864E+02     0.16563E+01     0.15470E+01     0.72102E+00     0.29062E-02     0.41564E-02     0.88615E-02     0.23745E-02
     0.15778E+01     0.52006E-03    -0.95946E-03     0.10313E+01     0.57883E+00    -0.19477E-02    -0.11253E+00     0.10464E+00     0.14790E+02     0.10464E+00     0.15825E+02     0.16558E+01     0.15432E+01     0.72184E+00     0.29410E-02     0.42360E-02     0.91216E-02     0.24227E-02
     0.15911E+01     0.52822E-03    -0.96654E-03     0.10258E+01     0.57643E+00    -0.19740E-02    -0.11589E+00     0.10486E+00     0.14723E+02     0.10486E+00     0.15786E+02     0.16553E+01     0.15394E+01     0.72269E+00     0.29736E-02     0.43142E-02     0.93942E-02     0.24701E-02
     0.16043E+01     0.53653E-03    -0.97439E-03     0.10203E+01     0.57398E+00    -0.19987E-02    -0.11942E+00     0.10509E+00     0.14655E+02     0.10509E+00     0.15748E+02     0.16549E+01     0.15355E+01     0.72355E+00     0.30036E-02     0.43902E-02     0.96799E-02     0.25165E-02
     0.16174E+01     0.54499E-03    -0.98480E-03     0.10147E+01     0.57148E+00    -0.20216E-02    -0.12313E+00     0.10533E+00     0.14586E+02     0.10533E+00     0.15710E+02     0.16546E+01     0.15315E+01     0.72444E+00     0.30311E-02     0.44635E-02     0.99797E-02     0.25617E-02
     0.16303E+01     0.55356E-03    -0.99888E-03     0.10090E+01     0.56893E+00    -0.20424E-02    -0.12700E+00     0.10557E+00     0.14516E+02     0.10557E+00     0.15673E+02     0.16544E+01     0.15274E+01     0.72534E+00     0.30555E-02     0.45340E-02     0.10295E-01     0.26058E-02
     0.16431E+01     0.56220E-03    -0.10168E-02     0.10032E+01     0.56633E+00    -0.20608E-02    -0.13107E+00     0.10581E+00     0.14444E+02     0.10581E+00     0.15635E+02     0.16543E+01     0.15232E+01     0.72627E+00     0.30764E-02     0.46018E-02     0.10627E-01     0.26487E-02
     0.16558E+01     0.57088E-03    -0.10379E-02     0.99738E+00     0.56367E+00    -0.20764E-02    -0.13534E+00     0.10607E+00     0.14372E+02     0.10607E+00     0.15598E+02     0.16543E+01     0.15190E+01     0.72722E+00     0.30933E-02     0.46669E-02     0.10978E-01     0.26904E-02
     0.16683E+01     0.57963E-03    -0.10607E-02     0.99141E+00     0.56094E+00    -0.20886E-02    -0.13986E+00     0.10633E+00     0.14298E+02     0.10633E+00     0.15562E+02     0.16545E+01     0.15147E+01     0.72820E+00     0.31054E-02     0.47292E-02     0.11351E-01     0.27307E-02
     0.16806E+01     0.58845E-03    -0.10824E-02     0.98533E+00     0.55814E+00    -0.20970E-02    -0.14463E+00     0.10660E+00     0.14222E+02     0.10660E+00     0.15525E+02     0.16548E+01     0.15102E+01     0.72921E+00     0.31121E-02     0.47883E-02     0.11747E-01     0.27694E-02
     0.16928E+01     0.59733E-03    -0.10997E-02     0.97911E+00     0.55525E+00    -0.21011E-02    -0.14968E+00     0.10688E+00     0.14145E+02     0.10688E+00     0.15489E+02     0.16553E+01     0.15056E+01     0.73025E+00     0.31127E-02     0.48433E-02     0.12167E-01     0.28063E-02
     0.17049E+01     0.60625E-03    -0.11095E-02     0.97274E+00     0.55228E+00    -0.21001E-02    -0.15505E+00     0.10716E+00     0.14065E+02     0.10716E+00     0.15454E+02     0.16560E+01     0.15009E+01     0.73133E+00     0.31064E-02     0.48937E-02     0.12615E-01     0.28411E-02
     0.17167E+01     0.61516E-03    -0.11094E-02     0.96620E+00     0.54920E+00    -0.20936E-02    -0.16075E+00     0.10746E+00     0.13983E+02     0.10746E+00     0.15419E+02     0.16568E+01     0.14961E+01     0.73245E+00     0.30924E-02     0.49390E-02     0.13094E-01     0.28738E-02
     0.17285E+01     0.62404E-03    -0.10979E-02     0.95945E+00     0.54601E+00    -0.20811E-02    -0.16684E+00     0.10778E+00     0.13899E+02     0.10778E+00     0.15384E+02     0.16579E+01     0.14910E+01     0.73361E+00     0.30702E-02     0.49790E-02     0.13606E-01     0.29041E-02
     0.17400E+01     0.63285E-03    -0.10754E-02     0.95248E+00     0.54270E+00    -0.20622E-02    -0.17334E+00     0.10810E+00     0.13812E+02     0.10810E+00     0.15349E+02     0.16592E+01     0.14858E+01     0.73483E+00     0.30390E-02     0.50133E-02     0.14154E-01     0.29317E-02
     0.17514E+01     0.64157E-03    -0.10440E-02     0.94523E+00     0.53924E+00    -0.20363E-02    -0.18033E+00     0.10845E+00     0.13721E+02     0.10845E+00     0.15315E+02     0.16607E+01     0.14804E+01     0.73610E+00     0.29985E-02     0.50414E-02     0.14740E-01     0.29566E-02
     0.17626E+01     0.65016E-03    -0.10046E-02     0.93766E+00     0.53562E+00    -0.20032E-02    -0.18784E+00     0.10881E+00     0.13627E+02     0.10881E+00     0.15282E+02     0.16626E+01     0.14747E+01     0.73744E+00     0.29481E-02     0.50629E-02     0.15368E-01     0.29786E-02
     0.17737E+01     0.65851E-03    -0.95735E-03     0.92972E+00     0.53182E+00    -0.19624E-02    -0.19595E+00     0.10919E+00     0.13529E+02     0.10919E+00     0.15248E+02     0.16647E+01     0.14688E+01     0.73885E+00     0.28874E-02     0.50774E-02     0.16041E-01     0.29972E-02
     0.17845E+01     0.66649E-03    -0.90199E-03     0.92135E+00     0.52782E+00    -0.19138E-02    -0.20473E+00     0.10959E+00     0.13426E+02     0.10959E+00     0.15215E+02     0.16673E+01     0.14625E+01     0.74034E+00     0.28162E-02     0.50848E-02     0.16760E-01     0.30120E-02
     0.17952E+01     0.67399E-03    -0.83842E-03     0.91247E+00     0.52358E+00    -0.18572E-02    -0.21429E+00     0.11002E+00     0.13318E+02     0.11002E+00     0.15183E+02     0.16702E+01     0.14559E+01     0.74193E+00     0.27342E-02     0.50848E-02     0.17528E-01     0.30222E-02
     0.18057E+01     0.68089E-03    -0.76660E-03     0.90300E+00     0.51906E+00    -0.17925E-02    -0.22476E+00     0.11048E+00     0.13204E+02     0.11048E+00     0.15151E+02     0.16737E+01     0.14489E+01     0.74363E+00     0.26415E-02     0.50768E-02     0.18346E-01     0.30274E-02
     0.18160E+01     0.68704E-03    -0.68656E-03     0.89284E+00     0.51422E+00    -0.17197E-02    -0.23626E+00     0.11098E+00     0.13082E+02     0.11098E+00     0.15119E+02     0.16777E+01     0.14414E+01     0.74546E+00     0.25382E-02     0.50602E-02     0.19212E-01     0.30269E-02
     0.18261E+01     0.69227E-03    -0.59950E-03     0.88187E+00     0.50901E+00    -0.16389E-02    -0.24898E+00     0.11151E+00     0.12952E+02     0.11151E+00     0.15088E+02     0.16823E+01     0.14334E+01     0.74745E+00     0.24243E-02     0.50346E-02     0.20125E-01     0.30200E-02
     0.18360E+01     0.69634E-03    -0.50717E-03     0.86998E+00     0.50337E+00    -0.15502E-02    -0.26308E+00     0.11210E+00     0.12812E+02     0.11210E+00     0.15058E+02     0.16877E+01     0.14247E+01     0.74960E+00     0.23002E-02     0.49990E-02     0.21080E-01     0.30061E-02
     0.18457E+01     0.69894E-03    -0.41090E-03     0.85703E+00     0.49722E+00    -0.14541E-02    -0.27879E+00     0.11274E+00     0.12661E+02     0.11274E+00     0.15027E+02     0.16940E+01     0.14152E+01     0.75196E+00     0.21666E-02     0.49521E-02     0.22071E-01     0.29839E-02
     0.18552E+01     0.69973E-03    -0.31187E-03     0.84285E+00     0.49050E+00    -0.13510E-02    -0.29637E+00     0.11345E+00     0.12497E+02     0.11345E+00     0.14997E+02     0.17013E+01     0.14049E+01     0.75456E+00     0.20241E-02     0.48921E-02     0.23087E-01     0.29523E-02
     0.18645E+01     0.69825E-03    -0.21202E-03     0.82728E+00     0.48309E+00    -0.12418E-02    -0.31614E+00     0.11424E+00     0.12318E+02     0.11424E+00     0.14968E+02     0.17097E+01     0.13936E+01     0.75744E+00     0.18740E-02     0.48170E-02     0.24115E-01     0.29099E-02
     0.18736E+01     0.69393E-03    -0.11480E-03     0.81009E+00     0.47489E+00    -0.11273E-02    -0.33844E+00     0.11512E+00     0.12122E+02     0.11512E+00     0.14939E+02     0.17196E+01     0.13811E+01     0.76065E+00     0.17176E-02     0.47246E-02     0.25135E-01     0.28549E-02
     0.18825E+01     0.68608E-03    -0.24785E-04     0.79108E+00     0.46577E+00    -0.10087E-02    -0.36373E+00     0.11611E+00     0.11905E+02     0.11611E+00     0.14911E+02     0.17310E+01     0.13673E+01     0.76425E+00     0.15564E-02     0.46128E-02     0.26121E-01     0.27857E-02
     0.18912E+01     0.67390E-03     0.53340E-04     0.76998E+00     0.45556E+00    -0.88744E-03    -0.39252E+00     0.11723E+00     0.11666E+02     0.11723E+00     0.14883E+02     0.17444E+01     0.13519E+01     0.76831E+00     0.13926E-02     0.44797E-02     0.27035E-01     0.27001E-02
     0.18996E+01     0.65645E-03     0.11623E-03     0.74650E+00     0.44409E+00    -0.76513E-03    -0.42541E+00     0.11850E+00     0.11401E+02     0.11850E+00     0.14855E+02     0.17600E+01     0.13346E+01     0.77291E+00     0.12283E-02     0.43234E-02     0.27828E-01     0.25955E-02
     0.19078E+01     0.63264E-03     0.16263E-03     0.72033E+00     0.43114E+00    -0.64357E-03    -0.46311E+00     0.11995E+00     0.11106E+02     0.11995E+00     0.14828E+02     0.17783E+01     0.13152E+01     0.77817E+00     0.10659E-02     0.41432E-02     0.28437E-01     0.24694E-02
     0.19158E+01     0.60139E-03     0.19331E-03     0.69113E+00     0.41647E+00    -0.52467E-03    -0.50645E+00     0.12163E+00     0.10778E+02     0.12163E+00     0.14801E+02     0.17999E+01     0.12934E+01     0.78418E+00     0.90798E-03     0.39384E-02     0.28787E-01     0.23191E-02
     0.19236E+01     0.56168E-03     0.21022E-03     0.65855E+00     0.39982E+00    -0.41042E-03    -0.55634E+00     0.12356E+00     0.10413E+02     0.12356E+00     0.14774E+02     0.18252E+01     0.12688E+01     0.79110E+00     0.75719E-03     0.37092E-02     0.28791E-01     0.21426E-02
     0.19311E+01     0.51283E-03     0.21573E-03     0.62226E+00     0.38092E+00    -0.30274E-03    -0.61379E+00     0.12580E+00     0.10008E+02     0.12580E+00     0.14748E+02     0.18550E+01     0.12412E+01     0.79909E+00     0.61602E-03     0.34560E-02     0.28353E-01     0.19391E-02
     0.19384E+01     0.45476E-03     0.21214E-03     0.58198E+00     0.35950E+00    -0.20345E-03    -0.67984E+00     0.12839E+00     0.95607E+01     0.12839E+00     0.14722E+02     0.18900E+01     0.12101E+01     0.80830E+00     0.48681E-03     0.31798E-02     0.27373E-01     0.17092E-02
     0.19455E+01     0.38837E-03     0.20146E-03     0.53752E+00     0.33533E+00    -0.11411E-03    -0.75548E+00     0.13141E+00     0.90720E+01     0.13141E+00     0.14697E+02     0.19309E+01     0.11755E+01     0.81891E+00     0.37152E-03     0.28822E-02     0.25762E-01     0.14566E-02
     0.19523E+01     0.31590E-03     0.18552E-03     0.48887E+00     0.30826E+00    -0.35928E-04    -0.84156E+00     0.13489E+00     0.85446E+01     0.13489E+00     0.14671E+02     0.19787E+01     0.11372E+01     0.83109E+00     0.27167E-03     0.25653E-02     0.23462E-01     0.11887E-02
     0.19589E+01     0.24114E-03     0.16614E-03     0.43625E+00     0.27826E+00     0.30265E-04    -0.93863E+00     0.13889E+00     0.79846E+01     0.13889E+00     0.14646E+02     0.20340E+01     0.10954E+01     0.84498E+00     0.18824E-03     0.22319E-02     0.20480E-01     0.91710E-03
     0.19652E+01     0.16929E-03     0.14487E-03     0.38014E+00     0.24548E+00     0.84085E-04    -0.10468E+01     0.14346E+00     0.74023E+01     0.14346E+00     0.14621E+02     0.20973E+01     0.10505E+01     0.86065E+00     0.12162E-03     0.18850E-02     0.16920E-01     0.65759E-03
     0.19713E+01     0.10616E-03     0.12262E-03     0.32135E+00     0.21025E+00     0.12560E-03    -0.11656E+01     0.14861E+00     0.68111E+01     0.14861E+00     0.14597E+02     0.21690E+01     0.10033E+01     0.87813E+00     0.71505E-04     0.15281E-02     0.13013E-01     0.42775E-03
     0.19771E+01     0.56855E-04     0.99814E-04     0.26096E+00     0.17311E+00     0.15538E-03    -0.12941E+01     0.15434E+00     0.62263E+01     0.15434E+00     0.14572E+02     0.22489E+01     0.95475E+00     0.89734E+00     0.36784E-04     0.11663E-02     0.91001E-02     0.24355E-03
     0.19826E+01     0.24063E-04     0.76757E-04     0.20019E+00     0.13473E+00     0.17459E-03    -0.14308E+01     0.16063E+00     0.56632E+01     0.16063E+00     0.14548E+02     0.23367E+01     0.90585E+00     0.91812E+00     0.15458E-04     0.80923E-03     0.55797E-02     0.11452E-03
     0.19879E+01     0.68253E-05     0.53858E-04     0.14026E+00     0.95824E-01     0.18504E-03    -0.15740E+01     0.16743E+00     0.51342E+01     0.16743E+00     0.14524E+02     0.24317E+01     0.85771E+00     0.94025E+00     0.46210E-05     0.47546E-03     0.28025E-02     0.39873E-04
     0.19929E+01     0.78234E-06     0.31553E-04     0.82188E-01     0.57021E-01     0.18929E-03    -0.17220E+01     0.17470E+00     0.46470E+01     0.17470E+00     0.14501E+02     0.25331E+01     0.81117E+00     0.96349E+00     0.69115E-06     0.19748E-03     0.97033E-03     0.78644E-05
     0.19977E+01     0.00000E+00     0.10225E-04     0.26675E-01     0.18796E-01     0.19014E-03    -0.18736E+01     0.18238E+00     0.42046E+01     0.18238E+00     0.14478E+02     0.26404E+01     0.76678E+00     0.98764E+00     0.10249E-07     0.25328E-04     0.10241E-03     0.25333E-06
