     0.23093E-02     0.40956E-05    -0.42723E-03     0.21803E-06     0.00000E+00     0.00000E+00    -0.68018E-05     0.42352E-03    -0.21106E-06     0.35560E-04    -0.14642E-05    -0.72203E-07     0.13886E-06
     0.70633E-02     0.39020E-04    -0.42211E-03     0.69388E-05     0.00000E+00     0.00000E+00     0.98486E-05     0.41313E-03    -0.20863E-05     0.35168E-04    -0.15750E-05    -0.77031E-06     0.13160E-05
     0.12087E-01     0.11388E-03    -0.42176E-03     0.35062E-04     0.00000E+00     0.00000E+00     0.36017E-04     0.38215E-03    -0.61484E-05     0.33797E-04    -0.16649E-05    -0.23322E-05     0.38162E-05
     0.17376E-01     0.23129E-03    -0.41257E-03     0.10084E-03     0.00000E+00     0.00000E+00     0.91881E-04     0.30395E-03    -0.12564E-04     0.29305E-04    -0.17339E-05    -0.48635E-05     0.77001E-05
     0.22928E-01     0.38827E-03    -0.39411E-03     0.21442E-03     0.00000E+00     0.00000E+00     0.15710E-03     0.18096E-03    -0.21192E-04     0.22137E-04    -0.17671E-05    -0.83494E-05     0.12843E-04
     0.28739E-01     0.57457E-03    -0.37092E-03     0.37326E-03     0.00000E+00     0.00000E+00     0.20246E-03     0.37129E-04    -0.31489E-04     0.12810E-04    -0.17740E-05    -0.12603E-04     0.18886E-04
     0.34807E-01     0.77405E-03    -0.35000E-03     0.56039E-03     0.00000E+00     0.00000E+00     0.20096E-03    -0.93223E-04    -0.42574E-04     0.26503E-05    -0.17732E-05    -0.17279E-04     0.25295E-04
     0.41127E-01     0.96848E-03    -0.33677E-03     0.74946E-03     0.00000E+00     0.00000E+00     0.14666E-03    -0.18428E-03    -0.53435E-04    -0.69280E-05    -0.17862E-05    -0.21957E-04     0.31478E-04
     0.47696E-01     0.11419E-02    -0.33206E-03     0.91361E-03     0.00000E+00     0.00000E+00     0.54567E-04    -0.22777E-03    -0.63172E-04    -0.14766E-04    -0.18265E-05    -0.26241E-04     0.36931E-04
     0.54512E-01     0.12833E-02    -0.33324E-03     0.10334E-02     0.00000E+00     0.00000E+00    -0.49834E-04    -0.23037E-03    -0.71163E-04    -0.20240E-04    -0.18962E-05    -0.29841E-04     0.41322E-04
     0.61570E-01     0.13880E-02    -0.33641E-03     0.11005E-02     0.00000E+00     0.00000E+00    -0.14298E-03    -0.20594E-03    -0.77118E-04    -0.23266E-04    -0.19885E-05    -0.32605E-04     0.44513E-04
     0.68868E-01     0.14559E-02    -0.33827E-03     0.11170E-02     0.00000E+00     0.00000E+00    -0.21021E-03    -0.16858E-03    -0.81031E-04    -0.24150E-04    -0.20913E-05    -0.34505E-04     0.46526E-04
     0.76401E-01     0.14909E-02    -0.33691E-03     0.10919E-02     0.00000E+00     0.00000E+00    -0.24681E-03    -0.12888E-03    -0.83092E-04    -0.23398E-04    -0.21914E-05    -0.35603E-04     0.47490E-04
     0.84168E-01     0.14983E-02    -0.33178E-03     0.10368E-02     0.00000E+00     0.00000E+00    -0.25564E-03    -0.92907E-04    -0.83596E-04    -0.21544E-04    -0.22783E-05    -0.36011E-04     0.47586E-04
     0.92164E-01     0.14838E-02    -0.32328E-03     0.96331E-03     0.00000E+00     0.00000E+00    -0.24344E-03    -0.63119E-04    -0.82865E-04    -0.19055E-04    -0.23456E-05    -0.35863E-04     0.47003E-04
     0.10039E+00     0.14530E-02    -0.31212E-03     0.88098E-03     0.00000E+00     0.00000E+00    -0.21756E-03    -0.39974E-04    -0.81208E-04    -0.16292E-04    -0.23906E-05    -0.35289E-04     0.45920E-04
     0.10883E+00     0.14108E-02    -0.29914E-03     0.79695E-03     0.00000E+00     0.00000E+00    -0.18464E-03    -0.22772E-04    -0.78892E-04    -0.13514E-04    -0.24139E-05    -0.34404E-04     0.44490E-04
     0.11749E+00     0.13611E-02    -0.28514E-03     0.71600E-03     0.00000E+00     0.00000E+00    -0.14963E-03    -0.10284E-04    -0.76144E-04    -0.10889E-04    -0.24170E-05    -0.33307E-04     0.42837E-04
     0.12637E+00     0.13070E-02    -0.27062E-03     0.64089E-03     0.00000E+00     0.00000E+00    -0.11565E-03    -0.16318E-05    -0.73142E-04    -0.85225E-05    -0.24016E-05    -0.32081E-04     0.41062E-04
     0.13547E+00     0.12511E-02    -0.25593E-03     0.57298E-03     0.00000E+00     0.00000E+00    -0.84478E-04     0.39833E-05    -0.70026E-04    -0.64710E-05    -0.23702E-05    -0.30787E-04     0.39240E-04
     0.14477E+00     0.11951E-02    -0.24142E-03     0.51265E-03     0.00000E+00     0.00000E+00    -0.56791E-04     0.73427E-05    -0.66900E-04    -0.47471E-05    -0.23258E-05    -0.29474E-04     0.37427E-04
     0.15428E+00     0.11403E-02    -0.22729E-03     0.45973E-03     0.00000E+00     0.00000E+00    -0.33115E-04     0.90709E-05    -0.63834E-04    -0.33311E-05    -0.22712E-05    -0.28176E-04     0.35659E-04
     0.16399E+00     0.10875E-02    -0.21376E-03     0.41369E-03     0.00000E+00     0.00000E+00    -0.13831E-04     0.98221E-05    -0.60874E-04    -0.21858E-05    -0.22096E-05    -0.26914E-04     0.33962E-04
     0.17390E+00     0.10372E-02    -0.20093E-03     0.37389E-03     0.00000E+00     0.00000E+00     0.14109E-05     0.99373E-05    -0.58050E-04    -0.12711E-05    -0.21446E-05    -0.25703E-04     0.32348E-04
     0.18401E+00     0.98958E-03    -0.18886E-03     0.33957E-03     0.00000E+00     0.00000E+00     0.13127E-04     0.97181E-05    -0.55378E-04    -0.54688E-06    -0.20780E-05    -0.24553E-04     0.30827E-04
     0.19431E+00     0.94492E-03    -0.17756E-03     0.30998E-03     0.00000E+00     0.00000E+00     0.21711E-04     0.93785E-05    -0.52868E-04     0.23506E-07    -0.20100E-05    -0.23468E-04     0.29401E-04
     0.20480E+00     0.90326E-03    -0.16697E-03     0.28447E-03     0.00000E+00     0.00000E+00     0.27937E-04     0.88219E-05    -0.50525E-04     0.46541E-06    -0.19396E-05    -0.22452E-04     0.28074E-04
     0.21547E+00     0.86459E-03    -0.15707E-03     0.26246E-03     0.00000E+00     0.00000E+00     0.32407E-04     0.80385E-05    -0.48348E-04     0.80209E-06    -0.18660E-05    -0.21506E-04     0.26843E-04
     0.22633E+00     0.82879E-03    -0.14792E-03     0.24347E-03     0.00000E+00     0.00000E+00     0.35359E-04     0.72932E-05    -0.46331E-04     0.10602E-05    -0.17925E-05    -0.20627E-04     0.25705E-04
     0.23737E+00     0.79570E-03    -0.13946E-03     0.22703E-03     0.00000E+00     0.00000E+00     0.37011E-04     0.66472E-05    -0.44465E-04     0.12560E-05    -0.17242E-05    -0.19813E-04     0.24654E-04
     0.24859E+00     0.76520E-03    -0.13167E-03     0.21270E-03     0.00000E+00     0.00000E+00     0.37404E-04     0.62136E-05    -0.42744E-04     0.13949E-05    -0.16623E-05    -0.19060E-04     0.23686E-04
     0.25997E+00     0.73723E-03    -0.12451E-03     0.20015E-03     0.00000E+00     0.00000E+00     0.36984E-04     0.58681E-05    -0.41165E-04     0.14764E-05    -0.16049E-05    -0.18368E-04     0.22798E-04
     0.27153E+00     0.71176E-03    -0.11789E-03     0.18908E-03     0.00000E+00     0.00000E+00     0.36150E-04     0.55087E-05    -0.39726E-04     0.14970E-05    -0.15499E-05    -0.17737E-04     0.21990E-04
     0.28325E+00     0.68874E-03    -0.11178E-03     0.17929E-03     0.00000E+00     0.00000E+00     0.35149E-04     0.50182E-05    -0.38423E-04     0.14665E-05    -0.14972E-05    -0.17165E-04     0.21259E-04
     0.29514E+00     0.66803E-03    -0.10618E-03     0.17065E-03     0.00000E+00     0.00000E+00     0.34135E-04     0.44978E-05    -0.37250E-04     0.14045E-05    -0.14494E-05    -0.16650E-04     0.20602E-04
     0.30719E+00     0.64948E-03    -0.10106E-03     0.16301E-03     0.00000E+00     0.00000E+00     0.33050E-04     0.40419E-05    -0.36198E-04     0.13222E-05    -0.14072E-05    -0.16188E-04     0.20012E-04
     0.31939E+00     0.63293E-03    -0.96339E-04     0.15623E-03     0.00000E+00     0.00000E+00     0.32026E-04     0.35525E-05    -0.35258E-04     0.12241E-05    -0.13685E-05    -0.15774E-04     0.19485E-04
     0.33174E+00     0.61820E-03    -0.92016E-04     0.15025E-03     0.00000E+00     0.00000E+00     0.31035E-04     0.30795E-05    -0.34419E-04     0.11217E-05    -0.13315E-05    -0.15405E-04     0.19015E-04
     0.34425E+00     0.60509E-03    -0.88129E-04     0.14499E-03     0.00000E+00     0.00000E+00     0.29904E-04     0.28395E-05    -0.33671E-04     0.10248E-05    -0.12958E-05    -0.15077E-04     0.18596E-04
     0.35690E+00     0.59353E-03    -0.84596E-04     0.14031E-03     0.00000E+00     0.00000E+00     0.28744E-04     0.27341E-05    -0.33009E-04     0.92701E-06    -0.12631E-05    -0.14786E-04     0.18225E-04
     0.36969E+00     0.58350E-03    -0.81341E-04     0.13608E-03     0.00000E+00     0.00000E+00     0.27744E-04     0.25885E-05    -0.32434E-04     0.82073E-06    -0.12350E-05    -0.14533E-04     0.17902E-04
     0.38262E+00     0.57497E-03    -0.78327E-04     0.13226E-03     0.00000E+00     0.00000E+00     0.26822E-04     0.23563E-05    -0.31942E-04     0.70452E-06    -0.12116E-05    -0.14318E-04     0.17626E-04
     0.39569E+00     0.56785E-03    -0.75536E-04     0.12885E-03     0.00000E+00     0.00000E+00     0.25877E-04     0.20240E-05    -0.31529E-04     0.57699E-06    -0.11924E-05    -0.14137E-04     0.17393E-04
     0.40890E+00     0.56198E-03    -0.73005E-04     0.12583E-03     0.00000E+00     0.00000E+00     0.24971E-04     0.17154E-05    -0.31185E-04     0.44691E-06    -0.11766E-05    -0.13987E-04     0.17199E-04
     0.42223E+00     0.55719E-03    -0.70717E-04     0.12319E-03     0.00000E+00     0.00000E+00     0.23935E-04     0.15263E-05    -0.30901E-04     0.32791E-06    -0.11633E-05    -0.13864E-04     0.17039E-04
     0.43569E+00     0.55340E-03    -0.68683E-04     0.12089E-03     0.00000E+00     0.00000E+00     0.22667E-04     0.15127E-05    -0.30673E-04     0.22119E-06    -0.11530E-05    -0.13766E-04     0.16909E-04
     0.44927E+00     0.55061E-03    -0.66842E-04     0.11890E-03     0.00000E+00     0.00000E+00     0.21650E-04     0.14724E-05    -0.30500E-04     0.12630E-06    -0.11462E-05    -0.13691E-04     0.16811E-04
     0.46297E+00     0.54883E-03    -0.65195E-04     0.11719E-03     0.00000E+00     0.00000E+00     0.21036E-04     0.14337E-05    -0.30383E-04     0.45566E-07    -0.11419E-05    -0.13642E-04     0.16743E-04
     0.47679E+00     0.54806E-03    -0.63735E-04     0.11567E-03     0.00000E+00     0.00000E+00     0.20364E-04     0.14676E-05    -0.30322E-04    -0.34156E-07    -0.11384E-05    -0.13618E-04     0.16706E-04
     0.49072E+00     0.54834E-03    -0.62384E-04     0.11429E-03     0.00000E+00     0.00000E+00     0.19456E-04     0.14044E-05    -0.30319E-04    -0.12726E-06    -0.11353E-05    -0.13620E-04     0.16702E-04
     0.50476E+00     0.54966E-03    -0.61136E-04     0.11307E-03     0.00000E+00     0.00000E+00     0.18481E-04     0.12736E-05    -0.30373E-04    -0.23366E-06    -0.11314E-05    -0.13647E-04     0.16729E-04
     0.51891E+00     0.55194E-03    -0.59996E-04     0.11202E-03     0.00000E+00     0.00000E+00     0.17605E-04     0.11472E-05    -0.30480E-04    -0.34902E-06    -0.11255E-05    -0.13698E-04     0.16785E-04
     0.53316E+00     0.55511E-03    -0.58955E-04     0.11116E-03     0.00000E+00     0.00000E+00     0.16840E-04     0.10917E-05    -0.30636E-04    -0.47243E-06    -0.11190E-05    -0.13770E-04     0.16868E-04
     0.54751E+00     0.55914E-03    -0.58009E-04     0.11047E-03     0.00000E+00     0.00000E+00     0.16264E-04     0.10435E-05    -0.30839E-04    -0.60304E-06    -0.11152E-05    -0.13864E-04     0.16977E-04
     0.56196E+00     0.56401E-03    -0.57209E-04     0.10999E-03     0.00000E+00     0.00000E+00     0.15922E-04     0.10421E-05    -0.31089E-04    -0.73177E-06    -0.11158E-05    -0.13979E-04     0.17112E-04
     0.57649E+00     0.56975E-03    -0.56563E-04     0.10973E-03     0.00000E+00     0.00000E+00     0.15442E-04     0.11106E-05    -0.31385E-04    -0.85808E-06    -0.11211E-05    -0.14114E-04     0.17273E-04
     0.59112E+00     0.57640E-03    -0.56030E-04     0.10971E-03     0.00000E+00     0.00000E+00     0.15076E-04     0.99866E-06    -0.31731E-04    -0.98471E-06    -0.11320E-05    -0.14272E-04     0.17461E-04
     0.60584E+00     0.58389E-03    -0.55622E-04     0.10999E-03     0.00000E+00     0.00000E+00     0.15096E-04     0.81809E-06    -0.32123E-04    -0.10994E-05    -0.11471E-05    -0.14450E-04     0.17675E-04
     0.62064E+00     0.59210E-03    -0.55368E-04     0.11055E-03     0.00000E+00     0.00000E+00     0.15258E-04     0.75281E-06    -0.32554E-04    -0.11948E-05    -0.11639E-05    -0.14646E-04     0.17910E-04
     0.63552E+00     0.60098E-03    -0.55230E-04     0.11130E-03     0.00000E+00     0.00000E+00     0.15295E-04     0.82051E-06    -0.33021E-04    -0.12816E-05    -0.11820E-05    -0.14858E-04     0.18165E-04
     0.65047E+00     0.61060E-03    -0.55167E-04     0.11217E-03     0.00000E+00     0.00000E+00     0.15205E-04     0.89592E-06    -0.33528E-04    -0.13794E-05    -0.11997E-05    -0.15088E-04     0.18442E-04
     0.66550E+00     0.62102E-03    -0.55156E-04     0.11311E-03     0.00000E+00     0.00000E+00     0.15319E-04     0.85051E-06    -0.34078E-04    -0.15045E-05    -0.12149E-05    -0.15338E-04     0.18742E-04
     0.68060E+00     0.63220E-03    -0.55203E-04     0.11413E-03     0.00000E+00     0.00000E+00     0.15557E-04     0.71154E-06    -0.34669E-04    -0.16580E-05    -0.12287E-05    -0.15606E-04     0.19065E-04
     0.69576E+00     0.64405E-03    -0.55306E-04     0.11524E-03     0.00000E+00     0.00000E+00     0.15496E-04     0.61709E-06    -0.35296E-04    -0.18272E-05    -0.12448E-05    -0.15890E-04     0.19408E-04
     0.71099E+00     0.65649E-03    -0.55490E-04     0.11641E-03     0.00000E+00     0.00000E+00     0.14928E-04     0.68237E-06    -0.35955E-04    -0.20153E-05    -0.12649E-05    -0.16189E-04     0.19768E-04
     0.72628E+00     0.66957E-03    -0.55692E-04     0.11760E-03     0.00000E+00     0.00000E+00     0.14388E-04     0.62552E-06    -0.36648E-04    -0.22412E-05    -0.12856E-05    -0.16503E-04     0.20147E-04
     0.74162E+00     0.68323E-03    -0.55875E-04     0.11883E-03     0.00000E+00     0.00000E+00     0.14435E-04     0.34868E-06    -0.37372E-04    -0.24989E-05    -0.13030E-05    -0.16830E-04     0.20543E-04
     0.75702E+00     0.69726E-03    -0.56136E-04     0.12011E-03     0.00000E+00     0.00000E+00     0.14716E-04     0.17308E-06    -0.38114E-04    -0.27592E-05    -0.13177E-05    -0.17167E-04     0.20950E-04
     0.77247E+00     0.71150E-03    -0.56463E-04     0.12140E-03     0.00000E+00     0.00000E+00     0.14670E-04     0.13427E-06    -0.38867E-04    -0.30056E-05    -0.13315E-05    -0.17507E-04     0.21362E-04
     0.78796E+00     0.72590E-03    -0.56860E-04     0.12275E-03     0.00000E+00     0.00000E+00     0.14606E-04     0.85383E-07    -0.39627E-04    -0.32313E-05    -0.13472E-05    -0.17851E-04     0.21779E-04
     0.80350E+00     0.74042E-03    -0.57361E-04     0.12427E-03     0.00000E+00     0.00000E+00     0.14849E-04     0.15203E-08    -0.40392E-04    -0.34235E-05    -0.13674E-05    -0.18197E-04     0.22198E-04
     0.81907E+00     0.75497E-03    -0.57977E-04     0.12597E-03     0.00000E+00     0.00000E+00     0.15353E-04    -0.78912E-07    -0.41159E-04    -0.35782E-05    -0.13912E-05    -0.18543E-04     0.22618E-04
     0.83469E+00     0.76948E-03    -0.58643E-04     0.12778E-03     0.00000E+00     0.00000E+00     0.15972E-04    -0.18875E-06    -0.41922E-04    -0.37095E-05    -0.14152E-05    -0.18888E-04     0.23036E-04
     0.85033E+00     0.78386E-03    -0.59340E-04     0.12962E-03     0.00000E+00     0.00000E+00     0.16466E-04    -0.29979E-06    -0.42676E-04    -0.38275E-05    -0.14364E-05    -0.19229E-04     0.23450E-04
     0.86601E+00     0.79799E-03    -0.60119E-04     0.13146E-03     0.00000E+00     0.00000E+00     0.17060E-04    -0.31343E-06    -0.43417E-04    -0.39285E-05    -0.14566E-05    -0.19564E-04     0.23855E-04
     0.88171E+00     0.81185E-03    -0.60933E-04     0.13323E-03     0.00000E+00     0.00000E+00     0.17871E-04    -0.35439E-06    -0.44142E-04    -0.40227E-05    -0.14775E-05    -0.19893E-04     0.24252E-04
     0.89744E+00     0.82539E-03    -0.61703E-04     0.13486E-03     0.00000E+00     0.00000E+00     0.18378E-04    -0.52607E-06    -0.44849E-04    -0.41174E-05    -0.14981E-05    -0.20213E-04     0.24639E-04
     0.91319E+00     0.83847E-03    -0.62511E-04     0.13645E-03     0.00000E+00     0.00000E+00     0.18206E-04    -0.61002E-06    -0.45529E-04    -0.41903E-05    -0.15190E-05    -0.20522E-04     0.25011E-04
     0.92895E+00     0.85101E-03    -0.63398E-04     0.13812E-03     0.00000E+00     0.00000E+00     0.17739E-04    -0.59446E-06    -0.46179E-04    -0.42223E-05    -0.15440E-05    -0.20816E-04     0.25366E-04
     0.94473E+00     0.86301E-03    -0.64385E-04     0.13991E-03     0.00000E+00     0.00000E+00     0.17595E-04    -0.44753E-06    -0.46799E-04    -0.42224E-05    -0.15735E-05    -0.21098E-04     0.25705E-04
     0.96051E+00     0.87459E-03    -0.65434E-04     0.14181E-03     0.00000E+00     0.00000E+00     0.18095E-04    -0.35586E-06    -0.47396E-04    -0.42182E-05    -0.16040E-05    -0.21369E-04     0.26030E-04
     0.97631E+00     0.88583E-03    -0.66500E-04     0.14379E-03     0.00000E+00     0.00000E+00     0.18782E-04    -0.48481E-06    -0.47974E-04    -0.42051E-05    -0.16337E-05    -0.21632E-04     0.26345E-04
     0.99210E+00     0.89663E-03    -0.67708E-04     0.14589E-03     0.00000E+00     0.00000E+00     0.19077E-04    -0.44730E-06    -0.48528E-04    -0.41562E-05    -0.16617E-05    -0.21885E-04     0.26646E-04
     0.10079E+01     0.90702E-03    -0.69028E-04     0.14813E-03     0.00000E+00     0.00000E+00     0.19532E-04    -0.36205E-06    -0.49059E-04    -0.40796E-05    -0.16876E-05    -0.22128E-04     0.26934E-04
     0.10237E+01     0.91706E-03    -0.70407E-04     0.15047E-03     0.00000E+00     0.00000E+00     0.20178E-04    -0.34536E-06    -0.49571E-04    -0.39971E-05    -0.17119E-05    -0.22363E-04     0.27211E-04
     0.10395E+01     0.92678E-03    -0.71850E-04     0.15285E-03     0.00000E+00     0.00000E+00     0.20670E-04    -0.32460E-06    -0.50065E-04    -0.39212E-05    -0.17334E-05    -0.22591E-04     0.27477E-04
     0.10553E+01     0.93618E-03    -0.73313E-04     0.15522E-03     0.00000E+00     0.00000E+00     0.20976E-04    -0.44086E-06    -0.50543E-04    -0.38449E-05    -0.17520E-05    -0.22813E-04     0.27733E-04
     0.10711E+01     0.94517E-03    -0.74884E-04     0.15760E-03     0.00000E+00     0.00000E+00     0.20789E-04    -0.39707E-06    -0.50999E-04    -0.37487E-05    -0.17709E-05    -0.23025E-04     0.27977E-04
     0.10868E+01     0.95380E-03    -0.76575E-04     0.15999E-03     0.00000E+00     0.00000E+00     0.20354E-04    -0.24369E-06    -0.51434E-04    -0.36376E-05    -0.17912E-05    -0.23229E-04     0.28209E-04
     0.11026E+01     0.96218E-03    -0.78294E-04     0.16231E-03     0.00000E+00     0.00000E+00     0.19895E-04    -0.17243E-06    -0.51857E-04    -0.35323E-05    -0.18088E-05    -0.23427E-04     0.28433E-04
     0.11183E+01     0.97039E-03    -0.80050E-04     0.16455E-03     0.00000E+00     0.00000E+00     0.19728E-04    -0.80875E-07    -0.52270E-04    -0.34278E-05    -0.18246E-05    -0.23622E-04     0.28651E-04
     0.11340E+01     0.97853E-03    -0.81931E-04     0.16679E-03     0.00000E+00     0.00000E+00     0.20258E-04     0.64427E-07    -0.52679E-04    -0.33091E-05    -0.18442E-05    -0.23816E-04     0.28867E-04
     0.11497E+01     0.98670E-03    -0.83962E-04     0.16910E-03     0.00000E+00     0.00000E+00     0.20947E-04     0.18777E-06    -0.53091E-04    -0.31824E-05    -0.18679E-05    -0.24012E-04     0.29082E-04
     0.11653E+01     0.99503E-03    -0.86146E-04     0.17158E-03     0.00000E+00     0.00000E+00     0.21523E-04     0.30529E-06    -0.53512E-04    -0.30445E-05    -0.18915E-05    -0.24213E-04     0.29302E-04
     0.11809E+01     0.10036E-02    -0.88479E-04     0.17431E-03     0.00000E+00     0.00000E+00     0.22747E-04     0.36919E-06    -0.53947E-04    -0.28895E-05    -0.19151E-05    -0.24421E-04     0.29529E-04
     0.11965E+01     0.10125E-02    -0.90945E-04     0.17733E-03     0.00000E+00     0.00000E+00     0.23742E-04     0.44899E-06    -0.54399E-04    -0.27339E-05    -0.19363E-05    -0.24638E-04     0.29764E-04
     0.12120E+01     0.10218E-02    -0.93624E-04     0.18061E-03     0.00000E+00     0.00000E+00     0.24415E-04     0.83174E-06    -0.54874E-04    -0.26058E-05    -0.19524E-05    -0.24867E-04     0.30011E-04
     0.12275E+01     0.10319E-02    -0.96375E-04     0.18400E-03     0.00000E+00     0.00000E+00     0.25652E-04     0.99092E-06    -0.55387E-04    -0.25394E-05    -0.19654E-05    -0.25114E-04     0.30277E-04
     0.12430E+01     0.10427E-02    -0.99160E-04     0.18752E-03     0.00000E+00     0.00000E+00     0.26646E-04     0.82401E-06    -0.55946E-04    -0.25186E-05    -0.19787E-05    -0.25383E-04     0.30567E-04
     0.12584E+01     0.10543E-02    -0.10218E-03     0.19131E-03     0.00000E+00     0.00000E+00     0.27466E-04     0.66374E-06    -0.56544E-04    -0.24790E-05    -0.19986E-05    -0.25671E-04     0.30876E-04
     0.12737E+01     0.10664E-02    -0.10551E-03     0.19542E-03     0.00000E+00     0.00000E+00     0.27373E-04     0.62619E-06    -0.57171E-04    -0.23979E-05    -0.20230E-05    -0.25974E-04     0.31201E-04
     0.12890E+01     0.10790E-02    -0.10915E-03     0.19986E-03     0.00000E+00     0.00000E+00     0.26949E-04     0.98762E-06    -0.57828E-04    -0.22908E-05    -0.20511E-05    -0.26292E-04     0.31540E-04
     0.13042E+01     0.10925E-02    -0.11306E-03     0.20454E-03     0.00000E+00     0.00000E+00     0.27823E-04     0.12729E-05    -0.58529E-04    -0.21981E-05    -0.20806E-05    -0.26631E-04     0.31901E-04
     0.13194E+01     0.11069E-02    -0.11710E-03     0.20937E-03     0.00000E+00     0.00000E+00     0.29185E-04     0.13621E-05    -0.59285E-04    -0.21607E-05    -0.21038E-05    -0.26997E-04     0.32292E-04
     0.13345E+01     0.11225E-02    -0.12139E-03     0.21442E-03     0.00000E+00     0.00000E+00     0.30743E-04     0.15334E-05    -0.60102E-04    -0.21740E-05    -0.21218E-05    -0.27392E-04     0.32713E-04
     0.13495E+01     0.11393E-02    -0.12586E-03     0.21982E-03     0.00000E+00     0.00000E+00     0.32469E-04     0.15720E-05    -0.60984E-04    -0.22163E-05    -0.21430E-05    -0.27820E-04     0.33169E-04
     0.13645E+01     0.11574E-02    -0.13076E-03     0.22573E-03     0.00000E+00     0.00000E+00     0.34388E-04     0.18774E-05    -0.61935E-04    -0.22741E-05    -0.21708E-05    -0.28280E-04     0.33659E-04
     0.13794E+01     0.11769E-02    -0.13603E-03     0.23209E-03     0.00000E+00     0.00000E+00     0.36151E-04     0.20161E-05    -0.62965E-04    -0.23535E-05    -0.22006E-05    -0.28779E-04     0.34190E-04
     0.13942E+01     0.11980E-02    -0.14163E-03     0.23877E-03     0.00000E+00     0.00000E+00     0.37441E-04     0.23173E-05    -0.64080E-04    -0.24460E-05    -0.22335E-05    -0.29319E-04     0.34765E-04
     0.14089E+01     0.12209E-02    -0.14763E-03     0.24581E-03     0.00000E+00     0.00000E+00     0.40188E-04     0.27160E-05    -0.65290E-04    -0.25648E-05    -0.22752E-05    -0.29905E-04     0.35389E-04
     0.14235E+01     0.12458E-02    -0.15390E-03     0.25313E-03     0.00000E+00     0.00000E+00     0.44348E-04     0.25625E-05    -0.66610E-04    -0.27424E-05    -0.23266E-05    -0.30544E-04     0.36070E-04
     0.14380E+01     0.12725E-02    -0.16051E-03     0.26085E-03     0.00000E+00     0.00000E+00     0.48044E-04     0.24758E-05    -0.68031E-04    -0.29298E-05    -0.23867E-05    -0.31233E-04     0.36803E-04
     0.14525E+01     0.13011E-02    -0.16761E-03     0.26917E-03     0.00000E+00     0.00000E+00     0.50738E-04     0.26821E-05    -0.69550E-04    -0.30944E-05    -0.24492E-05    -0.31970E-04     0.37585E-04
     0.14668E+01     0.13316E-02    -0.17524E-03     0.27806E-03     0.00000E+00     0.00000E+00     0.53511E-04     0.30348E-05    -0.71172E-04    -0.32782E-05    -0.25090E-05    -0.32757E-04     0.38420E-04
     0.14811E+01     0.13641E-02    -0.18337E-03     0.28736E-03     0.00000E+00     0.00000E+00     0.56653E-04     0.31519E-05    -0.72906E-04    -0.34920E-05    -0.25710E-05    -0.33599E-04     0.39312E-04
     0.14952E+01     0.13988E-02    -0.19206E-03     0.29710E-03     0.00000E+00     0.00000E+00     0.59064E-04     0.32402E-05    -0.74756E-04    -0.36844E-05    -0.26411E-05    -0.34498E-04     0.40262E-04
     0.15093E+01     0.14356E-02    -0.20150E-03     0.30765E-03     0.00000E+00     0.00000E+00     0.61237E-04     0.37317E-05    -0.76723E-04    -0.38452E-05    -0.27173E-05    -0.35455E-04     0.41273E-04
     0.15232E+01     0.14749E-02    -0.21166E-03     0.31925E-03     0.00000E+00     0.00000E+00     0.63432E-04     0.43809E-05    -0.78822E-04    -0.40363E-05    -0.27936E-05    -0.36478E-04     0.42350E-04
     0.15370E+01     0.15171E-02    -0.22264E-03     0.33193E-03     0.00000E+00     0.00000E+00     0.66114E-04     0.52894E-05    -0.81076E-04    -0.42705E-05    -0.28676E-05    -0.37577E-04     0.43505E-04
     0.15507E+01     0.15626E-02    -0.23457E-03     0.34570E-03     0.00000E+00     0.00000E+00     0.70775E-04     0.62009E-05    -0.83514E-04    -0.45249E-05    -0.29428E-05    -0.38767E-04     0.44753E-04
     0.15643E+01     0.16120E-02    -0.24739E-03     0.36057E-03     0.00000E+00     0.00000E+00     0.76599E-04     0.65010E-05    -0.86162E-04    -0.48104E-05    -0.30224E-05    -0.40061E-04     0.46107E-04
     0.15778E+01     0.16654E-02    -0.26126E-03     0.37644E-03     0.00000E+00     0.00000E+00     0.81655E-04     0.66901E-05    -0.89027E-04    -0.51404E-05    -0.31067E-05    -0.41463E-04     0.47570E-04
     0.15911E+01     0.17228E-02    -0.27621E-03     0.39320E-03     0.00000E+00     0.00000E+00     0.85517E-04     0.72012E-05    -0.92110E-04    -0.55250E-05    -0.31976E-05    -0.42974E-04     0.49141E-04
     0.16043E+01     0.17844E-02    -0.29212E-03     0.41071E-03     0.00000E+00     0.00000E+00     0.90522E-04     0.77868E-05    -0.95419E-04    -0.59971E-05    -0.32951E-05    -0.44599E-04     0.50826E-04
     0.16174E+01     0.18503E-02    -0.30914E-03     0.42907E-03     0.00000E+00     0.00000E+00     0.97889E-04     0.82894E-05    -0.98967E-04    -0.65570E-05    -0.33978E-05    -0.46344E-04     0.52629E-04
     0.16303E+01     0.19208E-02    -0.32730E-03     0.44859E-03     0.00000E+00     0.00000E+00     0.10677E-03     0.87126E-05    -0.10276E-03    -0.71815E-05    -0.35043E-05    -0.48216E-04     0.54554E-04
     0.16431E+01     0.19959E-02    -0.34682E-03     0.46985E-03     0.00000E+00     0.00000E+00     0.11522E-03     0.94161E-05    -0.10681E-03    -0.78623E-05    -0.36233E-05    -0.50218E-04     0.56602E-04
     0.16558E+01     0.20759E-02    -0.36825E-03     0.49345E-03     0.00000E+00     0.00000E+00     0.12255E-03     0.10945E-04    -0.11113E-03    -0.86044E-05    -0.37629E-05    -0.52358E-04     0.58780E-04
     0.16683E+01     0.21614E-02    -0.39136E-03     0.51957E-03     0.00000E+00     0.00000E+00     0.12953E-03     0.12081E-04    -0.11575E-03    -0.94262E-05    -0.39157E-05    -0.54654E-04     0.61105E-04
     0.16806E+01     0.22528E-02    -0.41653E-03     0.54819E-03     0.00000E+00     0.00000E+00     0.13595E-03     0.13574E-04    -0.12070E-03    -0.10317E-04    -0.40831E-05    -0.57119E-04     0.63587E-04
     0.16928E+01     0.23508E-02    -0.44389E-03     0.57953E-03     0.00000E+00     0.00000E+00     0.14389E-03     0.15323E-04    -0.12601E-03    -0.11289E-04    -0.42675E-05    -0.59771E-04     0.66241E-04
     0.17049E+01     0.24559E-02    -0.47329E-03     0.61400E-03     0.00000E+00     0.00000E+00     0.15278E-03     0.16436E-04    -0.13170E-03    -0.12343E-04    -0.44626E-05    -0.62628E-04     0.69083E-04
     0.17167E+01     0.25683E-02    -0.50508E-03     0.65218E-03     0.00000E+00     0.00000E+00     0.15970E-03     0.18033E-04    -0.13781E-03    -0.13435E-04    -0.46653E-05    -0.65702E-04     0.72118E-04
     0.17285E+01     0.26886E-02    -0.53997E-03     0.69494E-03     0.00000E+00     0.00000E+00     0.16465E-03     0.21101E-04    -0.14436E-03    -0.14575E-04    -0.48703E-05    -0.69008E-04     0.75359E-04
     0.17400E+01     0.28179E-02    -0.57797E-03     0.74295E-03     0.00000E+00     0.00000E+00     0.16792E-03     0.24295E-04    -0.15141E-03    -0.15820E-04    -0.50708E-05    -0.72580E-04     0.78833E-04
     0.17514E+01     0.29572E-02    -0.61910E-03     0.79683E-03     0.00000E+00     0.00000E+00     0.17071E-03     0.27154E-04    -0.15901E-03    -0.17241E-04    -0.52652E-05    -0.76452E-04     0.82566E-04
     0.17626E+01     0.31072E-02    -0.66338E-03     0.85744E-03     0.00000E+00     0.00000E+00     0.17252E-03     0.29478E-04    -0.16722E-03    -0.18911E-04    -0.54614E-05    -0.80650E-04     0.86577E-04
     0.17737E+01     0.32685E-02    -0.71167E-03     0.92615E-03     0.00000E+00     0.00000E+00     0.16992E-03     0.32910E-04    -0.17606E-03    -0.20855E-04    -0.56731E-05    -0.85194E-04     0.90877E-04
     0.17845E+01     0.34418E-02    -0.76409E-03     0.10050E-02     0.00000E+00     0.00000E+00     0.16279E-03     0.36701E-04    -0.18559E-03    -0.23044E-04    -0.59022E-05    -0.90115E-04     0.95484E-04
     0.17952E+01     0.36280E-02    -0.82121E-03     0.10962E-02     0.00000E+00     0.00000E+00     0.15069E-03     0.40480E-04    -0.19586E-03    -0.25431E-04    -0.61460E-05    -0.95448E-04     0.10041E-03
     0.18057E+01     0.38278E-02    -0.88357E-03     0.12020E-02     0.00000E+00     0.00000E+00     0.13170E-03     0.44532E-04    -0.20690E-03    -0.28038E-04    -0.64094E-05    -0.10122E-03     0.10568E-03
     0.18160E+01     0.40419E-02    -0.95133E-03     0.13244E-02     0.00000E+00     0.00000E+00     0.10487E-03     0.48342E-04    -0.21878E-03    -0.30954E-04    -0.66978E-05    -0.10748E-03     0.11130E-03
     0.18261E+01     0.42707E-02    -0.10244E-02     0.14662E-02     0.00000E+00     0.00000E+00     0.68277E-04     0.50941E-04    -0.23151E-03    -0.34245E-04    -0.70178E-05    -0.11424E-03     0.11728E-03
     0.18360E+01     0.45139E-02    -0.11033E-02     0.16304E-02     0.00000E+00     0.00000E+00     0.17110E-04     0.53128E-04    -0.24512E-03    -0.37891E-04    -0.73817E-05    -0.12153E-03     0.12359E-03
     0.18457E+01     0.47712E-02    -0.11884E-02     0.18207E-02     0.00000E+00     0.00000E+00    -0.51531E-04     0.54427E-04    -0.25958E-03    -0.41860E-04    -0.77935E-05    -0.12936E-03     0.13022E-03
     0.18552E+01     0.50416E-02    -0.12790E-02     0.20408E-02     0.00000E+00     0.00000E+00    -0.13840E-03     0.52035E-04    -0.27487E-03    -0.46137E-04    -0.82464E-05    -0.13774E-03     0.13714E-03
     0.18645E+01     0.53232E-02    -0.13754E-02     0.22949E-02     0.00000E+00     0.00000E+00    -0.24560E-03     0.45209E-04    -0.29091E-03    -0.50638E-04    -0.87282E-05    -0.14664E-03     0.14427E-03
     0.18736E+01     0.56124E-02    -0.14774E-02     0.25874E-02     0.00000E+00     0.00000E+00    -0.37454E-03     0.32579E-04    -0.30752E-03    -0.55218E-04    -0.92254E-05    -0.15603E-03     0.15150E-03
     0.18825E+01     0.59045E-02    -0.15842E-02     0.29217E-02     0.00000E+00     0.00000E+00    -0.52586E-03     0.10673E-04    -0.32449E-03    -0.59688E-04    -0.97277E-05    -0.16580E-03     0.15869E-03
     0.18912E+01     0.61921E-02    -0.16937E-02     0.32994E-02     0.00000E+00     0.00000E+00    -0.69784E-03    -0.26302E-04    -0.34145E-03    -0.63703E-04    -0.10233E-04    -0.17583E-03     0.16563E-03
     0.18996E+01     0.64650E-02    -0.18042E-02     0.37186E-02     0.00000E+00     0.00000E+00    -0.88568E-03    -0.83101E-04    -0.35787E-03    -0.66663E-04    -0.10745E-04    -0.18587E-03     0.17201E-03
     0.19078E+01     0.67089E-02    -0.19131E-02     0.41713E-02     0.00000E+00     0.00000E+00    -0.10779E-02    -0.16585E-03    -0.37302E-03    -0.67716E-04    -0.11270E-04    -0.19559E-03     0.17743E-03
     0.19158E+01     0.69052E-02    -0.20162E-02     0.46400E-02     0.00000E+00     0.00000E+00    -0.12524E-02    -0.28325E-03    -0.38590E-03    -0.65706E-04    -0.11815E-04    -0.20450E-03     0.18140E-03
     0.19236E+01     0.70303E-02    -0.21078E-02     0.50933E-02     0.00000E+00     0.00000E+00    -0.13765E-02    -0.44322E-03    -0.39523E-03    -0.59097E-04    -0.12396E-04    -0.21194E-03     0.18329E-03
     0.19311E+01     0.70554E-02    -0.21819E-02     0.54820E-02     0.00000E+00     0.00000E+00    -0.14066E-02    -0.64939E-03    -0.39939E-03    -0.45994E-04    -0.13035E-04    -0.21705E-03     0.18235E-03
     0.19384E+01     0.69475E-02    -0.22319E-02     0.57380E-02     0.00000E+00     0.00000E+00    -0.12936E-02    -0.89700E-03    -0.39650E-03    -0.24241E-04    -0.13754E-04    -0.21873E-03     0.17778E-03
     0.19455E+01     0.66728E-02    -0.22543E-02     0.57807E-02     0.00000E+00     0.00000E+00    -0.99747E-03    -0.11617E-02    -0.38451E-03     0.83548E-05    -0.14576E-04    -0.21572E-03     0.16879E-03
     0.19523E+01     0.62026E-02    -0.22554E-02     0.55327E-02     0.00000E+00     0.00000E+00    -0.51401E-03    -0.13840E-02    -0.36152E-03     0.53495E-04    -0.15521E-04    -0.20671E-03     0.15482E-03
     0.19589E+01     0.55234E-02    -0.22552E-02     0.49489E-02     0.00000E+00     0.00000E+00     0.94896E-04    -0.14628E-02    -0.32634E-03     0.11142E-03    -0.16576E-04    -0.19060E-03     0.13574E-03
     0.19652E+01     0.46500E-02    -0.22860E-02     0.40519E-02     0.00000E+00     0.00000E+00     0.68902E-03    -0.12702E-02    -0.27922E-03     0.17971E-03    -0.17653E-04    -0.16698E-03     0.11224E-03
     0.19713E+01     0.36364E-02    -0.23829E-02     0.29546E-02     0.00000E+00     0.00000E+00     0.10792E-02    -0.69989E-03    -0.22259E-03     0.25215E-03    -0.18574E-04    -0.13663E-03     0.85955E-04
     0.19771E+01     0.25781E-02    -0.25552E-02     0.18471E-02     0.00000E+00     0.00000E+00     0.11170E-02     0.24385E-03    -0.16140E-03     0.31916E-03    -0.19101E-04    -0.10191E-03     0.59486E-04
     0.19826E+01     0.15963E-02    -0.27697E-02     0.93334E-03     0.00000E+00     0.00000E+00     0.82179E-03     0.13731E-02    -0.10254E-03     0.36923E-03    -0.19031E-04    -0.66704E-04     0.35832E-04
     0.19879E+01     0.80589E-03    -0.29505E-02     0.34214E-03     0.00000E+00     0.00000E+00     0.38507E-03     0.23588E-02    -0.53199E-04     0.39544E-03    -0.18287E-04    -0.35658E-04     0.17541E-04
     0.19929E+01     0.27905E-03    -0.30084E-02     0.69943E-04     0.00000E+00     0.00000E+00     0.11566E-03     0.28527E-02    -0.18828E-04     0.39273E-03    -0.17076E-04    -0.12954E-04     0.58741E-05
     0.19977E+01     0.29312E-04    -0.31141E-02     0.22330E-05     0.00000E+00     0.00000E+00    -0.71301E-04     0.34575E-02    -0.18810E-05     0.37992E-03    -0.15623E-04    -0.12855E-05     0.59554E-06
