     0.23093E-02     0.27141E-03     0.43028E-02     0.84211E-02     0.20238E-02     0.39846E-02     0.59014E-02     0.98855E-01     0.96147E-02     0.11779E-03     0.21811E-02     0.39167E-02     0.55628E-02     0.49233E-02     0.36884E-02    -0.44101E-06    -0.23421E-06     0.20006E-03    -0.17876E-08
     0.70633E-02     0.10324E-02     0.12223E-01     0.25949E-01     0.62466E-02     0.39773E-02     0.18798E-01     0.29839E+00     0.99115E-02     0.36457E-03     0.69920E-02     0.11868E-01     0.56273E-02     0.49932E-02     0.37026E-02    -0.16159E-05    -0.22731E-05     0.18639E-02    -0.60302E-07
     0.12087E-01     0.22060E-02     0.19253E-01     0.44319E-01     0.10671E-01     0.39778E-02     0.32416E-01     0.49824E+00     0.10268E-01     0.63459E-03     0.12327E-01     0.20126E-01     0.56733E-02     0.50690E-02     0.37175E-02    -0.31682E-05    -0.67674E-05     0.53166E-02    -0.32401E-06
     0.17376E-01     0.37166E-02     0.25433E-01     0.63234E-01     0.15208E-01     0.39871E-02     0.46474E-01     0.69403E+00     0.10690E-01     0.92254E-03     0.18015E-01     0.28488E-01     0.56984E-02     0.51527E-02     0.37331E-02    -0.51945E-05    -0.14025E-04     0.10554E-01    -0.99590E-06
     0.22928E-01     0.54947E-02     0.30822E-01     0.82149E-01     0.19704E-01     0.40055E-02     0.60501E-01     0.87939E+00     0.11178E-01     0.12190E-02     0.23858E-01     0.36667E-01     0.57023E-02     0.52464E-02     0.37494E-02    -0.77527E-05    -0.24013E-04     0.17325E-01    -0.22802E-05
     0.28739E-01     0.74808E-02     0.35505E-01     0.10036E+00     0.23970E-01     0.40333E-02     0.73900E-01     0.10473E+01     0.11729E-01     0.15110E-02     0.29598E-01     0.44326E-01     0.56872E-02     0.53515E-02     0.37663E-02    -0.10833E-04    -0.36209E-04     0.25099E-01    -0.43154E-05
     0.34807E-01     0.96249E-02     0.39581E-01     0.11714E+00     0.27822E-01     0.40700E-02     0.86081E-01     0.11918E+01     0.12333E-01     0.17848E-02     0.34958E-01     0.51146E-01     0.56580E-02     0.54694E-02     0.37840E-02    -0.14345E-04    -0.49642E-04     0.33149E-01    -0.71233E-05
     0.41127E-01     0.11886E-01     0.43156E-01     0.13192E+00     0.31120E-01     0.41149E-02     0.96588E-01     0.13092E+01     0.12977E-01     0.20287E-02     0.39711E-01     0.56902E-01     0.56220E-02     0.56007E-02     0.38025E-02    -0.18128E-04    -0.63114E-04     0.40730E-01    -0.10600E-04
     0.47696E-01     0.14232E-01     0.46322E-01     0.14433E+00     0.33791E-01     0.41670E-02     0.10516E+00     0.13984E+01     0.13642E-01     0.22350E-02     0.43705E-01     0.61482E-01     0.55874E-02     0.57451E-02     0.38220E-02    -0.21982E-04    -0.75499E-04     0.47238E-01    -0.14546E-04
     0.54512E-01     0.16632E-01     0.49153E-01     0.15424E+00     0.35823E-01     0.42248E-02     0.11175E+00     0.14607E+01     0.14312E-01     0.24005E-02     0.46881E-01     0.64889E-01     0.55619E-02     0.59019E-02     0.38427E-02    -0.25704E-04    -0.85965E-04     0.52310E-01    -0.18718E-04
     0.61570E-01     0.19061E-01     0.51698E-01     0.16172E+00     0.37255E-01     0.42869E-02     0.11644E+00     0.14991E+01     0.14969E-01     0.25257E-02     0.49254E-01     0.67213E-01     0.55518E-02     0.60690E-02     0.38647E-02    -0.29122E-04    -0.94066E-04     0.55829E-01    -0.22875E-04
     0.68868E-01     0.21496E-01     0.53989E-01     0.16696E+00     0.38157E-01     0.43516E-02     0.11946E+00     0.15172E+01     0.15599E-01     0.26140E-02     0.50891E-01     0.68593E-01     0.55607E-02     0.62442E-02     0.38883E-02    -0.32116E-04    -0.99708E-04     0.57872E-01    -0.26824E-04
     0.76401E-01     0.23914E-01     0.56043E-01     0.17025E+00     0.38613E-01     0.44174E-02     0.12105E+00     0.15191E+01     0.16193E-01     0.26700E-02     0.51889E-01     0.69188E-01     0.55899E-02     0.64243E-02     0.39138E-02    -0.34618E-04    -0.10306E-03     0.58634E-01    -0.30429E-04
     0.84168E-01     0.26294E-01     0.57868E-01     0.17188E+00     0.38707E-01     0.44826E-02     0.12149E+00     0.15083E+01     0.16744E-01     0.26990E-02     0.52356E-01     0.69157E-01     0.56383E-02     0.66064E-02     0.39413E-02    -0.36609E-04    -0.10444E-03     0.58362E-01    -0.33610E-04
     0.92164E-01     0.28617E-01     0.59472E-01     0.17215E+00     0.38520E-01     0.45460E-02     0.12101E+00     0.14882E+01     0.17247E-01     0.27062E-02     0.52394E-01     0.68642E-01     0.57032E-02     0.67872E-02     0.39708E-02    -0.38107E-04    -0.10421E-03     0.57303E-01    -0.36341E-04
     0.10039E+00     0.30865E-01     0.60865E-01     0.17132E+00     0.38119E-01     0.46060E-02     0.11984E+00     0.14613E+01     0.17703E-01     0.26962E-02     0.52097E-01     0.67767E-01     0.57809E-02     0.69641E-02     0.40026E-02    -0.39156E-04    -0.10274E-03     0.55681E-01    -0.38629E-04
     0.10883E+00     0.33023E-01     0.62059E-01     0.16963E+00     0.37561E-01     0.46616E-02     0.11815E+00     0.14298E+01     0.18111E-01     0.26731E-02     0.51545E-01     0.66632E-01     0.58673E-02     0.71347E-02     0.40367E-02    -0.39811E-04    -0.10037E-03     0.53683E-01    -0.40505E-04
     0.11749E+00     0.35078E-01     0.63072E-01     0.16728E+00     0.36893E-01     0.47120E-02     0.11610E+00     0.13953E+01     0.18475E-01     0.26402E-02     0.50807E-01     0.65319E-01     0.59586E-02     0.72971E-02     0.40729E-02    -0.40134E-04    -0.97370E-04     0.51459E-01    -0.42013E-04
     0.12637E+00     0.37020E-01     0.63923E-01     0.16444E+00     0.36153E-01     0.47563E-02     0.11381E+00     0.13593E+01     0.18798E-01     0.26005E-02     0.49937E-01     0.63893E-01     0.60514E-02     0.74501E-02     0.41114E-02    -0.40188E-04    -0.93981E-04     0.49125E-01    -0.43203E-04
     0.13547E+00     0.38840E-01     0.64631E-01     0.16125E+00     0.35371E-01     0.47944E-02     0.11137E+00     0.13227E+01     0.19084E-01     0.25562E-02     0.48984E-01     0.62408E-01     0.61429E-02     0.75929E-02     0.41521E-02    -0.40029E-04    -0.90383E-04     0.46768E-01    -0.44124E-04
     0.14477E+00     0.40532E-01     0.65218E-01     0.15782E+00     0.34570E-01     0.48258E-02     0.10886E+00     0.12863E+01     0.19337E-01     0.25092E-02     0.47981E-01     0.60903E-01     0.62309E-02     0.77252E-02     0.41949E-02    -0.39710E-04    -0.86715E-04     0.44452E-01    -0.44821E-04
     0.15428E+00     0.42093E-01     0.65697E-01     0.15424E+00     0.33769E-01     0.48505E-02     0.10634E+00     0.12506E+01     0.19562E-01     0.24610E-02     0.46957E-01     0.59405E-01     0.63139E-02     0.78470E-02     0.42398E-02    -0.39272E-04    -0.83075E-04     0.42215E-01    -0.45334E-04
     0.16399E+00     0.43523E-01     0.66082E-01     0.15058E+00     0.32977E-01     0.48688E-02     0.10384E+00     0.12159E+01     0.19763E-01     0.24125E-02     0.45932E-01     0.57934E-01     0.63911E-02     0.79587E-02     0.42867E-02    -0.38751E-04    -0.79529E-04     0.40082E-01    -0.45696E-04
     0.17390E+00     0.44823E-01     0.66381E-01     0.14690E+00     0.32205E-01     0.48807E-02     0.10140E+00     0.11825E+01     0.19944E-01     0.23645E-02     0.44919E-01     0.56505E-01     0.64619E-02     0.80607E-02     0.43357E-02    -0.38178E-04    -0.76121E-04     0.38068E-01    -0.45937E-04
     0.18401E+00     0.45995E-01     0.66601E-01     0.14323E+00     0.31458E-01     0.48866E-02     0.99032E-01     0.11505E+01     0.20108E-01     0.23175E-02     0.43929E-01     0.55127E-01     0.65263E-02     0.81539E-02     0.43866E-02    -0.37574E-04    -0.72877E-04     0.36178E-01    -0.46084E-04
     0.19431E+00     0.47042E-01     0.66751E-01     0.13962E+00     0.30739E-01     0.48867E-02     0.96752E-01     0.11200E+01     0.20258E-01     0.22720E-02     0.42970E-01     0.53807E-01     0.65843E-02     0.82389E-02     0.44396E-02    -0.36959E-04    -0.69814E-04     0.34416E-01    -0.46156E-04
     0.20480E+00     0.47970E-01     0.66837E-01     0.13607E+00     0.30054E-01     0.48812E-02     0.94572E-01     0.10911E+01     0.20399E-01     0.22282E-02     0.42048E-01     0.52549E-01     0.66362E-02     0.83165E-02     0.44946E-02    -0.36349E-04    -0.66944E-04     0.32780E-01    -0.46168E-04
     0.21547E+00     0.48782E-01     0.66866E-01     0.13262E+00     0.29404E-01     0.48703E-02     0.92500E-01     0.10638E+01     0.20532E-01     0.21866E-02     0.41168E-01     0.51357E-01     0.66823E-02     0.83877E-02     0.45517E-02    -0.35755E-04    -0.64270E-04     0.31269E-01    -0.46131E-04
     0.22633E+00     0.49485E-01     0.66843E-01     0.12928E+00     0.28789E-01     0.48544E-02     0.90535E-01     0.10381E+01     0.20659E-01     0.21470E-02     0.40331E-01     0.50230E-01     0.67230E-02     0.84532E-02     0.46108E-02    -0.35188E-04    -0.61786E-04     0.29874E-01    -0.46055E-04
     0.23737E+00     0.50083E-01     0.66771E-01     0.12605E+00     0.28208E-01     0.48338E-02     0.88679E-01     0.10138E+01     0.20783E-01     0.21096E-02     0.39537E-01     0.49168E-01     0.67587E-02     0.85137E-02     0.46720E-02    -0.34654E-04    -0.59485E-04     0.28589E-01    -0.45949E-04
     0.24859E+00     0.50582E-01     0.66651E-01     0.12293E+00     0.27662E-01     0.48089E-02     0.86930E-01     0.99111E+00     0.20906E-01     0.20744E-02     0.38787E-01     0.48170E-01     0.67898E-02     0.85699E-02     0.47353E-02    -0.34158E-04    -0.57361E-04     0.27407E-01    -0.45825E-04
     0.25997E+00     0.50987E-01     0.66483E-01     0.11993E+00     0.27152E-01     0.47802E-02     0.85292E-01     0.96986E+00     0.21029E-01     0.20415E-02     0.38083E-01     0.47236E-01     0.68167E-02     0.86226E-02     0.48007E-02    -0.33707E-04    -0.55411E-04     0.26325E-01    -0.45693E-04
     0.27153E+00     0.51303E-01     0.66266E-01     0.11706E+00     0.26679E-01     0.47479E-02     0.83769E-01     0.95012E+00     0.21154E-01     0.20112E-02     0.37428E-01     0.46370E-01     0.68397E-02     0.86723E-02     0.48683E-02    -0.33304E-04    -0.53635E-04     0.25340E-01    -0.45561E-04
     0.28325E+00     0.51537E-01     0.65999E-01     0.11431E+00     0.26244E-01     0.47124E-02     0.82366E-01     0.93191E+00     0.21282E-01     0.19834E-02     0.36823E-01     0.45572E-01     0.68594E-02     0.87196E-02     0.49381E-02    -0.32956E-04    -0.52032E-04     0.24449E-01    -0.45434E-04
     0.29514E+00     0.51693E-01     0.65682E-01     0.11169E+00     0.25846E-01     0.46737E-02     0.81081E-01     0.91517E+00     0.21414E-01     0.19582E-02     0.36268E-01     0.44842E-01     0.68761E-02     0.87650E-02     0.50100E-02    -0.32663E-04    -0.50593E-04     0.23646E-01    -0.45312E-04
     0.30719E+00     0.51778E-01     0.65320E-01     0.10919E+00     0.25485E-01     0.46322E-02     0.79908E-01     0.89984E+00     0.21552E-01     0.19356E-02     0.35762E-01     0.44176E-01     0.68905E-02     0.88089E-02     0.50841E-02    -0.32426E-04    -0.49309E-04     0.22925E-01    -0.45193E-04
     0.31939E+00     0.51797E-01     0.64916E-01     0.10681E+00     0.25158E-01     0.45877E-02     0.78844E-01     0.88584E+00     0.21696E-01     0.19154E-02     0.35303E-01     0.43571E-01     0.69029E-02     0.88519E-02     0.51603E-02    -0.32243E-04    -0.48169E-04     0.22279E-01    -0.45074E-04
     0.33174E+00     0.51756E-01     0.64476E-01     0.10455E+00     0.24864E-01     0.45404E-02     0.77881E-01     0.87307E+00     0.21847E-01     0.18975E-02     0.34888E-01     0.43024E-01     0.69138E-02     0.88944E-02     0.52387E-02    -0.32110E-04    -0.47159E-04     0.21700E-01    -0.44955E-04
     0.34425E+00     0.51660E-01     0.64002E-01     0.10240E+00     0.24599E-01     0.44902E-02     0.77010E-01     0.86143E+00     0.22005E-01     0.18817E-02     0.34512E-01     0.42530E-01     0.69238E-02     0.89368E-02     0.53193E-02    -0.32026E-04    -0.46268E-04     0.21183E-01    -0.44836E-04
     0.35690E+00     0.51514E-01     0.63498E-01     0.10035E+00     0.24362E-01     0.44377E-02     0.76230E-01     0.85088E+00     0.22171E-01     0.18680E-02     0.34176E-01     0.42086E-01     0.69330E-02     0.89795E-02     0.54019E-02    -0.31990E-04    -0.45490E-04     0.20723E-01    -0.44724E-04
     0.36969E+00     0.51323E-01     0.62965E-01     0.98390E-01     0.24156E-01     0.43832E-02     0.75542E-01     0.84142E+00     0.22344E-01     0.18564E-02     0.33881E-01     0.41694E-01     0.69420E-02     0.90229E-02     0.54865E-02    -0.32003E-04    -0.44825E-04     0.20318E-01    -0.44621E-04
     0.38262E+00     0.51092E-01     0.62402E-01     0.96511E-01     0.23979E-01     0.43272E-02     0.74947E-01     0.83305E+00     0.22525E-01     0.18471E-02     0.33627E-01     0.41354E-01     0.69508E-02     0.90673E-02     0.55732E-02    -0.32064E-04    -0.44272E-04     0.19969E-01    -0.44527E-04
     0.39569E+00     0.50826E-01     0.61807E-01     0.94708E-01     0.23830E-01     0.42699E-02     0.74440E-01     0.82571E+00     0.22714E-01     0.18398E-02     0.33412E-01     0.41063E-01     0.69600E-02     0.91130E-02     0.56617E-02    -0.32174E-04    -0.43823E-04     0.19670E-01    -0.44440E-04
     0.40890E+00     0.50529E-01     0.61183E-01     0.92975E-01     0.23706E-01     0.42112E-02     0.74013E-01     0.81930E+00     0.22912E-01     0.18344E-02     0.33231E-01     0.40817E-01     0.69698E-02     0.91603E-02     0.57522E-02    -0.32332E-04    -0.43468E-04     0.19416E-01    -0.44359E-04
     0.42223E+00     0.50204E-01     0.60535E-01     0.91302E-01     0.23605E-01     0.41512E-02     0.73655E-01     0.81371E+00     0.23117E-01     0.18307E-02     0.33081E-01     0.40610E-01     0.69804E-02     0.92095E-02     0.58444E-02    -0.32537E-04    -0.43195E-04     0.19201E-01    -0.44283E-04
     0.43569E+00     0.49854E-01     0.59867E-01     0.89680E-01     0.23524E-01     0.40896E-02     0.73361E-01     0.80886E+00     0.23331E-01     0.18285E-02     0.32958E-01     0.40439E-01     0.69922E-02     0.92606E-02     0.59384E-02    -0.32787E-04    -0.42996E-04     0.19022E-01    -0.44215E-04
     0.44927E+00     0.49484E-01     0.59178E-01     0.88101E-01     0.23465E-01     0.40265E-02     0.73133E-01     0.80478E+00     0.23552E-01     0.18280E-02     0.32865E-01     0.40305E-01     0.70053E-02     0.93139E-02     0.60340E-02    -0.33085E-04    -0.42874E-04     0.18878E-01    -0.44154E-04
     0.46297E+00     0.49097E-01     0.58470E-01     0.86555E-01     0.23427E-01     0.39622E-02     0.72971E-01     0.80145E+00     0.23781E-01     0.18290E-02     0.32801E-01     0.40208E-01     0.70196E-02     0.93694E-02     0.61312E-02    -0.33431E-04    -0.42830E-04     0.18769E-01    -0.44103E-04
     0.47679E+00     0.48699E-01     0.57739E-01     0.85041E-01     0.23411E-01     0.38972E-02     0.72876E-01     0.79888E+00     0.24018E-01     0.18318E-02     0.32766E-01     0.40148E-01     0.70354E-02     0.94270E-02     0.62298E-02    -0.33827E-04    -0.42864E-04     0.18696E-01    -0.44061E-04
     0.49072E+00     0.48292E-01     0.56988E-01     0.83556E-01     0.23417E-01     0.38317E-02     0.72850E-01     0.79708E+00     0.24263E-01     0.18363E-02     0.32763E-01     0.40126E-01     0.70524E-02     0.94869E-02     0.63297E-02    -0.34276E-04    -0.42980E-04     0.18658E-01    -0.44030E-04
     0.50476E+00     0.47878E-01     0.56226E-01     0.82105E-01     0.23445E-01     0.37656E-02     0.72893E-01     0.79605E+00     0.24516E-01     0.18425E-02     0.32790E-01     0.40142E-01     0.70708E-02     0.95490E-02     0.64309E-02    -0.34778E-04    -0.43178E-04     0.18657E-01    -0.44013E-04
     0.51891E+00     0.47460E-01     0.55459E-01     0.80687E-01     0.23493E-01     0.36988E-02     0.72999E-01     0.79572E+00     0.24776E-01     0.18503E-02     0.32845E-01     0.40194E-01     0.70906E-02     0.96132E-02     0.65332E-02    -0.35332E-04    -0.43450E-04     0.18688E-01    -0.44008E-04
     0.53316E+00     0.47039E-01     0.54691E-01     0.79301E-01     0.23561E-01     0.36312E-02     0.73163E-01     0.79604E+00     0.25044E-01     0.18596E-02     0.32925E-01     0.40278E-01     0.71119E-02     0.96796E-02     0.66365E-02    -0.35935E-04    -0.43794E-04     0.18749E-01    -0.44016E-04
     0.54751E+00     0.46615E-01     0.53924E-01     0.77940E-01     0.23646E-01     0.35630E-02     0.73382E-01     0.79697E+00     0.25319E-01     0.18704E-02     0.33030E-01     0.40392E-01     0.71347E-02     0.97480E-02     0.67407E-02    -0.36586E-04    -0.44207E-04     0.18838E-01    -0.44037E-04
     0.56196E+00     0.46190E-01     0.53162E-01     0.76603E-01     0.23749E-01     0.34943E-02     0.73655E-01     0.79849E+00     0.25601E-01     0.18825E-02     0.33159E-01     0.40537E-01     0.71593E-02     0.98184E-02     0.68456E-02    -0.37285E-04    -0.44687E-04     0.18956E-01    -0.44071E-04
     0.57649E+00     0.45765E-01     0.52405E-01     0.75286E-01     0.23869E-01     0.34253E-02     0.73982E-01     0.80060E+00     0.25890E-01     0.18960E-02     0.33312E-01     0.40711E-01     0.71856E-02     0.98908E-02     0.69511E-02    -0.38035E-04    -0.45237E-04     0.19103E-01    -0.44118E-04
     0.59112E+00     0.45341E-01     0.51657E-01     0.73986E-01     0.24008E-01     0.33563E-02     0.74365E-01     0.80333E+00     0.26186E-01     0.19111E-02     0.33490E-01     0.40917E-01     0.72138E-02     0.99650E-02     0.70572E-02    -0.38837E-04    -0.45860E-04     0.19279E-01    -0.44178E-04
     0.60584E+00     0.44920E-01     0.50917E-01     0.72698E-01     0.24164E-01     0.32873E-02     0.74799E-01     0.80659E+00     0.26488E-01     0.19275E-02     0.33691E-01     0.41151E-01     0.72437E-02     0.10041E-01     0.71637E-02    -0.39689E-04    -0.46553E-04     0.19483E-01    -0.44248E-04
     0.62064E+00     0.44505E-01     0.50183E-01     0.71419E-01     0.24333E-01     0.32184E-02     0.75275E-01     0.81031E+00     0.26797E-01     0.19450E-02     0.33910E-01     0.41408E-01     0.72754E-02     0.10119E-01     0.72704E-02    -0.40589E-04    -0.47306E-04     0.19710E-01    -0.44323E-04
     0.63552E+00     0.44097E-01     0.49452E-01     0.70142E-01     0.24515E-01     0.31500E-02     0.75789E-01     0.81441E+00     0.27110E-01     0.19636E-02     0.34147E-01     0.41686E-01     0.73086E-02     0.10198E-01     0.73773E-02    -0.41538E-04    -0.48116E-04     0.19958E-01    -0.44404E-04
     0.65047E+00     0.43698E-01     0.48724E-01     0.68866E-01     0.24710E-01     0.30822E-02     0.76345E-01     0.81895E+00     0.27430E-01     0.19834E-02     0.34402E-01     0.41987E-01     0.73430E-02     0.10278E-01     0.74843E-02    -0.42534E-04    -0.48988E-04     0.20229E-01    -0.44494E-04
     0.66550E+00     0.43312E-01     0.47998E-01     0.67595E-01     0.24920E-01     0.30154E-02     0.76944E-01     0.82394E+00     0.27754E-01     0.20044E-02     0.34676E-01     0.42312E-01     0.73786E-02     0.10360E-01     0.75913E-02    -0.43579E-04    -0.49927E-04     0.20525E-01    -0.44597E-04
     0.68060E+00     0.42940E-01     0.47279E-01     0.66335E-01     0.25144E-01     0.29495E-02     0.77584E-01     0.82935E+00     0.28084E-01     0.20265E-02     0.34970E-01     0.42659E-01     0.74153E-02     0.10442E-01     0.76981E-02    -0.44673E-04    -0.50931E-04     0.20845E-01    -0.44717E-04
     0.69576E+00     0.42584E-01     0.46572E-01     0.65092E-01     0.25378E-01     0.28848E-02     0.78257E-01     0.83511E+00     0.28417E-01     0.20496E-02     0.35278E-01     0.43024E-01     0.74532E-02     0.10526E-01     0.78046E-02    -0.45812E-04    -0.51992E-04     0.21185E-01    -0.44850E-04
     0.71099E+00     0.42247E-01     0.45882E-01     0.63872E-01     0.25622E-01     0.28215E-02     0.78959E-01     0.84115E+00     0.28754E-01     0.20735E-02     0.35598E-01     0.43406E-01     0.74925E-02     0.10610E-01     0.79107E-02    -0.46992E-04    -0.53105E-04     0.21544E-01    -0.45000E-04
     0.72628E+00     0.41930E-01     0.45215E-01     0.62677E-01     0.25876E-01     0.27600E-02     0.79690E-01     0.84751E+00     0.29094E-01     0.20984E-02     0.35932E-01     0.43803E-01     0.75334E-02     0.10695E-01     0.80165E-02    -0.48214E-04    -0.54273E-04     0.21922E-01    -0.45174E-04
     0.74162E+00     0.41635E-01     0.44578E-01     0.61511E-01     0.26139E-01     0.27005E-02     0.80447E-01     0.85412E+00     0.29437E-01     0.21240E-02     0.36278E-01     0.44215E-01     0.75766E-02     0.10780E-01     0.81217E-02    -0.49472E-04    -0.55493E-04     0.22317E-01    -0.45372E-04
     0.75702E+00     0.41364E-01     0.43974E-01     0.60380E-01     0.26406E-01     0.26435E-02     0.81216E-01     0.86085E+00     0.29781E-01     0.21500E-02     0.36628E-01     0.44634E-01     0.76225E-02     0.10866E-01     0.82263E-02    -0.50758E-04    -0.56746E-04     0.22723E-01    -0.45594E-04
     0.77247E+00     0.41116E-01     0.43411E-01     0.59288E-01     0.26674E-01     0.25893E-02     0.81987E-01     0.86760E+00     0.30125E-01     0.21761E-02     0.36979E-01     0.45055E-01     0.76718E-02     0.10953E-01     0.83303E-02    -0.52064E-04    -0.58021E-04     0.23134E-01    -0.45839E-04
     0.78796E+00     0.40892E-01     0.42892E-01     0.58245E-01     0.26943E-01     0.25382E-02     0.82757E-01     0.87435E+00     0.30468E-01     0.22024E-02     0.37329E-01     0.45475E-01     0.77251E-02     0.11039E-01     0.84335E-02    -0.53382E-04    -0.59312E-04     0.23548E-01    -0.46109E-04
     0.80350E+00     0.40691E-01     0.42420E-01     0.57258E-01     0.27211E-01     0.24906E-02     0.83525E-01     0.88106E+00     0.30809E-01     0.22287E-02     0.37678E-01     0.45895E-01     0.77827E-02     0.11126E-01     0.85358E-02    -0.54707E-04    -0.60617E-04     0.23965E-01    -0.46401E-04
     0.81907E+00     0.40515E-01     0.41994E-01     0.56334E-01     0.27477E-01     0.24471E-02     0.84285E-01     0.88767E+00     0.31146E-01     0.22549E-02     0.38023E-01     0.46310E-01     0.78448E-02     0.11212E-01     0.86372E-02    -0.56033E-04    -0.61930E-04     0.24381E-01    -0.46714E-04
     0.83469E+00     0.40364E-01     0.41613E-01     0.55484E-01     0.27740E-01     0.24083E-02     0.85035E-01     0.89414E+00     0.31480E-01     0.22810E-02     0.38363E-01     0.46720E-01     0.79115E-02     0.11299E-01     0.87375E-02    -0.57351E-04    -0.63245E-04     0.24793E-01    -0.47049E-04
     0.85033E+00     0.40238E-01     0.41278E-01     0.54718E-01     0.27997E-01     0.23746E-02     0.85768E-01     0.90040E+00     0.31807E-01     0.23067E-02     0.38697E-01     0.47120E-01     0.79828E-02     0.11386E-01     0.88365E-02    -0.58655E-04    -0.64553E-04     0.25199E-01    -0.47411E-04
     0.86601E+00     0.40139E-01     0.40989E-01     0.54048E-01     0.28249E-01     0.23463E-02     0.86480E-01     0.90642E+00     0.32129E-01     0.23320E-02     0.39022E-01     0.47508E-01     0.80586E-02     0.11472E-01     0.89342E-02    -0.59938E-04    -0.65847E-04     0.25595E-01    -0.47804E-04
     0.88171E+00     0.40066E-01     0.40747E-01     0.53481E-01     0.28493E-01     0.23238E-02     0.87171E-01     0.91218E+00     0.32442E-01     0.23569E-02     0.39336E-01     0.47884E-01     0.81388E-02     0.11557E-01     0.90302E-02    -0.61196E-04    -0.67124E-04     0.25981E-01    -0.48231E-04
     0.89744E+00     0.40020E-01     0.40555E-01     0.53022E-01     0.28730E-01     0.23070E-02     0.87837E-01     0.91766E+00     0.32747E-01     0.23812E-02     0.39641E-01     0.48247E-01     0.82232E-02     0.11643E-01     0.91245E-02    -0.62423E-04    -0.68381E-04     0.26354E-01    -0.48693E-04
     0.91319E+00     0.39999E-01     0.40415E-01     0.52676E-01     0.28956E-01     0.22962E-02     0.88472E-01     0.92278E+00     0.33043E-01     0.24048E-02     0.39932E-01     0.48592E-01     0.83119E-02     0.11727E-01     0.92167E-02    -0.63615E-04    -0.69603E-04     0.26710E-01    -0.49184E-04
     0.92895E+00     0.40003E-01     0.40332E-01     0.52445E-01     0.29172E-01     0.22915E-02     0.89072E-01     0.92752E+00     0.33330E-01     0.24276E-02     0.40207E-01     0.48917E-01     0.84046E-02     0.11811E-01     0.93067E-02    -0.64768E-04    -0.70785E-04     0.27047E-01    -0.49697E-04
     0.94473E+00     0.40032E-01     0.40308E-01     0.52335E-01     0.29377E-01     0.22928E-02     0.89639E-01     0.93190E+00     0.33605E-01     0.24495E-02     0.40466E-01     0.49225E-01     0.85012E-02     0.11894E-01     0.93942E-02    -0.65879E-04    -0.71927E-04     0.27365E-01    -0.50232E-04
     0.96051E+00     0.40086E-01     0.40341E-01     0.52345E-01     0.29574E-01     0.23003E-02     0.90179E-01     0.93598E+00     0.33870E-01     0.24709E-02     0.40714E-01     0.49517E-01     0.86012E-02     0.11976E-01     0.94790E-02    -0.66950E-04    -0.73040E-04     0.27669E-01    -0.50793E-04
     0.97631E+00     0.40165E-01     0.40431E-01     0.52474E-01     0.29763E-01     0.23142E-02     0.90697E-01     0.93979E+00     0.34124E-01     0.24918E-02     0.40954E-01     0.49797E-01     0.87044E-02     0.12058E-01     0.95610E-02    -0.67982E-04    -0.74129E-04     0.27959E-01    -0.51386E-04
     0.99210E+00     0.40270E-01     0.40576E-01     0.52717E-01     0.29944E-01     0.23345E-02     0.91190E-01     0.94328E+00     0.34366E-01     0.25121E-02     0.41183E-01     0.50062E-01     0.88105E-02     0.12138E-01     0.96399E-02    -0.68972E-04    -0.75188E-04     0.28233E-01    -0.52014E-04
     0.10079E+01     0.40399E-01     0.40773E-01     0.53074E-01     0.30117E-01     0.23610E-02     0.91659E-01     0.94648E+00     0.34596E-01     0.25319E-02     0.41402E-01     0.50312E-01     0.89191E-02     0.12217E-01     0.97158E-02    -0.69916E-04    -0.76217E-04     0.28493E-01    -0.52678E-04
     0.10237E+01     0.40552E-01     0.41021E-01     0.53543E-01     0.30283E-01     0.23932E-02     0.92107E-01     0.94942E+00     0.34815E-01     0.25513E-02     0.41613E-01     0.50550E-01     0.90296E-02     0.12296E-01     0.97884E-02    -0.70814E-04    -0.77224E-04     0.28739E-01    -0.53381E-04
     0.10395E+01     0.40727E-01     0.41317E-01     0.54123E-01     0.30443E-01     0.24307E-02     0.92538E-01     0.95211E+00     0.35022E-01     0.25703E-02     0.41818E-01     0.50777E-01     0.91418E-02     0.12372E-01     0.98578E-02    -0.71668E-04    -0.78210E-04     0.28972E-01    -0.54120E-04
     0.10553E+01     0.40925E-01     0.41657E-01     0.54809E-01     0.30597E-01     0.24730E-02     0.92951E-01     0.95455E+00     0.35217E-01     0.25889E-02     0.42016E-01     0.50993E-01     0.92553E-02     0.12448E-01     0.99239E-02    -0.72481E-04    -0.79176E-04     0.29193E-01    -0.54892E-04
     0.10711E+01     0.41146E-01     0.42037E-01     0.55589E-01     0.30744E-01     0.25198E-02     0.93342E-01     0.95671E+00     0.35400E-01     0.26071E-02     0.42206E-01     0.51195E-01     0.93699E-02     0.12522E-01     0.99865E-02    -0.73249E-04    -0.80114E-04     0.29400E-01    -0.55691E-04
     0.10868E+01     0.41388E-01     0.42453E-01     0.56449E-01     0.30884E-01     0.25708E-02     0.93713E-01     0.95863E+00     0.35572E-01     0.26249E-02     0.42388E-01     0.51385E-01     0.94852E-02     0.12595E-01     0.10046E-01    -0.73974E-04    -0.81027E-04     0.29592E-01    -0.56518E-04
     0.11026E+01     0.41652E-01     0.42902E-01     0.57381E-01     0.31019E-01     0.26256E-02     0.94071E-01     0.96037E+00     0.35732E-01     0.26424E-02     0.42565E-01     0.51567E-01     0.96009E-02     0.12666E-01     0.10101E-01    -0.74661E-04    -0.81924E-04     0.29776E-01    -0.57372E-04
     0.11183E+01     0.41937E-01     0.43383E-01     0.58374E-01     0.31151E-01     0.26838E-02     0.94419E-01     0.96197E+00     0.35881E-01     0.26597E-02     0.42738E-01     0.51743E-01     0.97169E-02     0.12735E-01     0.10153E-01    -0.75316E-04    -0.82811E-04     0.29952E-01    -0.58252E-04
     0.11340E+01     0.42241E-01     0.43897E-01     0.59416E-01     0.31281E-01     0.27452E-02     0.94763E-01     0.96348E+00     0.36019E-01     0.26770E-02     0.42910E-01     0.51915E-01     0.98329E-02     0.12802E-01     0.10201E-01    -0.75943E-04    -0.83697E-04     0.30124E-01    -0.59161E-04
     0.11497E+01     0.42562E-01     0.44449E-01     0.60493E-01     0.31412E-01     0.28094E-02     0.95107E-01     0.96494E+00     0.36147E-01     0.26944E-02     0.43085E-01     0.52086E-01     0.99487E-02     0.12868E-01     0.10246E-01    -0.76550E-04    -0.84593E-04     0.30295E-01    -0.60101E-04
     0.11653E+01     0.42900E-01     0.45037E-01     0.61598E-01     0.31544E-01     0.28759E-02     0.95459E-01     0.96641E+00     0.36266E-01     0.27121E-02     0.43264E-01     0.52260E-01     0.10064E-01     0.12932E-01     0.10286E-01    -0.77143E-04    -0.85508E-04     0.30469E-01    -0.61068E-04
     0.11809E+01     0.43252E-01     0.45659E-01     0.62725E-01     0.31680E-01     0.29443E-02     0.95823E-01     0.96794E+00     0.36375E-01     0.27304E-02     0.43450E-01     0.52438E-01     0.10179E-01     0.12994E-01     0.10323E-01    -0.77725E-04    -0.86453E-04     0.30649E-01    -0.62064E-04
     0.11965E+01     0.43617E-01     0.46313E-01     0.63874E-01     0.31820E-01     0.30145E-02     0.96201E-01     0.96956E+00     0.36476E-01     0.27491E-02     0.43644E-01     0.52623E-01     0.10292E-01     0.13053E-01     0.10355E-01    -0.78300E-04    -0.87431E-04     0.30835E-01    -0.63091E-04
     0.12120E+01     0.43994E-01     0.46993E-01     0.65040E-01     0.31966E-01     0.30861E-02     0.96598E-01     0.97131E+00     0.36569E-01     0.27685E-02     0.43849E-01     0.52816E-01     0.10404E-01     0.13111E-01     0.10384E-01    -0.78873E-04    -0.88451E-04     0.31032E-01    -0.64151E-04
     0.12275E+01     0.44383E-01     0.47697E-01     0.66221E-01     0.32123E-01     0.31591E-02     0.97027E-01     0.97332E+00     0.36656E-01     0.27889E-02     0.44070E-01     0.53026E-01     0.10515E-01     0.13167E-01     0.10408E-01    -0.79456E-04    -0.89540E-04     0.31249E-01    -0.65243E-04
     0.12430E+01     0.44782E-01     0.48420E-01     0.67415E-01     0.32291E-01     0.32331E-02     0.97496E-01     0.97565E+00     0.36736E-01     0.28106E-02     0.44311E-01     0.53254E-01     0.10624E-01     0.13222E-01     0.10428E-01    -0.80057E-04    -0.90708E-04     0.31487E-01    -0.66363E-04
     0.12584E+01     0.45191E-01     0.49156E-01     0.68617E-01     0.32469E-01     0.33080E-02     0.97995E-01     0.97821E+00     0.36810E-01     0.28334E-02     0.44569E-01     0.53498E-01     0.10732E-01     0.13274E-01     0.10444E-01    -0.80673E-04    -0.91947E-04     0.31744E-01    -0.67499E-04
     0.12737E+01     0.45612E-01     0.49902E-01     0.69823E-01     0.32655E-01     0.33838E-02     0.98519E-01     0.98095E+00     0.36879E-01     0.28570E-02     0.44839E-01     0.53752E-01     0.10839E-01     0.13326E-01     0.10457E-01    -0.81301E-04    -0.93244E-04     0.32015E-01    -0.68647E-04
     0.12890E+01     0.46043E-01     0.50655E-01     0.71032E-01     0.32848E-01     0.34603E-02     0.99066E-01     0.98384E+00     0.36943E-01     0.28814E-02     0.45121E-01     0.54017E-01     0.10944E-01     0.13376E-01     0.10465E-01    -0.81939E-04    -0.94595E-04     0.32299E-01    -0.69802E-04
     0.13042E+01     0.46483E-01     0.51414E-01     0.72242E-01     0.33052E-01     0.35377E-02     0.99647E-01     0.98700E+00     0.37003E-01     0.29070E-02     0.45421E-01     0.54299E-01     0.11047E-01     0.13425E-01     0.10469E-01    -0.82597E-04    -0.96027E-04     0.32603E-01    -0.70979E-04
     0.13194E+01     0.46930E-01     0.52177E-01     0.73448E-01     0.33271E-01     0.36155E-02     0.10027E+00     0.99052E+00     0.37059E-01     0.29341E-02     0.45744E-01     0.54603E-01     0.11149E-01     0.13472E-01     0.10470E-01    -0.83286E-04    -0.97560E-04     0.32935E-01    -0.72187E-04
     0.13345E+01     0.47383E-01     0.52944E-01     0.74646E-01     0.33504E-01     0.36937E-02     0.10095E+00     0.99441E+00     0.37113E-01     0.29627E-02     0.46091E-01     0.54930E-01     0.11250E-01     0.13519E-01     0.10467E-01    -0.84017E-04    -0.99203E-04     0.33296E-01    -0.73426E-04
     0.13495E+01     0.47838E-01     0.53714E-01     0.75837E-01     0.33754E-01     0.37721E-02     0.10167E+00     0.99870E+00     0.37165E-01     0.29931E-02     0.46465E-01     0.55283E-01     0.11349E-01     0.13566E-01     0.10460E-01    -0.84799E-04    -0.10097E-03     0.33689E-01    -0.74693E-04
     0.13645E+01     0.48295E-01     0.54486E-01     0.77018E-01     0.34021E-01     0.38509E-02     0.10245E+00     0.10034E+01     0.37215E-01     0.30252E-02     0.46864E-01     0.55661E-01     0.11447E-01     0.13611E-01     0.10450E-01    -0.85640E-04    -0.10286E-03     0.34114E-01    -0.75987E-04
     0.13794E+01     0.48751E-01     0.55260E-01     0.78191E-01     0.34306E-01     0.39296E-02     0.10328E+00     0.10086E+01     0.37265E-01     0.30594E-02     0.47294E-01     0.56068E-01     0.11544E-01     0.13657E-01     0.10436E-01    -0.86548E-04    -0.10489E-03     0.34577E-01    -0.77311E-04
     0.13942E+01     0.49204E-01     0.56035E-01     0.79358E-01     0.34612E-01     0.40081E-02     0.10418E+00     0.10142E+01     0.37316E-01     0.30957E-02     0.47756E-01     0.56506E-01     0.11640E-01     0.13702E-01     0.10420E-01    -0.87528E-04    -0.10708E-03     0.35081E-01    -0.78664E-04
     0.14089E+01     0.49653E-01     0.56808E-01     0.80525E-01     0.34941E-01     0.40861E-02     0.10515E+00     0.10205E+01     0.37366E-01     0.31343E-02     0.48253E-01     0.56980E-01     0.11736E-01     0.13748E-01     0.10401E-01    -0.88585E-04    -0.10945E-03     0.35632E-01    -0.80049E-04
     0.14235E+01     0.50096E-01     0.57576E-01     0.81699E-01     0.35295E-01     0.41637E-02     0.10620E+00     0.10274E+01     0.37419E-01     0.31756E-02     0.48789E-01     0.57494E-01     0.11831E-01     0.13794E-01     0.10379E-01    -0.89729E-04    -0.11201E-03     0.36236E-01    -0.81473E-04
     0.14380E+01     0.50535E-01     0.58333E-01     0.82882E-01     0.35673E-01     0.42410E-02     0.10732E+00     0.10348E+01     0.37472E-01     0.32193E-02     0.49362E-01     0.58042E-01     0.11926E-01     0.13840E-01     0.10355E-01    -0.90958E-04    -0.11476E-03     0.36887E-01    -0.82927E-04
     0.14525E+01     0.50970E-01     0.59076E-01     0.84074E-01     0.36071E-01     0.43184E-02     0.10850E+00     0.10427E+01     0.37528E-01     0.32654E-02     0.49969E-01     0.58621E-01     0.12022E-01     0.13887E-01     0.10329E-01    -0.92266E-04    -0.11770E-03     0.37584E-01    -0.84409E-04
     0.14668E+01     0.51398E-01     0.59806E-01     0.85278E-01     0.36491E-01     0.43960E-02     0.10976E+00     0.10511E+01     0.37585E-01     0.33138E-02     0.50610E-01     0.59233E-01     0.12119E-01     0.13935E-01     0.10301E-01    -0.93657E-04    -0.12084E-03     0.38328E-01    -0.85923E-04
     0.14811E+01     0.51818E-01     0.60518E-01     0.86499E-01     0.36934E-01     0.44737E-02     0.11108E+00     0.10601E+01     0.37645E-01     0.33648E-02     0.51288E-01     0.59881E-01     0.12216E-01     0.13985E-01     0.10272E-01    -0.95136E-04    -0.12419E-03     0.39124E-01    -0.87471E-04
     0.14952E+01     0.52229E-01     0.61211E-01     0.87738E-01     0.37400E-01     0.45509E-02     0.11248E+00     0.10696E+01     0.37706E-01     0.34183E-02     0.52003E-01     0.60565E-01     0.12313E-01     0.14035E-01     0.10241E-01    -0.96704E-04    -0.12775E-03     0.39973E-01    -0.89040E-04
     0.15093E+01     0.52629E-01     0.61886E-01     0.88988E-01     0.37890E-01     0.46273E-02     0.11395E+00     0.10797E+01     0.37771E-01     0.34744E-02     0.52756E-01     0.61282E-01     0.12412E-01     0.14087E-01     0.10209E-01    -0.98357E-04    -0.13155E-03     0.40876E-01    -0.90625E-04
     0.15232E+01     0.53016E-01     0.62549E-01     0.90247E-01     0.38405E-01     0.47028E-02     0.11549E+00     0.10903E+01     0.37838E-01     0.35333E-02     0.53549E-01     0.62038E-01     0.12512E-01     0.14140E-01     0.10176E-01    -0.10010E-03    -0.13560E-03     0.41839E-01    -0.92227E-04
     0.15370E+01     0.53387E-01     0.63200E-01     0.91518E-01     0.38950E-01     0.47774E-02     0.11713E+00     0.11017E+01     0.37908E-01     0.35956E-02     0.54391E-01     0.62839E-01     0.12612E-01     0.14195E-01     0.10141E-01    -0.10196E-03    -0.13994E-03     0.42873E-01    -0.93853E-04
     0.15507E+01     0.53740E-01     0.63841E-01     0.92809E-01     0.39530E-01     0.48509E-02     0.11889E+00     0.11138E+01     0.37981E-01     0.36616E-02     0.55289E-01     0.63693E-01     0.12713E-01     0.14252E-01     0.10106E-01    -0.10394E-03    -0.14463E-03     0.43990E-01    -0.95510E-04
     0.15643E+01     0.54073E-01     0.64470E-01     0.94136E-01     0.40150E-01     0.49231E-02     0.12076E+00     0.11269E+01     0.38059E-01     0.37321E-02     0.56252E-01     0.64607E-01     0.12815E-01     0.14310E-01     0.10070E-01    -0.10607E-03    -0.14972E-03     0.45204E-01    -0.97205E-04
     0.15778E+01     0.54384E-01     0.65085E-01     0.95507E-01     0.40810E-01     0.49939E-02     0.12276E+00     0.11408E+01     0.38141E-01     0.38070E-02     0.57280E-01     0.65579E-01     0.12918E-01     0.14370E-01     0.10033E-01    -0.10834E-03    -0.15523E-03     0.46514E-01    -0.98935E-04
     0.15911E+01     0.54671E-01     0.65683E-01     0.96924E-01     0.41507E-01     0.50631E-02     0.12488E+00     0.11556E+01     0.38228E-01     0.38862E-02     0.58370E-01     0.66608E-01     0.13022E-01     0.14432E-01     0.99962E-02    -0.11077E-03    -0.16117E-03     0.47922E-01    -0.10069E-03
     0.16043E+01     0.54934E-01     0.66259E-01     0.98387E-01     0.42242E-01     0.51311E-02     0.12711E+00     0.11713E+01     0.38319E-01     0.39697E-02     0.59522E-01     0.67693E-01     0.13127E-01     0.14496E-01     0.99583E-02    -0.11335E-03    -0.16754E-03     0.49429E-01    -0.10247E-03
     0.16174E+01     0.55170E-01     0.66809E-01     0.99898E-01     0.43015E-01     0.51983E-02     0.12947E+00     0.11877E+01     0.38416E-01     0.40578E-02     0.60739E-01     0.68834E-01     0.13234E-01     0.14561E-01     0.99199E-02    -0.11610E-03    -0.17439E-03     0.51040E-01    -0.10428E-03
     0.16303E+01     0.55375E-01     0.67335E-01     0.10146E+00     0.43827E-01     0.52649E-02     0.13194E+00     0.12050E+01     0.38517E-01     0.41504E-02     0.62021E-01     0.70031E-01     0.13341E-01     0.14628E-01     0.98811E-02    -0.11902E-03    -0.18173E-03     0.52756E-01    -0.10613E-03
     0.16431E+01     0.55547E-01     0.67836E-01     0.10309E+00     0.44675E-01     0.53309E-02     0.13454E+00     0.12229E+01     0.38623E-01     0.42476E-02     0.63369E-01     0.71280E-01     0.13451E-01     0.14696E-01     0.98418E-02    -0.12212E-03    -0.18959E-03     0.54578E-01    -0.10801E-03
     0.16558E+01     0.55678E-01     0.68314E-01     0.10478E+00     0.45562E-01     0.53962E-02     0.13725E+00     0.12416E+01     0.38734E-01     0.43496E-02     0.64783E-01     0.72582E-01     0.13562E-01     0.14766E-01     0.98022E-02    -0.12540E-03    -0.19799E-03     0.56510E-01    -0.10992E-03
     0.16683E+01     0.55763E-01     0.68769E-01     0.10654E+00     0.46491E-01     0.54603E-02     0.14010E+00     0.12611E+01     0.38849E-01     0.44569E-02     0.66273E-01     0.73945E-01     0.13677E-01     0.14837E-01     0.97623E-02    -0.12888E-03    -0.20700E-03     0.58566E-01    -0.11186E-03
     0.16806E+01     0.55796E-01     0.69197E-01     0.10838E+00     0.47464E-01     0.55233E-02     0.14309E+00     0.12815E+01     0.38969E-01     0.45697E-02     0.67842E-01     0.75371E-01     0.13793E-01     0.14909E-01     0.97223E-02    -0.13256E-03    -0.21668E-03     0.60756E-01    -0.11381E-03
     0.16928E+01     0.55772E-01     0.69594E-01     0.11030E+00     0.48485E-01     0.55850E-02     0.14624E+00     0.13028E+01     0.39094E-01     0.46885E-02     0.69496E-01     0.76865E-01     0.13913E-01     0.14982E-01     0.96821E-02    -0.13647E-03    -0.22709E-03     0.63091E-01    -0.11580E-03
     0.17049E+01     0.55682E-01     0.69955E-01     0.11232E+00     0.49557E-01     0.56450E-02     0.14955E+00     0.13250E+01     0.39223E-01     0.48139E-02     0.71243E-01     0.78429E-01     0.14036E-01     0.15056E-01     0.96419E-02    -0.14062E-03    -0.23831E-03     0.65582E-01    -0.11782E-03
     0.17167E+01     0.55519E-01     0.70278E-01     0.11443E+00     0.50679E-01     0.57031E-02     0.15302E+00     0.13481E+01     0.39356E-01     0.49460E-02     0.73086E-01     0.80063E-01     0.14163E-01     0.15131E-01     0.96018E-02    -0.14502E-03    -0.25038E-03     0.68233E-01    -0.11986E-03
     0.17285E+01     0.55279E-01     0.70562E-01     0.11665E+00     0.51852E-01     0.57587E-02     0.15666E+00     0.13721E+01     0.39494E-01     0.50850E-02     0.75026E-01     0.81767E-01     0.14294E-01     0.15205E-01     0.95617E-02    -0.14967E-03    -0.26337E-03     0.71052E-01    -0.12191E-03
     0.17400E+01     0.54954E-01     0.70805E-01     0.11897E+00     0.53084E-01     0.58115E-02     0.16049E+00     0.13971E+01     0.39634E-01     0.52318E-02     0.77079E-01     0.83552E-01     0.14428E-01     0.15280E-01     0.95217E-02    -0.15458E-03    -0.27741E-03     0.74061E-01    -0.12398E-03
     0.17514E+01     0.54540E-01     0.71003E-01     0.12141E+00     0.54380E-01     0.58609E-02     0.16454E+00     0.14231E+01     0.39778E-01     0.53873E-02     0.79256E-01     0.85424E-01     0.14566E-01     0.15355E-01     0.94819E-02    -0.15979E-03    -0.29261E-03     0.77281E-01    -0.12606E-03
     0.17626E+01     0.54029E-01     0.71154E-01     0.12397E+00     0.55742E-01     0.59061E-02     0.16880E+00     0.14503E+01     0.39924E-01     0.55520E-02     0.81565E-01     0.87385E-01     0.14708E-01     0.15430E-01     0.94422E-02    -0.16530E-03    -0.30911E-03     0.80724E-01    -0.12816E-03
     0.17737E+01     0.53415E-01     0.71256E-01     0.12665E+00     0.57170E-01     0.59464E-02     0.17329E+00     0.14784E+01     0.40072E-01     0.57262E-02     0.84008E-01     0.89434E-01     0.14855E-01     0.15503E-01     0.94027E-02    -0.17115E-03    -0.32696E-03     0.84395E-01    -0.13026E-03
     0.17845E+01     0.52693E-01     0.71308E-01     0.12946E+00     0.58667E-01     0.59812E-02     0.17801E+00     0.15075E+01     0.40221E-01     0.59105E-02     0.86595E-01     0.91571E-01     0.15005E-01     0.15576E-01     0.93634E-02    -0.17735E-03    -0.34630E-03     0.88304E-01    -0.13234E-03
     0.17952E+01     0.51858E-01     0.71308E-01     0.13239E+00     0.60233E-01     0.60102E-02     0.18296E+00     0.15375E+01     0.40370E-01     0.61056E-02     0.89335E-01     0.93796E-01     0.15161E-01     0.15646E-01     0.93242E-02    -0.18392E-03    -0.36727E-03     0.92460E-01    -0.13438E-03
     0.18057E+01     0.50904E-01     0.71252E-01     0.13545E+00     0.61870E-01     0.60331E-02     0.18817E+00     0.15683E+01     0.40519E-01     0.63121E-02     0.92237E-01     0.96108E-01     0.15322E-01     0.15715E-01     0.92852E-02    -0.19087E-03    -0.38999E-03     0.96867E-01    -0.13637E-03
     0.18160E+01     0.49825E-01     0.71135E-01     0.13861E+00     0.63576E-01     0.60499E-02     0.19363E+00     0.15996E+01     0.40664E-01     0.65305E-02     0.95309E-01     0.98502E-01     0.15488E-01     0.15782E-01     0.92464E-02    -0.19821E-03    -0.41459E-03     0.10152E+00    -0.13827E-03
     0.18261E+01     0.48616E-01     0.70955E-01     0.14186E+00     0.65350E-01     0.60601E-02     0.19934E+00     0.16314E+01     0.40805E-01     0.67613E-02     0.98557E-01     0.10097E+00     0.15660E-01     0.15846E-01     0.92077E-02    -0.20593E-03    -0.44121E-03     0.10642E+00    -0.14007E-03
     0.18360E+01     0.47271E-01     0.70704E-01     0.14519E+00     0.67185E-01     0.60632E-02     0.20529E+00     0.16633E+01     0.40940E-01     0.70047E-02     0.10198E+00     0.10350E+00     0.15838E-01     0.15906E-01     0.91691E-02    -0.21402E-03    -0.46990E-03     0.11154E+00    -0.14172E-03
     0.18457E+01     0.45786E-01     0.70372E-01     0.14856E+00     0.69074E-01     0.60587E-02     0.21146E+00     0.16949E+01     0.41065E-01     0.72608E-02     0.10559E+00     0.10608E+00     0.16023E-01     0.15963E-01     0.91305E-02    -0.22246E-03    -0.50075E-03     0.11685E+00    -0.14315E-03
     0.18552E+01     0.44158E-01     0.69944E-01     0.15194E+00     0.71004E-01     0.60459E-02     0.21782E+00     0.17256E+01     0.41178E-01     0.75295E-02     0.10937E+00     0.10867E+00     0.16215E-01     0.16016E-01     0.90919E-02    -0.23120E-03    -0.53377E-03     0.12228E+00    -0.14431E-03
     0.18645E+01     0.42385E-01     0.69404E-01     0.15529E+00     0.72960E-01     0.60241E-02     0.22435E+00     0.17549E+01     0.41275E-01     0.78103E-02     0.11332E+00     0.11126E+00     0.16415E-01     0.16063E-01     0.90532E-02    -0.24017E-03    -0.56889E-03     0.12778E+00    -0.14511E-03
     0.18736E+01     0.40466E-01     0.68735E-01     0.15854E+00     0.74916E-01     0.59928E-02     0.23098E+00     0.17819E+01     0.41350E-01     0.81022E-02     0.11742E+00     0.11379E+00     0.16622E-01     0.16105E-01     0.90142E-02    -0.24927E-03    -0.60594E-03     0.13320E+00    -0.14546E-03
     0.18825E+01     0.38402E-01     0.67918E-01     0.16162E+00     0.76840E-01     0.59515E-02     0.23762E+00     0.18053E+01     0.41400E-01     0.84035E-02     0.12166E+00     0.11620E+00     0.16837E-01     0.16140E-01     0.89750E-02    -0.25835E-03    -0.64458E-03     0.13841E+00    -0.14524E-03
     0.18912E+01     0.36199E-01     0.66930E-01     0.16442E+00     0.78690E-01     0.59004E-02     0.24416E+00     0.18240E+01     0.41418E-01     0.87115E-02     0.12598E+00     0.11843E+00     0.17061E-01     0.16169E-01     0.89353E-02    -0.26722E-03    -0.68426E-03     0.14320E+00    -0.14429E-03
     0.18996E+01     0.33863E-01     0.65753E-01     0.16682E+00     0.80405E-01     0.58396E-02     0.25044E+00     0.18360E+01     0.41396E-01     0.90223E-02     0.13034E+00     0.12037E+00     0.17292E-01     0.16190E-01     0.88951E-02    -0.27560E-03    -0.72408E-03     0.14727E+00    -0.14243E-03
     0.19078E+01     0.31404E-01     0.64367E-01     0.16863E+00     0.81908E-01     0.57700E-02     0.25626E+00     0.18393E+01     0.41327E-01     0.93297E-02     0.13464E+00     0.12189E+00     0.17531E-01     0.16203E-01     0.88544E-02    -0.28314E-03    -0.76270E-03     0.15028E+00    -0.13942E-03
     0.19158E+01     0.28836E-01     0.62757E-01     0.16967E+00     0.83098E-01     0.56928E-02     0.26131E+00     0.18312E+01     0.41202E-01     0.96253E-02     0.13876E+00     0.12284E+00     0.17775E-01     0.16208E-01     0.88129E-02    -0.28939E-03    -0.79826E-03     0.15178E+00    -0.13500E-03
     0.19236E+01     0.26177E-01     0.60903E-01     0.16968E+00     0.83847E-01     0.56095E-02     0.26524E+00     0.18087E+01     0.41011E-01     0.98972E-02     0.14252E+00     0.12300E+00     0.18022E-01     0.16204E-01     0.87706E-02    -0.29377E-03    -0.82818E-03     0.15126E+00    -0.12890E-03
     0.19311E+01     0.23448E-01     0.58788E-01     0.16838E+00     0.83996E-01     0.55221E-02     0.26756E+00     0.17684E+01     0.40746E-01     0.10129E-01     0.14569E+00     0.12216E+00     0.18269E-01     0.16191E-01     0.87275E-02    -0.29561E-03    -0.84906E-03     0.14814E+00    -0.12086E-03
     0.19384E+01     0.20672E-01     0.56390E-01     0.16545E+00     0.83352E-01     0.54328E-02     0.26768E+00     0.17067E+01     0.40397E-01     0.10299E-01     0.14795E+00     0.12002E+00     0.18509E-01     0.16169E-01     0.86834E-02    -0.29408E-03    -0.85665E-03     0.14187E+00    -0.11066E-03
     0.19455E+01     0.17877E-01     0.53686E-01     0.16051E+00     0.81687E-01     0.53442E-02     0.26487E+00     0.16199E+01     0.39954E-01     0.10378E-01     0.14888E+00     0.11627E+00     0.18734E-01     0.16135E-01     0.86381E-02    -0.28834E-03    -0.84597E-03     0.13197E+00    -0.98243E-04
     0.19523E+01     0.15095E-01     0.50649E-01     0.15317E+00     0.78757E-01     0.52587E-02     0.25831E+00     0.15052E+01     0.39411E-01     0.10329E-01     0.14796E+00     0.11062E+00     0.18936E-01     0.16091E-01     0.85916E-02    -0.27750E-03    -0.81183E-03     0.11822E+00    -0.83784E-04
     0.19589E+01     0.12363E-01     0.47243E-01     0.14311E+00     0.74320E-01     0.51790E-02     0.24710E+00     0.13611E+01     0.38764E-01     0.10110E-01     0.14456E+00     0.10278E+00     0.19103E-01     0.16033E-01     0.85439E-02    -0.26084E-03    -0.74991E-03     0.10089E+00    -0.67786E-04
     0.19652E+01     0.97237E-02     0.43417E-01     0.13008E+00     0.68191E-01     0.51073E-02     0.23042E+00     0.11888E+01     0.38012E-01     0.96743E-02     0.13801E+00     0.92616E-01     0.19221E-01     0.15961E-01     0.84948E-02    -0.23794E-03    -0.65848E-03     0.80858E-01    -0.51151E-04
     0.19713E+01     0.72335E-02     0.39091E-01     0.11407E+00     0.60302E-01     0.50459E-02     0.20772E+00     0.99331E+00     0.37160E-01     0.89767E-02     0.12769E+00     0.80205E-01     0.19278E-01     0.15874E-01     0.84446E-02    -0.20890E-03    -0.54041E-03     0.59759E-01    -0.35150E-04
     0.19771E+01     0.49606E-02     0.34151E-01     0.95394E-01     0.50775E-01     0.49966E-02     0.17889E+00     0.78387E+00     0.36220E-01     0.79835E-02     0.11310E+00     0.65919E-01     0.19261E-01     0.15770E-01     0.83933E-02    -0.17453E-03    -0.40479E-03     0.39721E-01    -0.21225E-04
     0.19826E+01     0.29902E-02     0.28447E-01     0.74698E-01     0.39953E-01     0.49608E-02     0.14445E+00     0.57337E+00     0.35208E-01     0.66810E-02     0.94081E-01     0.50459E-01     0.19164E-01     0.15649E-01     0.83414E-02    -0.13633E-03    -0.26664E-03     0.22874E-01    -0.10628E-04
     0.19879E+01     0.14249E-02     0.21805E-01     0.52939E-01     0.28388E-01     0.49395E-02     0.10552E+00     0.37594E+00     0.34147E-01     0.50814E-02     0.70831E-01     0.34763E-01     0.18984E-01     0.15510E-01     0.82892E-02    -0.96307E-04    -0.14415E-03     0.10663E-01    -0.39553E-05
     0.19929E+01     0.38418E-03     0.14053E-01     0.31150E-01     0.16705E-01     0.49328E-02     0.63588E-01     0.20311E+00     0.33060E-01     0.32178E-02     0.43897E-01     0.19782E-01     0.18725E-01     0.15354E-01     0.82371E-02    -0.56444E-04    -0.53731E-04     0.33917E-02    -0.83749E-06
     0.19977E+01     0.00000E+00     0.50327E-02     0.10120E-01     0.54141E-02     0.49397E-02     0.20195E-01     0.60325E-01     0.31967E-01     0.11276E-02     0.14308E-01     0.61916E-02     0.18395E-01     0.15180E-01     0.81858E-02    -0.18188E-04    -0.60979E-05     0.32659E-03    -0.28069E-07
