     0.23093E-02     0.50645E-06    -0.49073E-04     0.23100E-07     0.00000E+00     0.00000E+00    -0.15872E-06     0.41919E-04     0.12765E-04     0.42378E-03    -0.40060E-03     0.18479E-04     0.57140E-05
     0.70633E-02     0.32185E-05    -0.24714E-04     0.48882E-06     0.00000E+00     0.00000E+00     0.28455E-06     0.68160E-05     0.16789E-04     0.31242E-03    -0.29911E-03     0.52765E-04     0.35977E-04
     0.12087E-01     0.66449E-05    -0.12302E-04     0.16356E-05     0.00000E+00     0.00000E+00     0.90414E-06    -0.10699E-05     0.10707E-04     0.22780E-03    -0.21656E-03     0.84499E-04     0.73791E-04
     0.17376E-01     0.10224E-04    -0.82455E-05     0.33753E-05     0.00000E+00     0.00000E+00     0.20326E-05    -0.41305E-06     0.33196E-05     0.18403E-03    -0.18081E-03     0.11629E-03     0.11297E-03
     0.22928E-01     0.13950E-04    -0.65252E-05     0.57547E-05     0.00000E+00     0.00000E+00     0.34505E-05     0.12310E-05    -0.36687E-05     0.15871E-03    -0.16244E-03     0.14984E-03     0.15351E-03
     0.28739E-01     0.17968E-04    -0.60281E-05     0.89961E-05     0.00000E+00     0.00000E+00     0.51576E-05     0.25516E-05    -0.10431E-04     0.14656E-03    -0.15721E-03     0.18656E-03     0.19699E-03
     0.34807E-01     0.22425E-04    -0.60123E-05     0.13355E-04     0.00000E+00     0.00000E+00     0.71262E-05     0.33403E-05    -0.17534E-04     0.14006E-03    -0.15791E-03     0.22748E-03     0.24501E-03
     0.41127E-01     0.27444E-04    -0.62682E-05     0.19041E-04     0.00000E+00     0.00000E+00     0.93092E-05     0.36947E-05    -0.25451E-04     0.13630E-03    -0.16212E-03     0.27338E-03     0.29883E-03
     0.47696E-01     0.33112E-04    -0.66772E-05     0.26186E-04     0.00000E+00     0.00000E+00     0.11611E-04     0.37951E-05    -0.34465E-04     0.13333E-03    -0.16818E-03     0.32486E-03     0.35933E-03
     0.54512E-01     0.39492E-04    -0.71932E-05     0.34850E-04     0.00000E+00     0.00000E+00     0.13912E-04     0.37434E-05    -0.44707E-04     0.13041E-03    -0.17549E-03     0.38240E-03     0.42711E-03
     0.61570E-01     0.46631E-04    -0.77855E-05     0.45030E-04     0.00000E+00     0.00000E+00     0.16081E-04     0.36163E-05    -0.56198E-04     0.12716E-03    -0.18371E-03     0.44638E-03     0.50257E-03
     0.68868E-01     0.54560E-04    -0.84334E-05     0.56676E-04     0.00000E+00     0.00000E+00     0.18004E-04     0.34495E-05    -0.68887E-04     0.12351E-03    -0.19271E-03     0.51709E-03     0.58598E-03
     0.76401E-01     0.63304E-04    -0.91187E-05     0.69702E-04     0.00000E+00     0.00000E+00     0.19603E-04     0.32633E-05    -0.82677E-04     0.11942E-03    -0.20237E-03     0.59480E-03     0.67748E-03
     0.84168E-01     0.72881E-04    -0.98271E-05     0.83991E-04     0.00000E+00     0.00000E+00     0.20830E-04     0.30736E-05    -0.97444E-04     0.11496E-03    -0.21263E-03     0.67971E-03     0.77716E-03
     0.92164E-01     0.83301E-04    -0.10548E-04     0.99412E-04     0.00000E+00     0.00000E+00     0.21670E-04     0.28875E-05    -0.11305E-03     0.11015E-03    -0.22339E-03     0.77198E-03     0.88504E-03
     0.10039E+00     0.94575E-04    -0.11268E-04     0.11582E-03     0.00000E+00     0.00000E+00     0.22136E-04     0.27046E-05    -0.12936E-03     0.10505E-03    -0.23457E-03     0.87172E-03     0.10011E-02
     0.10883E+00     0.10671E-03    -0.11978E-04     0.13306E-03     0.00000E+00     0.00000E+00     0.22243E-04     0.25275E-05    -0.14623E-03     0.99719E-04    -0.24609E-03     0.97901E-03     0.11252E-02
     0.11749E+00     0.11969E-03    -0.12670E-04     0.15098E-03     0.00000E+00     0.00000E+00     0.22025E-04     0.23556E-05    -0.16352E-03     0.94224E-04    -0.25789E-03     0.10939E-02     0.12574E-02
     0.12637E+00     0.13354E-03    -0.13338E-04     0.16943E-03     0.00000E+00     0.00000E+00     0.21517E-04     0.21951E-05    -0.18110E-03     0.88630E-04    -0.26989E-03     0.12163E-02     0.13974E-02
     0.13547E+00     0.14824E-03    -0.13979E-04     0.18826E-03     0.00000E+00     0.00000E+00     0.20742E-04     0.20520E-05    -0.19883E-03     0.83024E-04    -0.28206E-03     0.13463E-02     0.15451E-02
     0.14477E+00     0.16378E-03    -0.14594E-04     0.20734E-03     0.00000E+00     0.00000E+00     0.19754E-04     0.19193E-05    -0.21660E-03     0.77471E-04    -0.29436E-03     0.14837E-02     0.17003E-02
     0.15428E+00     0.18017E-03    -0.15173E-04     0.22653E-03     0.00000E+00     0.00000E+00     0.18580E-04     0.17837E-05    -0.23433E-03     0.71998E-04    -0.30671E-03     0.16285E-02     0.18628E-02
     0.16399E+00     0.19739E-03    -0.15718E-04     0.24572E-03     0.00000E+00     0.00000E+00     0.17213E-04     0.16723E-05    -0.25190E-03     0.66640E-04    -0.31906E-03     0.17806E-02     0.20325E-02
     0.17390E+00     0.21543E-03    -0.16229E-04     0.26480E-03     0.00000E+00     0.00000E+00     0.15697E-04     0.15869E-05    -0.26925E-03     0.61469E-04    -0.33139E-03     0.19398E-02     0.22090E-02
     0.18401E+00     0.23430E-03    -0.16710E-04     0.28370E-03     0.00000E+00     0.00000E+00     0.14102E-04     0.15071E-05    -0.28632E-03     0.56490E-04    -0.34368E-03     0.21060E-02     0.23923E-02
     0.19431E+00     0.25399E-03    -0.17161E-04     0.30235E-03     0.00000E+00     0.00000E+00     0.12484E-04     0.14325E-05    -0.30309E-03     0.51720E-04    -0.35589E-03     0.22791E-02     0.25822E-02
     0.20480E+00     0.27449E-03    -0.17588E-04     0.32068E-03     0.00000E+00     0.00000E+00     0.10875E-04     0.13679E-05    -0.31952E-03     0.47185E-04    -0.36802E-03     0.24590E-02     0.27785E-02
     0.21547E+00     0.29581E-03    -0.17985E-04     0.33864E-03     0.00000E+00     0.00000E+00     0.92996E-05     0.12954E-05    -0.33558E-03     0.42831E-04    -0.37999E-03     0.26454E-02     0.29810E-02
     0.22633E+00     0.31793E-03    -0.18353E-04     0.35618E-03     0.00000E+00     0.00000E+00     0.77344E-05     0.12522E-05    -0.35124E-03     0.38687E-04    -0.39180E-03     0.28383E-02     0.31895E-02
     0.23737E+00     0.34085E-03    -0.18701E-04     0.37329E-03     0.00000E+00     0.00000E+00     0.62391E-05     0.12000E-05    -0.36650E-03     0.34756E-04    -0.40345E-03     0.30374E-02     0.34039E-02
     0.24859E+00     0.36458E-03    -0.19022E-04     0.38992E-03     0.00000E+00     0.00000E+00     0.48381E-05     0.11389E-05    -0.38135E-03     0.30973E-04    -0.41485E-03     0.32427E-02     0.36240E-02
     0.25997E+00     0.38909E-03    -0.19320E-04     0.40605E-03     0.00000E+00     0.00000E+00     0.34821E-05     0.10883E-05    -0.39577E-03     0.27340E-04    -0.42599E-03     0.34538E-02     0.38495E-02
     0.27153E+00     0.41439E-03    -0.19599E-04     0.42169E-03     0.00000E+00     0.00000E+00     0.21383E-05     0.10531E-05    -0.40975E-03     0.23918E-04    -0.43692E-03     0.36706E-02     0.40803E-02
     0.28325E+00     0.44047E-03    -0.19870E-04     0.43685E-03     0.00000E+00     0.00000E+00     0.86305E-06     0.10225E-05    -0.42328E-03     0.20729E-04    -0.44767E-03     0.38929E-02     0.43162E-02
     0.29514E+00     0.46733E-03    -0.20122E-04     0.45152E-03     0.00000E+00     0.00000E+00    -0.30179E-06     0.97128E-06    -0.43639E-03     0.17757E-04    -0.45823E-03     0.41205E-02     0.45569E-02
     0.30719E+00     0.49495E-03    -0.20375E-04     0.46572E-03     0.00000E+00     0.00000E+00    -0.14694E-05     0.94838E-06    -0.44904E-03     0.15066E-04    -0.46863E-03     0.43532E-02     0.48023E-02
     0.31939E+00     0.52334E-03    -0.20628E-04     0.47945E-03     0.00000E+00     0.00000E+00    -0.26578E-05     0.94895E-06    -0.46124E-03     0.12663E-04    -0.47888E-03     0.45909E-02     0.50521E-02
     0.33174E+00     0.55251E-03    -0.20874E-04     0.49273E-03     0.00000E+00     0.00000E+00    -0.38175E-05     0.93446E-06    -0.47304E-03     0.10431E-04    -0.48893E-03     0.48333E-02     0.53063E-02
     0.34425E+00     0.58245E-03    -0.21111E-04     0.50557E-03     0.00000E+00     0.00000E+00    -0.49336E-05     0.93031E-06    -0.48447E-03     0.83511E-05    -0.49878E-03     0.50803E-02     0.55648E-02
     0.35690E+00     0.61317E-03    -0.21345E-04     0.51800E-03     0.00000E+00     0.00000E+00    -0.59405E-05     0.93246E-06    -0.49557E-03     0.64486E-05    -0.50847E-03     0.53319E-02     0.58274E-02
     0.36969E+00     0.64467E-03    -0.21573E-04     0.53002E-03     0.00000E+00     0.00000E+00    -0.68079E-05     0.93645E-06    -0.50636E-03     0.46496E-05    -0.51798E-03     0.55878E-02     0.60941E-02
     0.38262E+00     0.67697E-03    -0.21794E-04     0.54164E-03     0.00000E+00     0.00000E+00    -0.75782E-05     0.94588E-06    -0.51689E-03     0.28595E-05    -0.52725E-03     0.58479E-02     0.63648E-02
     0.39569E+00     0.71008E-03    -0.22013E-04     0.55290E-03     0.00000E+00     0.00000E+00    -0.82089E-05     0.92591E-06    -0.52720E-03     0.11050E-05    -0.53635E-03     0.61121E-02     0.66393E-02
     0.40890E+00     0.74399E-03    -0.22237E-04     0.56384E-03     0.00000E+00     0.00000E+00    -0.86732E-05     0.92305E-06    -0.53726E-03    -0.56009E-06    -0.54532E-03     0.63803E-02     0.69176E-02
     0.42223E+00     0.77871E-03    -0.22457E-04     0.57443E-03     0.00000E+00     0.00000E+00    -0.90217E-05     0.93464E-06    -0.54710E-03    -0.21636E-05    -0.55413E-03     0.66522E-02     0.71993E-02
     0.43569E+00     0.81424E-03    -0.22675E-04     0.58469E-03     0.00000E+00     0.00000E+00    -0.92497E-05     0.93648E-06    -0.55675E-03    -0.37356E-05    -0.56280E-03     0.69279E-02     0.74846E-02
     0.44927E+00     0.85060E-03    -0.22898E-04     0.59465E-03     0.00000E+00     0.00000E+00    -0.93890E-05     0.96011E-06    -0.56625E-03    -0.52973E-05    -0.57135E-03     0.72070E-02     0.77732E-02
     0.46297E+00     0.88780E-03    -0.23126E-04     0.60434E-03     0.00000E+00     0.00000E+00    -0.93946E-05     0.96748E-06    -0.57566E-03    -0.68656E-05    -0.57981E-03     0.74895E-02     0.80652E-02
     0.47679E+00     0.92585E-03    -0.23364E-04     0.61379E-03     0.00000E+00     0.00000E+00    -0.91904E-05     0.96267E-06    -0.58500E-03    -0.84479E-05    -0.58822E-03     0.77753E-02     0.83603E-02
     0.49072E+00     0.96475E-03    -0.23610E-04     0.62303E-03     0.00000E+00     0.00000E+00    -0.88202E-05     0.97381E-06    -0.59430E-03    -0.10023E-04    -0.59658E-03     0.80642E-02     0.86585E-02
     0.50476E+00     0.10045E-02    -0.23867E-04     0.63207E-03     0.00000E+00     0.00000E+00    -0.82733E-05     0.98808E-06    -0.60356E-03    -0.11594E-04    -0.60493E-03     0.83561E-02     0.89596E-02
     0.51891E+00     0.10451E-02    -0.24131E-04     0.64094E-03     0.00000E+00     0.00000E+00    -0.74617E-05     0.97954E-06    -0.61285E-03    -0.13160E-04    -0.61331E-03     0.86507E-02     0.92636E-02
     0.53316E+00     0.10867E-02    -0.24406E-04     0.64966E-03     0.00000E+00     0.00000E+00    -0.64558E-05     0.10018E-05    -0.62216E-03    -0.14753E-04    -0.62171E-03     0.89480E-02     0.95702E-02
     0.54751E+00     0.11290E-02    -0.24687E-04     0.65823E-03     0.00000E+00     0.00000E+00    -0.52232E-05     0.10170E-05    -0.63156E-03    -0.16475E-04    -0.63009E-03     0.92478E-02     0.98794E-02
     0.56196E+00     0.11723E-02    -0.24979E-04     0.66671E-03     0.00000E+00     0.00000E+00    -0.36366E-05     0.98980E-06    -0.64111E-03    -0.18315E-04    -0.63850E-03     0.95499E-02     0.10191E-01
     0.57649E+00     0.12165E-02    -0.25288E-04     0.67511E-03     0.00000E+00     0.00000E+00    -0.18103E-05     0.97175E-06    -0.65077E-03    -0.20199E-04    -0.64699E-03     0.98540E-02     0.10505E-01
     0.59112E+00     0.12616E-02    -0.25615E-04     0.68346E-03     0.00000E+00     0.00000E+00     0.12965E-06     0.98338E-06    -0.66051E-03    -0.22078E-04    -0.65557E-03     0.10160E-01     0.10820E-01
     0.60584E+00     0.13075E-02    -0.25961E-04     0.69175E-03     0.00000E+00     0.00000E+00     0.21484E-05     0.10143E-05    -0.67040E-03    -0.24038E-04    -0.66425E-03     0.10467E-01     0.11138E-01
     0.62064E+00     0.13543E-02    -0.26315E-04     0.70002E-03     0.00000E+00     0.00000E+00     0.43422E-05     0.10110E-05    -0.68060E-03    -0.26266E-04    -0.67295E-03     0.10776E-01     0.11457E-01
     0.63552E+00     0.14020E-02    -0.26684E-04     0.70833E-03     0.00000E+00     0.00000E+00     0.68325E-05     0.96098E-06    -0.69117E-03    -0.28806E-04    -0.68172E-03     0.11086E-01     0.11777E-01
     0.65047E+00     0.14506E-02    -0.27075E-04     0.71672E-03     0.00000E+00     0.00000E+00     0.96933E-05     0.88356E-06    -0.70206E-03    -0.31532E-04    -0.69062E-03     0.11397E-01     0.12099E-01
     0.66550E+00     0.15000E-02    -0.27491E-04     0.72522E-03     0.00000E+00     0.00000E+00     0.12851E-04     0.82247E-06    -0.71319E-03    -0.34317E-04    -0.69969E-03     0.11707E-01     0.12420E-01
     0.68060E+00     0.15502E-02    -0.27926E-04     0.73383E-03     0.00000E+00     0.00000E+00     0.16179E-04     0.78543E-06    -0.72451E-03    -0.37171E-04    -0.70889E-03     0.12018E-01     0.12742E-01
     0.69576E+00     0.16012E-02    -0.28376E-04     0.74255E-03     0.00000E+00     0.00000E+00     0.19674E-04     0.76244E-06    -0.73607E-03    -0.40205E-04    -0.71815E-03     0.12327E-01     0.13063E-01
     0.71099E+00     0.16528E-02    -0.28838E-04     0.75140E-03     0.00000E+00     0.00000E+00     0.23425E-04     0.70962E-06    -0.74799E-03    -0.43544E-04    -0.72744E-03     0.12636E-01     0.13384E-01
     0.72628E+00     0.17051E-02    -0.29315E-04     0.76042E-03     0.00000E+00     0.00000E+00     0.27500E-04     0.62042E-06    -0.76029E-03    -0.47192E-04    -0.73680E-03     0.12942E-01     0.13703E-01
     0.74162E+00     0.17581E-02    -0.29814E-04     0.76964E-03     0.00000E+00     0.00000E+00     0.31778E-04     0.52111E-06    -0.77297E-03    -0.51051E-04    -0.74631E-03     0.13247E-01     0.14020E-01
     0.75702E+00     0.18116E-02    -0.30338E-04     0.77908E-03     0.00000E+00     0.00000E+00     0.36111E-04     0.41185E-06    -0.78599E-03    -0.55042E-04    -0.75601E-03     0.13548E-01     0.14334E-01
     0.77247E+00     0.18655E-02    -0.30893E-04     0.78879E-03     0.00000E+00     0.00000E+00     0.40528E-04     0.27862E-06    -0.79930E-03    -0.59056E-04    -0.76597E-03     0.13846E-01     0.14645E-01
     0.78796E+00     0.19198E-02    -0.31483E-04     0.79878E-03     0.00000E+00     0.00000E+00     0.44960E-04     0.15369E-06    -0.81285E-03    -0.62970E-04    -0.77623E-03     0.14139E-01     0.14952E-01
     0.80350E+00     0.19744E-02    -0.32105E-04     0.80907E-03     0.00000E+00     0.00000E+00     0.49207E-04     0.37126E-07    -0.82659E-03    -0.66814E-04    -0.78673E-03     0.14427E-01     0.15253E-01
     0.81907E+00     0.20291E-02    -0.32748E-04     0.81965E-03     0.00000E+00     0.00000E+00     0.53204E-04    -0.10750E-06    -0.84050E-03    -0.70611E-04    -0.79743E-03     0.14709E-01     0.15549E-01
     0.83469E+00     0.20839E-02    -0.33423E-04     0.83055E-03     0.00000E+00     0.00000E+00     0.56887E-04    -0.22968E-06    -0.85453E-03    -0.74237E-04    -0.80837E-03     0.14984E-01     0.15839E-01
     0.85033E+00     0.21386E-02    -0.34141E-04     0.84183E-03     0.00000E+00     0.00000E+00     0.60253E-04    -0.32500E-06    -0.86863E-03    -0.77552E-04    -0.81968E-03     0.15252E-01     0.16121E-01
     0.86601E+00     0.21932E-02    -0.34910E-04     0.85354E-03     0.00000E+00     0.00000E+00     0.63422E-04    -0.38116E-06    -0.88283E-03    -0.80492E-04    -0.83143E-03     0.15512E-01     0.16395E-01
     0.88171E+00     0.22476E-02    -0.35731E-04     0.86569E-03     0.00000E+00     0.00000E+00     0.66562E-04    -0.41126E-06    -0.89724E-03    -0.83192E-04    -0.84359E-03     0.15764E-01     0.16661E-01
     0.89744E+00     0.23018E-02    -0.36596E-04     0.87834E-03     0.00000E+00     0.00000E+00     0.69837E-04    -0.49705E-06    -0.91200E-03    -0.85866E-04    -0.85608E-03     0.16007E-01     0.16919E-01
     0.91319E+00     0.23558E-02    -0.37500E-04     0.89150E-03     0.00000E+00     0.00000E+00     0.73122E-04    -0.63461E-06    -0.92714E-03    -0.88572E-04    -0.86887E-03     0.16240E-01     0.17167E-01
     0.92895E+00     0.24093E-02    -0.38447E-04     0.90519E-03     0.00000E+00     0.00000E+00     0.76133E-04    -0.80147E-06    -0.94258E-03    -0.91222E-04    -0.88197E-03     0.16464E-01     0.17406E-01
     0.94473E+00     0.24623E-02    -0.39444E-04     0.91944E-03     0.00000E+00     0.00000E+00     0.78663E-04    -0.95993E-06    -0.95820E-03    -0.93655E-04    -0.89543E-03     0.16677E-01     0.17635E-01
     0.96051E+00     0.25146E-02    -0.40493E-04     0.93428E-03     0.00000E+00     0.00000E+00     0.80661E-04    -0.10468E-05    -0.97391E-03    -0.95779E-04    -0.90926E-03     0.16879E-01     0.17852E-01
     0.97631E+00     0.25662E-02    -0.41603E-04     0.94973E-03     0.00000E+00     0.00000E+00     0.82286E-04    -0.10972E-05    -0.98976E-03    -0.97596E-04    -0.92348E-03     0.17069E-01     0.18058E-01
     0.99210E+00     0.26170E-02    -0.42774E-04     0.96583E-03     0.00000E+00     0.00000E+00     0.83696E-04    -0.11492E-05    -0.10058E-02    -0.99294E-04    -0.93803E-03     0.17247E-01     0.18253E-01
     0.10079E+01     0.26670E-02    -0.43984E-04     0.98256E-03     0.00000E+00     0.00000E+00     0.84977E-04    -0.12593E-05    -0.10223E-02    -0.10117E-03    -0.95272E-03     0.17413E-01     0.18435E-01
     0.10237E+01     0.27161E-02    -0.45226E-04     0.99992E-03     0.00000E+00     0.00000E+00     0.86034E-04    -0.14681E-05    -0.10392E-02    -0.10328E-03    -0.96750E-03     0.17566E-01     0.18605E-01
     0.10395E+01     0.27640E-02    -0.46509E-04     0.10179E-02     0.00000E+00     0.00000E+00     0.86663E-04    -0.16624E-05    -0.10563E-02    -0.10544E-03    -0.98244E-03     0.17706E-01     0.18763E-01
     0.10553E+01     0.28108E-02    -0.47852E-04     0.10367E-02     0.00000E+00     0.00000E+00     0.86863E-04    -0.18295E-05    -0.10735E-02    -0.10740E-03    -0.99765E-03     0.17832E-01     0.18906E-01
     0.10711E+01     0.28562E-02    -0.49260E-04     0.10560E-02     0.00000E+00     0.00000E+00     0.86547E-04    -0.20368E-05    -0.10908E-02    -0.10902E-03    -0.10132E-02     0.17944E-01     0.19035E-01
     0.10868E+01     0.29001E-02    -0.50736E-04     0.10761E-02     0.00000E+00     0.00000E+00     0.85432E-04    -0.22475E-05    -0.11080E-02    -0.11019E-03    -0.10290E-02     0.18041E-01     0.19149E-01
     0.11026E+01     0.29424E-02    -0.52270E-04     0.10968E-02     0.00000E+00     0.00000E+00     0.83297E-04    -0.24461E-05    -0.11251E-02    -0.11084E-03    -0.10451E-02     0.18123E-01     0.19248E-01
     0.11183E+01     0.29828E-02    -0.53853E-04     0.11181E-02     0.00000E+00     0.00000E+00     0.80145E-04    -0.26009E-05    -0.11418E-02    -0.11097E-03    -0.10614E-02     0.18189E-01     0.19331E-01
     0.11340E+01     0.30214E-02    -0.55503E-04     0.11399E-02     0.00000E+00     0.00000E+00     0.76121E-04    -0.27106E-05    -0.11582E-02    -0.11050E-03    -0.10779E-02     0.18239E-01     0.19397E-01
     0.11497E+01     0.30579E-02    -0.57219E-04     0.11623E-02     0.00000E+00     0.00000E+00     0.71185E-04    -0.27514E-05    -0.11742E-02    -0.10941E-03    -0.10947E-02     0.18273E-01     0.19447E-01
     0.11653E+01     0.30924E-02    -0.59000E-04     0.11852E-02     0.00000E+00     0.00000E+00     0.65647E-04    -0.27153E-05    -0.11900E-02    -0.10787E-03    -0.11115E-02     0.18291E-01     0.19481E-01
     0.11809E+01     0.31249E-02    -0.60842E-04     0.12086E-02     0.00000E+00     0.00000E+00     0.59931E-04    -0.27321E-05    -0.12058E-02    -0.10612E-03    -0.11285E-02     0.18294E-01     0.19499E-01
     0.11965E+01     0.31554E-02    -0.62739E-04     0.12324E-02     0.00000E+00     0.00000E+00     0.53945E-04    -0.28024E-05    -0.12215E-02    -0.10427E-03    -0.11455E-02     0.18281E-01     0.19503E-01
     0.12120E+01     0.31839E-02    -0.64705E-04     0.12566E-02     0.00000E+00     0.00000E+00     0.47603E-04    -0.28383E-05    -0.12372E-02    -0.10223E-03    -0.11626E-02     0.18254E-01     0.19491E-01
     0.12275E+01     0.32103E-02    -0.66750E-04     0.12811E-02     0.00000E+00     0.00000E+00     0.41022E-04    -0.28489E-05    -0.12530E-02    -0.10002E-03    -0.11798E-02     0.18212E-01     0.19465E-01
     0.12430E+01     0.32346E-02    -0.68865E-04     0.13059E-02     0.00000E+00     0.00000E+00     0.34358E-04    -0.28476E-05    -0.12687E-02    -0.97754E-04    -0.11971E-02     0.18156E-01     0.19425E-01
     0.12584E+01     0.32570E-02    -0.71059E-04     0.13311E-02     0.00000E+00     0.00000E+00     0.27921E-04    -0.28430E-05    -0.12846E-02    -0.95533E-04    -0.12145E-02     0.18087E-01     0.19371E-01
     0.12737E+01     0.32773E-02    -0.73321E-04     0.13564E-02     0.00000E+00     0.00000E+00     0.21730E-04    -0.29361E-05    -0.13007E-02    -0.93504E-04    -0.12317E-02     0.18003E-01     0.19304E-01
     0.12890E+01     0.32955E-02    -0.75646E-04     0.13820E-02     0.00000E+00     0.00000E+00     0.15407E-04    -0.31086E-05    -0.13169E-02    -0.91642E-04    -0.12489E-02     0.17907E-01     0.19224E-01
     0.13042E+01     0.33115E-02    -0.78036E-04     0.14076E-02     0.00000E+00     0.00000E+00     0.86667E-05    -0.32725E-05    -0.13331E-02    -0.89776E-04    -0.12660E-02     0.17798E-01     0.19131E-01
     0.13194E+01     0.33253E-02    -0.80499E-04     0.14332E-02     0.00000E+00     0.00000E+00     0.15769E-05    -0.32717E-05    -0.13491E-02    -0.87823E-04    -0.12830E-02     0.17676E-01     0.19025E-01
     0.13345E+01     0.33369E-02    -0.83059E-04     0.14587E-02     0.00000E+00     0.00000E+00    -0.53358E-05    -0.31875E-05    -0.13649E-02    -0.85911E-04    -0.12998E-02     0.17541E-01     0.18906E-01
     0.13495E+01     0.33463E-02    -0.85710E-04     0.14842E-02     0.00000E+00     0.00000E+00    -0.11660E-04    -0.31936E-05    -0.13810E-02    -0.84361E-04    -0.13164E-02     0.17395E-01     0.18776E-01
     0.13645E+01     0.33536E-02    -0.88400E-04     0.15095E-02     0.00000E+00     0.00000E+00    -0.17378E-04    -0.34336E-05    -0.13973E-02    -0.83539E-04    -0.13324E-02     0.17236E-01     0.18634E-01
     0.13794E+01     0.33587E-02    -0.91089E-04     0.15344E-02     0.00000E+00     0.00000E+00    -0.23099E-04    -0.38748E-05    -0.14137E-02    -0.83389E-04    -0.13478E-02     0.17066E-01     0.18480E-01
     0.13942E+01     0.33612E-02    -0.93845E-04     0.15589E-02     0.00000E+00     0.00000E+00    -0.29473E-04    -0.41560E-05    -0.14296E-02    -0.83199E-04    -0.13627E-02     0.16884E-01     0.18314E-01
     0.14089E+01     0.33612E-02    -0.96710E-04     0.15831E-02     0.00000E+00     0.00000E+00    -0.36514E-04    -0.42698E-05    -0.14448E-02    -0.82419E-04    -0.13776E-02     0.16690E-01     0.18135E-01
     0.14235E+01     0.33585E-02    -0.99678E-04     0.16070E-02     0.00000E+00     0.00000E+00    -0.43994E-04    -0.42454E-05    -0.14594E-02    -0.81043E-04    -0.13924E-02     0.16484E-01     0.17943E-01
     0.14380E+01     0.33531E-02    -0.10273E-03     0.16305E-02     0.00000E+00     0.00000E+00    -0.51230E-04    -0.41929E-05    -0.14734E-02    -0.79364E-04    -0.14069E-02     0.16267E-01     0.17740E-01
     0.14525E+01     0.33453E-02    -0.10584E-03     0.16537E-02     0.00000E+00     0.00000E+00    -0.57839E-04    -0.42811E-05    -0.14871E-02    -0.77576E-04    -0.14211E-02     0.16039E-01     0.17526E-01
     0.14668E+01     0.33350E-02    -0.10905E-03     0.16765E-02     0.00000E+00     0.00000E+00    -0.63835E-04    -0.43649E-05    -0.15003E-02    -0.75620E-04    -0.14351E-02     0.15800E-01     0.17300E-01
     0.14811E+01     0.33221E-02    -0.11232E-03     0.16988E-02     0.00000E+00     0.00000E+00    -0.69426E-04    -0.44663E-05    -0.15131E-02    -0.73477E-04    -0.14487E-02     0.15552E-01     0.17065E-01
     0.14952E+01     0.33068E-02    -0.11572E-03     0.17207E-02     0.00000E+00     0.00000E+00    -0.74917E-04    -0.44260E-05    -0.15254E-02    -0.71020E-04    -0.14622E-02     0.15294E-01     0.16819E-01
     0.15093E+01     0.32890E-02    -0.11922E-03     0.17422E-02     0.00000E+00     0.00000E+00    -0.80132E-04    -0.44643E-05    -0.15371E-02    -0.68337E-04    -0.14755E-02     0.15027E-01     0.16564E-01
     0.15232E+01     0.32688E-02    -0.12281E-03     0.17630E-02     0.00000E+00     0.00000E+00    -0.85185E-04    -0.46636E-05    -0.15485E-02    -0.65591E-04    -0.14883E-02     0.14752E-01     0.16301E-01
     0.15370E+01     0.32462E-02    -0.12649E-03     0.17830E-02     0.00000E+00     0.00000E+00    -0.90255E-04    -0.48762E-05    -0.15593E-02    -0.62650E-04    -0.15008E-02     0.14469E-01     0.16028E-01
     0.15507E+01     0.32211E-02    -0.13024E-03     0.18022E-02     0.00000E+00     0.00000E+00    -0.95697E-04    -0.50649E-05    -0.15694E-02    -0.59405E-04    -0.15130E-02     0.14178E-01     0.15748E-01
     0.15643E+01     0.31936E-02    -0.13408E-03     0.18205E-02     0.00000E+00     0.00000E+00    -0.10151E-03    -0.50050E-05    -0.15786E-02    -0.55929E-04    -0.15245E-02     0.13880E-01     0.15458E-01
     0.15778E+01     0.31636E-02    -0.13801E-03     0.18380E-02     0.00000E+00     0.00000E+00    -0.10689E-03    -0.49027E-05    -0.15871E-02    -0.52555E-04    -0.15352E-02     0.13575E-01     0.15162E-01
     0.15911E+01     0.31314E-02    -0.14197E-03     0.18544E-02     0.00000E+00     0.00000E+00    -0.11146E-03    -0.49058E-05    -0.15950E-02    -0.49646E-04    -0.15449E-02     0.13264E-01     0.14859E-01
     0.16043E+01     0.30970E-02    -0.14592E-03     0.18698E-02     0.00000E+00     0.00000E+00    -0.11530E-03    -0.50330E-05    -0.16022E-02    -0.47261E-04    -0.15534E-02     0.12947E-01     0.14549E-01
     0.16174E+01     0.30604E-02    -0.14992E-03     0.18840E-02     0.00000E+00     0.00000E+00    -0.11879E-03    -0.52074E-05    -0.16086E-02    -0.45122E-04    -0.15609E-02     0.12625E-01     0.14234E-01
     0.16303E+01     0.30217E-02    -0.15400E-03     0.18970E-02     0.00000E+00     0.00000E+00    -0.12207E-03    -0.53918E-05    -0.16141E-02    -0.42996E-04    -0.15675E-02     0.12299E-01     0.13913E-01
     0.16431E+01     0.29808E-02    -0.15812E-03     0.19088E-02     0.00000E+00     0.00000E+00    -0.12521E-03    -0.55880E-05    -0.16186E-02    -0.40796E-04    -0.15732E-02     0.11969E-01     0.13587E-01
     0.16558E+01     0.29378E-02    -0.16232E-03     0.19192E-02     0.00000E+00     0.00000E+00    -0.12792E-03    -0.57564E-05    -0.16219E-02    -0.38523E-04    -0.15779E-02     0.11634E-01     0.13256E-01
     0.16683E+01     0.28926E-02    -0.16652E-03     0.19280E-02     0.00000E+00     0.00000E+00    -0.13008E-03    -0.61077E-05    -0.16241E-02    -0.36350E-04    -0.15814E-02     0.11296E-01     0.12920E-01
     0.16806E+01     0.28453E-02    -0.17068E-03     0.19349E-02     0.00000E+00     0.00000E+00    -0.13211E-03    -0.63951E-05    -0.16248E-02    -0.34405E-04    -0.15833E-02     0.10955E-01     0.12580E-01
     0.16928E+01     0.27958E-02    -0.17476E-03     0.19397E-02     0.00000E+00     0.00000E+00    -0.13384E-03    -0.66582E-05    -0.16240E-02    -0.32709E-04    -0.15834E-02     0.10611E-01     0.12235E-01
     0.17049E+01     0.27441E-02    -0.17876E-03     0.19421E-02     0.00000E+00     0.00000E+00    -0.13493E-03    -0.69860E-05    -0.16214E-02    -0.31205E-04    -0.15817E-02     0.10264E-01     0.11885E-01
     0.17167E+01     0.26901E-02    -0.18263E-03     0.19421E-02     0.00000E+00     0.00000E+00    -0.13533E-03    -0.73565E-05    -0.16170E-02    -0.29758E-04    -0.15782E-02     0.99146E-02     0.11532E-01
     0.17285E+01     0.26340E-02    -0.18638E-03     0.19394E-02     0.00000E+00     0.00000E+00    -0.13515E-03    -0.76903E-05    -0.16107E-02    -0.28186E-04    -0.15730E-02     0.95634E-02     0.11174E-01
     0.17400E+01     0.25757E-02    -0.19000E-03     0.19340E-02     0.00000E+00     0.00000E+00    -0.13441E-03    -0.79494E-05    -0.16023E-02    -0.26347E-04    -0.15660E-02     0.92104E-02     0.10813E-01
     0.17514E+01     0.25152E-02    -0.19348E-03     0.19256E-02     0.00000E+00     0.00000E+00    -0.13282E-03    -0.83283E-05    -0.15918E-02    -0.24260E-04    -0.15573E-02     0.88562E-02     0.10448E-01
     0.17626E+01     0.24526E-02    -0.19678E-03     0.19141E-02     0.00000E+00     0.00000E+00    -0.13023E-03    -0.89490E-05    -0.15791E-02    -0.21814E-04    -0.15468E-02     0.85010E-02     0.10080E-01
     0.17737E+01     0.23877E-02    -0.19989E-03     0.18991E-02     0.00000E+00     0.00000E+00    -0.12702E-03    -0.96325E-05    -0.15640E-02    -0.18690E-04    -0.15346E-02     0.81450E-02     0.97091E-02
     0.17845E+01     0.23206E-02    -0.20283E-03     0.18807E-02     0.00000E+00     0.00000E+00    -0.12331E-03    -0.10263E-04    -0.15463E-02    -0.14602E-04    -0.15208E-02     0.77885E-02     0.93347E-02
     0.17952E+01     0.22512E-02    -0.20563E-03     0.18586E-02     0.00000E+00     0.00000E+00    -0.11881E-03    -0.10800E-04    -0.15256E-02    -0.93754E-05    -0.15053E-02     0.74316E-02     0.89572E-02
     0.18057E+01     0.21796E-02    -0.20822E-03     0.18326E-02     0.00000E+00     0.00000E+00    -0.11327E-03    -0.11298E-04    -0.15020E-02    -0.30746E-05    -0.14881E-02     0.70749E-02     0.85770E-02
     0.18160E+01     0.21057E-02    -0.21051E-03     0.18021E-02     0.00000E+00     0.00000E+00    -0.10661E-03    -0.11840E-04    -0.14754E-02     0.41398E-05    -0.14687E-02     0.67189E-02     0.81943E-02
     0.18261E+01     0.20297E-02    -0.21247E-03     0.17668E-02     0.00000E+00     0.00000E+00    -0.98673E-04    -0.12471E-04    -0.14457E-02     0.12217E-04    -0.14472E-02     0.63640E-02     0.78097E-02
     0.18360E+01     0.19515E-02    -0.21401E-03     0.17265E-02     0.00000E+00     0.00000E+00    -0.89098E-04    -0.13315E-04    -0.14127E-02     0.21261E-04    -0.14235E-02     0.60108E-02     0.74235E-02
     0.18457E+01     0.18713E-02    -0.21508E-03     0.16807E-02     0.00000E+00     0.00000E+00    -0.77836E-04    -0.14346E-04    -0.13763E-02     0.31543E-04    -0.13976E-02     0.56596E-02     0.70359E-02
     0.18552E+01     0.17889E-02    -0.21569E-03     0.16294E-02     0.00000E+00     0.00000E+00    -0.64953E-04    -0.15464E-04    -0.13364E-02     0.43405E-04    -0.13698E-02     0.53108E-02     0.66472E-02
     0.18645E+01     0.17044E-02    -0.21583E-03     0.15722E-02     0.00000E+00     0.00000E+00    -0.50386E-04    -0.16654E-04    -0.12926E-02     0.57162E-04    -0.13401E-02     0.49649E-02     0.62575E-02
     0.18736E+01     0.16177E-02    -0.21551E-03     0.15088E-02     0.00000E+00     0.00000E+00    -0.34077E-04    -0.17936E-04    -0.12447E-02     0.73156E-04    -0.13086E-02     0.46224E-02     0.58671E-02
     0.18825E+01     0.15289E-02    -0.21470E-03     0.14391E-02     0.00000E+00     0.00000E+00    -0.16017E-04    -0.19330E-04    -0.11927E-02     0.91808E-04    -0.12756E-02     0.42836E-02     0.54763E-02
     0.18912E+01     0.14381E-02    -0.21341E-03     0.13631E-02     0.00000E+00     0.00000E+00     0.36778E-05    -0.20791E-04    -0.11362E-02     0.11363E-03    -0.12414E-02     0.39492E-02     0.50854E-02
     0.18996E+01     0.13451E-02    -0.21170E-03     0.12809E-02     0.00000E+00     0.00000E+00     0.24579E-04    -0.22167E-04    -0.10752E-02     0.13924E-03    -0.12065E-02     0.36199E-02     0.46950E-02
     0.19078E+01     0.12503E-02    -0.20961E-03     0.11929E-02     0.00000E+00     0.00000E+00     0.45955E-04    -0.23260E-04    -0.10094E-02     0.16914E-03    -0.11711E-02     0.32963E-02     0.43056E-02
     0.19158E+01     0.11536E-02    -0.20712E-03     0.10996E-02     0.00000E+00     0.00000E+00     0.67205E-04    -0.24123E-04    -0.93894E-03     0.20361E-03    -0.11356E-02     0.29793E-02     0.39183E-02
     0.19236E+01     0.10555E-02    -0.20417E-03     0.10019E-02     0.00000E+00     0.00000E+00     0.87880E-04    -0.24889E-04    -0.86397E-03     0.24286E-03    -0.11004E-02     0.26700E-02     0.35340E-02
     0.19311E+01     0.95611E-03    -0.20079E-03     0.90058E-03     0.00000E+00     0.00000E+00     0.10746E-03    -0.25735E-04    -0.78458E-03     0.28725E-03    -0.10660E-02     0.23696E-02     0.31541E-02
     0.19384E+01     0.85583E-03    -0.19701E-03     0.79675E-03     0.00000E+00     0.00000E+00     0.12538E-03    -0.26992E-04    -0.70080E-03     0.33748E-03    -0.10330E-02     0.20791E-02     0.27799E-02
     0.19455E+01     0.75485E-03    -0.19303E-03     0.69131E-03     0.00000E+00     0.00000E+00     0.14102E-03    -0.28884E-04    -0.61248E-03     0.39490E-03    -0.10026E-02     0.17998E-02     0.24123E-02
     0.19523E+01     0.65339E-03    -0.18951E-03     0.58509E-03     0.00000E+00     0.00000E+00     0.15329E-03    -0.30953E-04    -0.51927E-03     0.46177E-03    -0.97676E-03     0.15330E-02     0.20523E-02
     0.19589E+01     0.55167E-03    -0.18780E-03     0.47890E-03     0.00000E+00     0.00000E+00     0.16021E-03    -0.31168E-04    -0.42085E-03     0.54115E-03    -0.95825E-03     0.12802E-02     0.17010E-02
     0.19652E+01     0.45019E-03    -0.19035E-03     0.37393E-03     0.00000E+00     0.00000E+00     0.15859E-03    -0.24808E-04    -0.31762E-03     0.63583E-03    -0.95028E-03     0.10429E-02     0.13605E-02
     0.19713E+01     0.35017E-03    -0.20101E-03     0.27254E-03     0.00000E+00     0.00000E+00     0.14454E-03    -0.42422E-05    -0.21189E-03     0.74663E-03    -0.95606E-03     0.82311E-03     0.10350E-02
     0.19771E+01     0.25411E-03    -0.22416E-03     0.17911E-03     0.00000E+00     0.00000E+00     0.11546E-03     0.38943E-04    -0.10930E-03     0.86941E-03    -0.97693E-03     0.62328E-03     0.73258E-03
     0.19826E+01     0.16604E-03    -0.26422E-03     0.10017E-03     0.00000E+00     0.00000E+00     0.75217E-04     0.10864E-03    -0.19618E-04     0.99497E-03    -0.10144E-02     0.44572E-03     0.46534E-03
     0.19879E+01     0.91255E-04    -0.32282E-03     0.42704E-04     0.00000E+00     0.00000E+00     0.34120E-04     0.20156E-03     0.44121E-04     0.11099E-02    -0.10646E-02     0.29175E-03     0.24762E-03
     0.19929E+01     0.35426E-04    -0.40733E-03     0.10610E-04     0.00000E+00     0.00000E+00     0.10506E-04     0.32062E-03     0.68139E-04     0.11987E-02    -0.11418E-02     0.16080E-03     0.92666E-04
     0.19977E+01     0.42727E-05    -0.52633E-03     0.42714E-06     0.00000E+00     0.00000E+00    -0.60928E-05     0.47542E-03     0.38578E-04     0.12854E-02    -0.12173E-02     0.49298E-04     0.10720E-04
