     0.23093E-02     0.60265E-08    -0.66087E-03     0.53074E-02     0.13068E+00    -0.22104E-05    -0.12071E-04
     0.70633E-02     0.19791E-06    -0.42583E-03     0.55386E-02     0.13050E+00    -0.18439E-04    -0.45238E-04
     0.12087E-01     0.96593E-06    -0.29195E-03     0.56663E-02     0.13040E+00    -0.48524E-04    -0.92051E-04
     0.17376E-01     0.26744E-05    -0.21760E-03     0.57414E-02     0.13035E+00    -0.91445E-04    -0.15497E-03
     0.22928E-01     0.56047E-05    -0.17703E-03     0.57805E-02     0.13032E+00    -0.14630E-03    -0.23444E-03
     0.28739E-01     0.10014E-04    -0.15489E-03     0.57992E-02     0.13031E+00    -0.21157E-03    -0.32905E-03
     0.34807E-01     0.16149E-04    -0.14259E-03     0.58058E-02     0.13031E+00    -0.28486E-03    -0.43555E-03
     0.41127E-01     0.24243E-04    -0.13542E-03     0.58051E-02     0.13032E+00    -0.36302E-03    -0.54965E-03
     0.47696E-01     0.34484E-04    -0.13092E-03     0.57994E-02     0.13032E+00    -0.44265E-03    -0.66680E-03
     0.54512E-01     0.47004E-04    -0.12783E-03     0.57899E-02     0.13033E+00    -0.52063E-03    -0.78286E-03
     0.61570E-01     0.61862E-04    -0.12550E-03     0.57772E-02     0.13035E+00    -0.59455E-03    -0.89454E-03
     0.68868E-01     0.79048E-04    -0.12362E-03     0.57617E-02     0.13036E+00    -0.66283E-03    -0.99942E-03
     0.76401E-01     0.98489E-04    -0.12202E-03     0.57437E-02     0.13038E+00    -0.72463E-03    -0.10959E-02
     0.84168E-01     0.12005E-03    -0.12062E-03     0.57233E-02     0.13041E+00    -0.77977E-03    -0.11831E-02
     0.92164E-01     0.14357E-03    -0.11939E-03     0.57008E-02     0.13043E+00    -0.82848E-03    -0.12607E-02
     0.10039E+00     0.16883E-03    -0.11828E-03     0.56764E-02     0.13045E+00    -0.87128E-03    -0.13289E-02
     0.10883E+00     0.19562E-03    -0.11727E-03     0.56503E-02     0.13048E+00    -0.90884E-03    -0.13881E-02
     0.11749E+00     0.22370E-03    -0.11637E-03     0.56228E-02     0.13051E+00    -0.94190E-03    -0.14393E-02
     0.12637E+00     0.25280E-03    -0.11556E-03     0.55942E-02     0.13054E+00    -0.97117E-03    -0.14838E-02
     0.13547E+00     0.28269E-03    -0.11482E-03     0.55647E-02     0.13057E+00    -0.99732E-03    -0.15225E-02
     0.14477E+00     0.31313E-03    -0.11417E-03     0.55346E-02     0.13060E+00    -0.10210E-02    -0.15568E-02
     0.15428E+00     0.34388E-03    -0.11357E-03     0.55041E-02     0.13063E+00    -0.10429E-02    -0.15876E-02
     0.16399E+00     0.37474E-03    -0.11305E-03     0.54734E-02     0.13066E+00    -0.10635E-02    -0.16162E-02
     0.17390E+00     0.40548E-03    -0.11260E-03     0.54427E-02     0.13069E+00    -0.10832E-02    -0.16434E-02
     0.18401E+00     0.43594E-03    -0.11221E-03     0.54123E-02     0.13072E+00    -0.11022E-02    -0.16699E-02
     0.19431E+00     0.46596E-03    -0.11187E-03     0.53822E-02     0.13075E+00    -0.11209E-02    -0.16962E-02
     0.20480E+00     0.49543E-03    -0.11160E-03     0.53526E-02     0.13078E+00    -0.11393E-02    -0.17225E-02
     0.21547E+00     0.52423E-03    -0.11138E-03     0.53236E-02     0.13080E+00    -0.11576E-02    -0.17489E-02
     0.22633E+00     0.55229E-03    -0.11119E-03     0.52953E-02     0.13083E+00    -0.11759E-02    -0.17758E-02
     0.23737E+00     0.57954E-03    -0.11105E-03     0.52678E-02     0.13086E+00    -0.11942E-02    -0.18035E-02
     0.24859E+00     0.60590E-03    -0.11096E-03     0.52411E-02     0.13088E+00    -0.12126E-02    -0.18321E-02
     0.25997E+00     0.63131E-03    -0.11089E-03     0.52153E-02     0.13091E+00    -0.12310E-02    -0.18616E-02
     0.27153E+00     0.65575E-03    -0.11087E-03     0.51905E-02     0.13093E+00    -0.12493E-02    -0.18916E-02
     0.28325E+00     0.67919E-03    -0.11090E-03     0.51666E-02     0.13096E+00    -0.12673E-02    -0.19212E-02
     0.29514E+00     0.70161E-03    -0.11096E-03     0.51437E-02     0.13098E+00    -0.12849E-02    -0.19502E-02
     0.30719E+00     0.72300E-03    -0.11106E-03     0.51218E-02     0.13100E+00    -0.13021E-02    -0.19784E-02
     0.31939E+00     0.74339E-03    -0.11120E-03     0.51009E-02     0.13102E+00    -0.13189E-02    -0.20055E-02
     0.33174E+00     0.76282E-03    -0.11137E-03     0.50809E-02     0.13104E+00    -0.13353E-02    -0.20308E-02
     0.34425E+00     0.78132E-03    -0.11157E-03     0.50618E-02     0.13106E+00    -0.13515E-02    -0.20537E-02
     0.35690E+00     0.79893E-03    -0.11179E-03     0.50436E-02     0.13107E+00    -0.13673E-02    -0.20735E-02
     0.36969E+00     0.81567E-03    -0.11203E-03     0.50262E-02     0.13109E+00    -0.13828E-02    -0.20901E-02
     0.38262E+00     0.83157E-03    -0.11230E-03     0.50097E-02     0.13111E+00    -0.13976E-02    -0.21044E-02
     0.39569E+00     0.84665E-03    -0.11259E-03     0.49940E-02     0.13112E+00    -0.14117E-02    -0.21173E-02
     0.40890E+00     0.86091E-03    -0.11292E-03     0.49791E-02     0.13114E+00    -0.14248E-02    -0.21294E-02
     0.42223E+00     0.87436E-03    -0.11327E-03     0.49649E-02     0.13115E+00    -0.14370E-02    -0.21410E-02
     0.43569E+00     0.88705E-03    -0.11364E-03     0.49515E-02     0.13116E+00    -0.14480E-02    -0.21519E-02
     0.44927E+00     0.89900E-03    -0.11404E-03     0.49388E-02     0.13117E+00    -0.14580E-02    -0.21628E-02
     0.46297E+00     0.91025E-03    -0.11447E-03     0.49268E-02     0.13118E+00    -0.14667E-02    -0.21736E-02
     0.47679E+00     0.92083E-03    -0.11493E-03     0.49154E-02     0.13120E+00    -0.14741E-02    -0.21836E-02
     0.49072E+00     0.93077E-03    -0.11541E-03     0.49047E-02     0.13121E+00    -0.14800E-02    -0.21919E-02
     0.50476E+00     0.94011E-03    -0.11592E-03     0.48946E-02     0.13122E+00    -0.14843E-02    -0.21977E-02
     0.51891E+00     0.94892E-03    -0.11646E-03     0.48850E-02     0.13122E+00    -0.14867E-02    -0.22011E-02
     0.53316E+00     0.95724E-03    -0.11701E-03     0.48759E-02     0.13123E+00    -0.14873E-02    -0.22020E-02
     0.54751E+00     0.96512E-03    -0.11759E-03     0.48672E-02     0.13124E+00    -0.14858E-02    -0.22002E-02
     0.56196E+00     0.97259E-03    -0.11819E-03     0.48589E-02     0.13125E+00    -0.14822E-02    -0.21943E-02
     0.57649E+00     0.97968E-03    -0.11881E-03     0.48510E-02     0.13126E+00    -0.14763E-02    -0.21838E-02
     0.59112E+00     0.98644E-03    -0.11946E-03     0.48434E-02     0.13126E+00    -0.14678E-02    -0.21684E-02
     0.60584E+00     0.99293E-03    -0.12012E-03     0.48360E-02     0.13127E+00    -0.14566E-02    -0.21480E-02
     0.62064E+00     0.99922E-03    -0.12079E-03     0.48288E-02     0.13128E+00    -0.14426E-02    -0.21226E-02
     0.63552E+00     0.10053E-02    -0.12148E-03     0.48218E-02     0.13128E+00    -0.14256E-02    -0.20923E-02
     0.65047E+00     0.10113E-02    -0.12219E-03     0.48150E-02     0.13129E+00    -0.14053E-02    -0.20570E-02
     0.66550E+00     0.10172E-02    -0.12292E-03     0.48082E-02     0.13130E+00    -0.13817E-02    -0.20164E-02
     0.68060E+00     0.10230E-02    -0.12367E-03     0.48014E-02     0.13130E+00    -0.13545E-02    -0.19705E-02
     0.69576E+00     0.10289E-02    -0.12443E-03     0.47947E-02     0.13131E+00    -0.13234E-02    -0.19193E-02
     0.71099E+00     0.10348E-02    -0.12519E-03     0.47878E-02     0.13132E+00    -0.12885E-02    -0.18629E-02
     0.72628E+00     0.10408E-02    -0.12596E-03     0.47809E-02     0.13132E+00    -0.12494E-02    -0.18013E-02
     0.74162E+00     0.10470E-02    -0.12674E-03     0.47738E-02     0.13133E+00    -0.12059E-02    -0.17339E-02
     0.75702E+00     0.10533E-02    -0.12753E-03     0.47665E-02     0.13134E+00    -0.11575E-02    -0.16598E-02
     0.77247E+00     0.10597E-02    -0.12834E-03     0.47591E-02     0.13135E+00    -0.11041E-02    -0.15787E-02
     0.78796E+00     0.10663E-02    -0.12916E-03     0.47515E-02     0.13135E+00    -0.10457E-02    -0.14904E-02
     0.80350E+00     0.10731E-02    -0.12999E-03     0.47437E-02     0.13136E+00    -0.98232E-03    -0.13949E-02
     0.81907E+00     0.10801E-02    -0.13083E-03     0.47355E-02     0.13137E+00    -0.91410E-03    -0.12922E-02
     0.83469E+00     0.10875E-02    -0.13168E-03     0.47271E-02     0.13138E+00    -0.84119E-03    -0.11830E-02
     0.85033E+00     0.10952E-02    -0.13253E-03     0.47182E-02     0.13139E+00    -0.76386E-03    -0.10685E-02
     0.86601E+00     0.11033E-02    -0.13338E-03     0.47090E-02     0.13140E+00    -0.68239E-03    -0.95005E-03
     0.88171E+00     0.11118E-02    -0.13425E-03     0.46993E-02     0.13141E+00    -0.59689E-03    -0.82839E-03
     0.89744E+00     0.11208E-02    -0.13511E-03     0.46891E-02     0.13142E+00    -0.50731E-03    -0.70373E-03
     0.91319E+00     0.11304E-02    -0.13598E-03     0.46784E-02     0.13143E+00    -0.41362E-03    -0.57637E-03
     0.92895E+00     0.11405E-02    -0.13684E-03     0.46671E-02     0.13144E+00    -0.31595E-03    -0.44674E-03
     0.94473E+00     0.11513E-02    -0.13769E-03     0.46552E-02     0.13145E+00    -0.21457E-03    -0.31508E-03
     0.96051E+00     0.11627E-02    -0.13854E-03     0.46426E-02     0.13146E+00    -0.10986E-03    -0.18184E-03
     0.97631E+00     0.11747E-02    -0.13939E-03     0.46294E-02     0.13147E+00    -0.22841E-05    -0.47796E-04
     0.99210E+00     0.11875E-02    -0.14023E-03     0.46154E-02     0.13149E+00     0.10769E-03     0.85932E-04
     0.10079E+01     0.12010E-02    -0.14105E-03     0.46006E-02     0.13150E+00     0.21956E-03     0.21844E-03
     0.10237E+01     0.12154E-02    -0.14185E-03     0.45851E-02     0.13152E+00     0.33287E-03     0.34918E-03
     0.10395E+01     0.12305E-02    -0.14263E-03     0.45687E-02     0.13153E+00     0.44711E-03     0.47757E-03
     0.10553E+01     0.12464E-02    -0.14340E-03     0.45516E-02     0.13155E+00     0.56169E-03     0.60285E-03
     0.10711E+01     0.12632E-02    -0.14414E-03     0.45336E-02     0.13157E+00     0.67614E-03     0.72455E-03
     0.10868E+01     0.12807E-02    -0.14487E-03     0.45149E-02     0.13159E+00     0.79009E-03     0.84263E-03
     0.11026E+01     0.12989E-02    -0.14558E-03     0.44955E-02     0.13161E+00     0.90321E-03     0.95721E-03
     0.11183E+01     0.13179E-02    -0.14627E-03     0.44753E-02     0.13163E+00     0.10151E-02     0.10685E-02
     0.11340E+01     0.13376E-02    -0.14694E-03     0.44545E-02     0.13165E+00     0.11253E-02     0.11768E-02
     0.11497E+01     0.13578E-02    -0.14759E-03     0.44330E-02     0.13167E+00     0.12334E-02     0.12816E-02
     0.11653E+01     0.13787E-02    -0.14822E-03     0.44109E-02     0.13169E+00     0.13389E-02     0.13816E-02
     0.11809E+01     0.14002E-02    -0.14883E-03     0.43883E-02     0.13171E+00     0.14414E-02     0.14755E-02
     0.11965E+01     0.14221E-02    -0.14942E-03     0.43652E-02     0.13174E+00     0.15408E-02     0.15626E-02
     0.12120E+01     0.14444E-02    -0.15000E-03     0.43418E-02     0.13176E+00     0.16368E-02     0.16430E-02
     0.12275E+01     0.14670E-02    -0.15057E-03     0.43181E-02     0.13178E+00     0.17297E-02     0.17175E-02
     0.12430E+01     0.14898E-02    -0.15113E-03     0.42941E-02     0.13181E+00     0.18194E-02     0.17868E-02
     0.12584E+01     0.15128E-02    -0.15170E-03     0.42701E-02     0.13183E+00     0.19060E-02     0.18519E-02
     0.12737E+01     0.15359E-02    -0.15227E-03     0.42460E-02     0.13185E+00     0.19896E-02     0.19133E-02
     0.12890E+01     0.15590E-02    -0.15283E-03     0.42220E-02     0.13188E+00     0.20705E-02     0.19713E-02
     0.13042E+01     0.15820E-02    -0.15340E-03     0.41982E-02     0.13190E+00     0.21487E-02     0.20257E-02
     0.13194E+01     0.16048E-02    -0.15397E-03     0.41745E-02     0.13192E+00     0.22243E-02     0.20757E-02
     0.13345E+01     0.16273E-02    -0.15455E-03     0.41512E-02     0.13195E+00     0.22974E-02     0.21207E-02
     0.13495E+01     0.16494E-02    -0.15514E-03     0.41282E-02     0.13197E+00     0.23682E-02     0.21608E-02
     0.13645E+01     0.16711E-02    -0.15574E-03     0.41057E-02     0.13199E+00     0.24369E-02     0.21963E-02
     0.13794E+01     0.16922E-02    -0.15634E-03     0.40839E-02     0.13201E+00     0.25039E-02     0.22275E-02
     0.13942E+01     0.17125E-02    -0.15695E-03     0.40627E-02     0.13203E+00     0.25690E-02     0.22547E-02
     0.14089E+01     0.17319E-02    -0.15760E-03     0.40425E-02     0.13205E+00     0.26323E-02     0.22777E-02
     0.14235E+01     0.17502E-02    -0.15831E-03     0.40231E-02     0.13207E+00     0.26935E-02     0.22966E-02
     0.14380E+01     0.17673E-02    -0.15907E-03     0.40049E-02     0.13209E+00     0.27526E-02     0.23118E-02
     0.14525E+01     0.17832E-02    -0.15989E-03     0.39878E-02     0.13210E+00     0.28098E-02     0.23240E-02
     0.14668E+01     0.17980E-02    -0.16076E-03     0.39719E-02     0.13212E+00     0.28652E-02     0.23348E-02
     0.14811E+01     0.18114E-02    -0.16169E-03     0.39573E-02     0.13213E+00     0.29192E-02     0.23448E-02
     0.14952E+01     0.18236E-02    -0.16269E-03     0.39440E-02     0.13214E+00     0.29720E-02     0.23539E-02
     0.15093E+01     0.18344E-02    -0.16375E-03     0.39320E-02     0.13216E+00     0.30238E-02     0.23623E-02
     0.15232E+01     0.18438E-02    -0.16486E-03     0.39215E-02     0.13217E+00     0.30750E-02     0.23702E-02
     0.15370E+01     0.18517E-02    -0.16601E-03     0.39124E-02     0.13217E+00     0.31255E-02     0.23773E-02
     0.15507E+01     0.18581E-02    -0.16722E-03     0.39049E-02     0.13218E+00     0.31754E-02     0.23828E-02
     0.15643E+01     0.18628E-02    -0.16850E-03     0.38991E-02     0.13219E+00     0.32246E-02     0.23864E-02
     0.15778E+01     0.18657E-02    -0.16985E-03     0.38949E-02     0.13219E+00     0.32734E-02     0.23886E-02
     0.15911E+01     0.18667E-02    -0.17128E-03     0.38926E-02     0.13219E+00     0.33220E-02     0.23900E-02
     0.16043E+01     0.18658E-02    -0.17278E-03     0.38922E-02     0.13219E+00     0.33706E-02     0.23911E-02
     0.16174E+01     0.18627E-02    -0.17439E-03     0.38939E-02     0.13219E+00     0.34194E-02     0.23917E-02
     0.16303E+01     0.18573E-02    -0.17610E-03     0.38977E-02     0.13218E+00     0.34683E-02     0.23919E-02
     0.16431E+01     0.18495E-02    -0.17794E-03     0.39039E-02     0.13218E+00     0.35175E-02     0.23915E-02
     0.16558E+01     0.18391E-02    -0.17992E-03     0.39124E-02     0.13217E+00     0.35669E-02     0.23906E-02
     0.16683E+01     0.18262E-02    -0.18202E-03     0.39235E-02     0.13215E+00     0.36167E-02     0.23889E-02
     0.16806E+01     0.18105E-02    -0.18426E-03     0.39371E-02     0.13214E+00     0.36668E-02     0.23863E-02
     0.16928E+01     0.17920E-02    -0.18662E-03     0.39535E-02     0.13212E+00     0.37173E-02     0.23825E-02
     0.17049E+01     0.17704E-02    -0.18914E-03     0.39727E-02     0.13210E+00     0.37684E-02     0.23776E-02
     0.17167E+01     0.17457E-02    -0.19181E-03     0.39949E-02     0.13208E+00     0.38203E-02     0.23715E-02
     0.17285E+01     0.17176E-02    -0.19468E-03     0.40202E-02     0.13205E+00     0.38731E-02     0.23648E-02
     0.17400E+01     0.16861E-02    -0.19776E-03     0.40488E-02     0.13202E+00     0.39271E-02     0.23580E-02
     0.17514E+01     0.16511E-02    -0.20109E-03     0.40807E-02     0.13199E+00     0.39827E-02     0.23513E-02
     0.17626E+01     0.16123E-02    -0.20468E-03     0.41161E-02     0.13195E+00     0.40401E-02     0.23449E-02
     0.17737E+01     0.15697E-02    -0.20859E-03     0.41550E-02     0.13191E+00     0.40989E-02     0.23385E-02
     0.17845E+01     0.15232E-02    -0.21289E-03     0.41976E-02     0.13187E+00     0.41589E-02     0.23322E-02
     0.17952E+01     0.14725E-02    -0.21762E-03     0.42438E-02     0.13182E+00     0.42197E-02     0.23258E-02
     0.18057E+01     0.14179E-02    -0.22284E-03     0.42936E-02     0.13177E+00     0.42811E-02     0.23191E-02
     0.18160E+01     0.13593E-02    -0.22858E-03     0.43467E-02     0.13171E+00     0.43428E-02     0.23116E-02
     0.18261E+01     0.12969E-02    -0.23489E-03     0.44032E-02     0.13166E+00     0.44041E-02     0.23028E-02
     0.18360E+01     0.12308E-02    -0.24184E-03     0.44626E-02     0.13159E+00     0.44639E-02     0.22921E-02
     0.18457E+01     0.11615E-02    -0.24950E-03     0.45246E-02     0.13153E+00     0.45206E-02     0.22789E-02
     0.18552E+01     0.10891E-02    -0.25795E-03     0.45888E-02     0.13147E+00     0.45722E-02     0.22620E-02
     0.18645E+01     0.10142E-02    -0.26729E-03     0.46548E-02     0.13140E+00     0.46159E-02     0.22403E-02
     0.18736E+01     0.93712E-03    -0.27760E-03     0.47218E-02     0.13133E+00     0.46484E-02     0.22121E-02
     0.18825E+01     0.85861E-03    -0.28899E-03     0.47893E-02     0.13127E+00     0.46656E-02     0.21756E-02
     0.18912E+01     0.77928E-03    -0.30158E-03     0.48563E-02     0.13120E+00     0.46624E-02     0.21286E-02
     0.18996E+01     0.69984E-03    -0.31556E-03     0.49220E-02     0.13114E+00     0.46330E-02     0.20690E-02
     0.19078E+01     0.62102E-03    -0.33118E-03     0.49855E-02     0.13107E+00     0.45707E-02     0.19948E-02
     0.19158E+01     0.54360E-03    -0.34876E-03     0.50456E-02     0.13102E+00     0.44687E-02     0.19044E-02
     0.19236E+01     0.46841E-03    -0.36877E-03     0.51009E-02     0.13096E+00     0.43198E-02     0.17963E-02
     0.19311E+01     0.39622E-03    -0.39189E-03     0.51501E-02     0.13092E+00     0.41170E-02     0.16695E-02
     0.19384E+01     0.32782E-03    -0.41904E-03     0.51915E-02     0.13088E+00     0.38543E-02     0.15236E-02
     0.19455E+01     0.26396E-03    -0.45155E-03     0.52228E-02     0.13086E+00     0.35273E-02     0.13592E-02
     0.19523E+01     0.20537E-03    -0.49120E-03     0.52417E-02     0.13084E+00     0.31353E-02     0.11789E-02
     0.19589E+01     0.15281E-03    -0.54035E-03     0.52449E-02     0.13085E+00     0.26837E-02     0.98778E-03
     0.19652E+01     0.10709E-03    -0.60199E-03     0.52286E-02     0.13088E+00     0.21864E-02     0.79329E-03
     0.19713E+01     0.69112E-04    -0.67990E-03     0.51881E-02     0.13093E+00     0.16682E-02     0.60496E-03
     0.19771E+01     0.39654E-04    -0.77878E-03     0.51179E-02     0.13102E+00     0.11651E-02     0.43298E-03
     0.19826E+01     0.19092E-04    -0.90462E-03     0.50118E-02     0.13114E+00     0.71851E-03     0.28609E-03
     0.19879E+01     0.69139E-05    -0.10649E-02     0.48632E-02     0.13131E+00     0.36582E-03     0.16930E-03
     0.19929E+01     0.14415E-05    -0.12690E-02     0.46678E-02     0.13154E+00     0.12948E-03     0.82860E-04
     0.19977E+01     0.48261E-07    -0.15260E-02     0.44216E-02     0.13183E+00     0.14076E-04     0.22189E-04
