     0.23093E-02     0.61600E-04    -0.81669E-02     0.26762E-05     0.00000E+00     0.00000E+00    -0.91590E-04     0.78789E-02     0.00000E+00
     0.70633E-02     0.56272E-03    -0.75114E-02     0.82519E-04     0.00000E+00     0.00000E+00     0.13736E-03     0.68976E-02     0.00000E+00
     0.12087E-01     0.15835E-02    -0.71773E-02     0.41579E-03     0.00000E+00     0.00000E+00     0.48600E-03     0.57459E-02     0.00000E+00
     0.17376E-01     0.31071E-02    -0.67488E-02     0.11812E-02     0.00000E+00     0.00000E+00     0.11447E-02     0.38939E-02     0.00000E+00
     0.22928E-01     0.50412E-02    -0.62837E-02     0.24571E-02     0.00000E+00     0.00000E+00     0.17370E-02     0.15827E-02     0.00000E+00
     0.28739E-01     0.72159E-02    -0.58850E-02     0.41502E-02     0.00000E+00     0.00000E+00     0.18978E-02    -0.62569E-03     0.00000E+00
     0.34807E-01     0.94243E-02    -0.56373E-02     0.60150E-02     0.00000E+00     0.00000E+00     0.14522E-02    -0.22395E-02     0.00000E+00
     0.41127E-01     0.11477E-01    -0.55502E-02     0.77519E-02     0.00000E+00     0.00000E+00     0.52971E-03    -0.30823E-02     0.00000E+00
     0.47696E-01     0.13237E-01    -0.55670E-02     0.91170E-02     0.00000E+00     0.00000E+00    -0.58052E-03    -0.32572E-02     0.00000E+00
     0.54512E-01     0.14638E-01    -0.56161E-02     0.99841E-02     0.00000E+00     0.00000E+00    -0.15969E-02    -0.29926E-02     0.00000E+00
     0.61570E-01     0.15666E-01    -0.56425E-02     0.10346E-01     0.00000E+00     0.00000E+00    -0.23439E-02    -0.25144E-02     0.00000E+00
     0.68868E-01     0.16347E-01    -0.56192E-02     0.10277E-01     0.00000E+00     0.00000E+00    -0.27657E-02    -0.19836E-02     0.00000E+00
     0.76401E-01     0.16729E-01    -0.55407E-02     0.98874E-02     0.00000E+00     0.00000E+00    -0.28920E-02    -0.14905E-02     0.00000E+00
     0.84168E-01     0.16864E-01    -0.54132E-02     0.92905E-02     0.00000E+00     0.00000E+00    -0.27927E-02    -0.10740E-02     0.00000E+00
     0.92164E-01     0.16806E-01    -0.52472E-02     0.85810E-02     0.00000E+00     0.00000E+00    -0.25453E-02    -0.74212E-03     0.00000E+00
     0.10039E+00     0.16601E-01    -0.50534E-02     0.78298E-02     0.00000E+00     0.00000E+00    -0.22178E-02    -0.48761E-03     0.00000E+00
     0.10883E+00     0.16289E-01    -0.48417E-02     0.70855E-02     0.00000E+00     0.00000E+00    -0.18618E-02    -0.29667E-03     0.00000E+00
     0.11749E+00     0.15904E-01    -0.46194E-02     0.63782E-02     0.00000E+00     0.00000E+00    -0.15112E-02    -0.15661E-03     0.00000E+00
     0.12637E+00     0.15474E-01    -0.43921E-02     0.57243E-02     0.00000E+00     0.00000E+00    -0.11876E-02    -0.57043E-04     0.00000E+00
     0.13547E+00     0.15018E-01    -0.41640E-02     0.51312E-02     0.00000E+00     0.00000E+00    -0.90248E-03     0.11357E-04     0.00000E+00
     0.14477E+00     0.14554E-01    -0.39383E-02     0.46006E-02     0.00000E+00     0.00000E+00    -0.65857E-03     0.55956E-04     0.00000E+00
     0.15428E+00     0.14094E-01    -0.37175E-02     0.41306E-02     0.00000E+00     0.00000E+00    -0.45498E-03     0.82293E-04     0.00000E+00
     0.16399E+00     0.13645E-01    -0.35036E-02     0.37175E-02     0.00000E+00     0.00000E+00    -0.28898E-03     0.94820E-04     0.00000E+00
     0.17390E+00     0.13214E-01    -0.32979E-02     0.33562E-02     0.00000E+00     0.00000E+00    -0.15544E-03     0.96864E-04     0.00000E+00
     0.18401E+00     0.12802E-01    -0.31015E-02     0.30413E-02     0.00000E+00     0.00000E+00    -0.49063E-04     0.91459E-04     0.00000E+00
     0.19431E+00     0.12411E-01    -0.29152E-02     0.27674E-02     0.00000E+00     0.00000E+00     0.35292E-04     0.81448E-04     0.00000E+00
     0.20480E+00     0.12037E-01    -0.27404E-02     0.25295E-02     0.00000E+00     0.00000E+00     0.10130E-03     0.71475E-04     0.00000E+00
     0.21547E+00     0.11681E-01    -0.25776E-02     0.23228E-02     0.00000E+00     0.00000E+00     0.14926E-03     0.65115E-04     0.00000E+00
     0.22633E+00     0.11341E-01    -0.24258E-02     0.21427E-02     0.00000E+00     0.00000E+00     0.18030E-03     0.61030E-04     0.00000E+00
     0.23737E+00     0.11017E-01    -0.22841E-02     0.19852E-02     0.00000E+00     0.00000E+00     0.19912E-03     0.56937E-04     0.00000E+00
     0.24859E+00     0.10709E-01    -0.21521E-02     0.18470E-02     0.00000E+00     0.00000E+00     0.21251E-03     0.51829E-04     0.00000E+00
     0.25997E+00     0.10415E-01    -0.20288E-02     0.17252E-02     0.00000E+00     0.00000E+00     0.22353E-03     0.45705E-04     0.00000E+00
     0.27153E+00     0.10135E-01    -0.19131E-02     0.16170E-02     0.00000E+00     0.00000E+00     0.22998E-03     0.39093E-04     0.00000E+00
     0.28325E+00     0.98661E-02    -0.18055E-02     0.15206E-02     0.00000E+00     0.00000E+00     0.23097E-03     0.32950E-04     0.00000E+00
     0.29514E+00     0.96073E-02    -0.17062E-02     0.14349E-02     0.00000E+00     0.00000E+00     0.22822E-03     0.28019E-04     0.00000E+00
     0.30719E+00     0.93570E-02    -0.16151E-02     0.13585E-02     0.00000E+00     0.00000E+00     0.22092E-03     0.26080E-04     0.00000E+00
     0.31939E+00     0.91149E-02    -0.15302E-02     0.12891E-02     0.00000E+00     0.00000E+00     0.20909E-03     0.25246E-04     0.00000E+00
     0.33174E+00     0.88810E-02    -0.14499E-02     0.12246E-02     0.00000E+00     0.00000E+00     0.19689E-03     0.22833E-04     0.00000E+00
     0.34425E+00     0.86547E-02    -0.13747E-02     0.11640E-02     0.00000E+00     0.00000E+00     0.18715E-03     0.19914E-04     0.00000E+00
     0.35690E+00     0.84352E-02    -0.13048E-02     0.11075E-02     0.00000E+00     0.00000E+00     0.17955E-03     0.17692E-04     0.00000E+00
     0.36969E+00     0.82217E-02    -0.12397E-02     0.10550E-02     0.00000E+00     0.00000E+00     0.17334E-03     0.16450E-04     0.00000E+00
     0.38262E+00     0.80138E-02    -0.11784E-02     0.10060E-02     0.00000E+00     0.00000E+00     0.16920E-03     0.14681E-04     0.00000E+00
     0.39569E+00     0.78112E-02    -0.11201E-02     0.95966E-03     0.00000E+00     0.00000E+00     0.16602E-03     0.12579E-04     0.00000E+00
     0.40890E+00     0.76129E-02    -0.10650E-02     0.91537E-03     0.00000E+00     0.00000E+00     0.16030E-03     0.11655E-04     0.00000E+00
     0.42223E+00     0.74189E-02    -0.10133E-02     0.87264E-03     0.00000E+00     0.00000E+00     0.15209E-03     0.11224E-04     0.00000E+00
     0.43569E+00     0.72289E-02    -0.96488E-03     0.83131E-03     0.00000E+00     0.00000E+00     0.14470E-03     0.11200E-04     0.00000E+00
     0.44927E+00     0.70433E-02    -0.91899E-03     0.79123E-03     0.00000E+00     0.00000E+00     0.14043E-03     0.10632E-04     0.00000E+00
     0.46297E+00     0.68617E-02    -0.87501E-03     0.75228E-03     0.00000E+00     0.00000E+00     0.13982E-03     0.90254E-05     0.00000E+00
     0.47679E+00     0.66837E-02    -0.83336E-03     0.71468E-03     0.00000E+00     0.00000E+00     0.14254E-03     0.72352E-05     0.00000E+00
     0.49072E+00     0.65084E-02    -0.79445E-03     0.67866E-03     0.00000E+00     0.00000E+00     0.14586E-03     0.65559E-05     0.00000E+00
     0.50476E+00     0.63355E-02    -0.75783E-03     0.64390E-03     0.00000E+00     0.00000E+00     0.14648E-03     0.70776E-05     0.00000E+00
     0.51891E+00     0.61655E-02    -0.72284E-03     0.60992E-03     0.00000E+00     0.00000E+00     0.14527E-03     0.75561E-05     0.00000E+00
     0.53316E+00     0.59987E-02    -0.68915E-03     0.57651E-03     0.00000E+00     0.00000E+00     0.14377E-03     0.75288E-05     0.00000E+00
     0.54751E+00     0.58353E-02    -0.65683E-03     0.54374E-03     0.00000E+00     0.00000E+00     0.14300E-03     0.68432E-05     0.00000E+00
     0.56196E+00     0.56749E-02    -0.62640E-03     0.51184E-03     0.00000E+00     0.00000E+00     0.14402E-03     0.61981E-05     0.00000E+00
     0.57649E+00     0.55174E-02    -0.59799E-03     0.48096E-03     0.00000E+00     0.00000E+00     0.14641E-03     0.59387E-05     0.00000E+00
     0.59112E+00     0.53625E-02    -0.57120E-03     0.45092E-03     0.00000E+00     0.00000E+00     0.15028E-03     0.56482E-05     0.00000E+00
     0.60584E+00     0.52103E-02    -0.54575E-03     0.42149E-03     0.00000E+00     0.00000E+00     0.15561E-03     0.56296E-05     0.00000E+00
     0.62064E+00     0.50609E-02    -0.52159E-03     0.39261E-03     0.00000E+00     0.00000E+00     0.16103E-03     0.59331E-05     0.00000E+00
     0.63552E+00     0.49144E-02    -0.49865E-03     0.36437E-03     0.00000E+00     0.00000E+00     0.16538E-03     0.60468E-05     0.00000E+00
     0.65047E+00     0.47711E-02    -0.47681E-03     0.33692E-03     0.00000E+00     0.00000E+00     0.16934E-03     0.54243E-05     0.00000E+00
     0.66550E+00     0.46307E-02    -0.45622E-03     0.31046E-03     0.00000E+00     0.00000E+00     0.17373E-03     0.46646E-05     0.00000E+00
     0.68060E+00     0.44928E-02    -0.43704E-03     0.28506E-03     0.00000E+00     0.00000E+00     0.17807E-03     0.48200E-05     0.00000E+00
     0.69576E+00     0.43575E-02    -0.41900E-03     0.26058E-03     0.00000E+00     0.00000E+00     0.18327E-03     0.52854E-05     0.00000E+00
     0.71099E+00     0.42252E-02    -0.40201E-03     0.23700E-03     0.00000E+00     0.00000E+00     0.19070E-03     0.55028E-05     0.00000E+00
     0.72628E+00     0.40962E-02    -0.38615E-03     0.21439E-03     0.00000E+00     0.00000E+00     0.19952E-03     0.58806E-05     0.00000E+00
     0.74162E+00     0.39706E-02    -0.37141E-03     0.19271E-03     0.00000E+00     0.00000E+00     0.20854E-03     0.66029E-05     0.00000E+00
     0.75702E+00     0.38492E-02    -0.35767E-03     0.17193E-03     0.00000E+00     0.00000E+00     0.21717E-03     0.75131E-05     0.00000E+00
     0.77247E+00     0.37326E-02    -0.34486E-03     0.15200E-03     0.00000E+00     0.00000E+00     0.22479E-03     0.83631E-05     0.00000E+00
     0.78796E+00     0.36214E-02    -0.33292E-03     0.13299E-03     0.00000E+00     0.00000E+00     0.23062E-03     0.91268E-05     0.00000E+00
     0.80350E+00     0.35164E-02    -0.32175E-03     0.11499E-03     0.00000E+00     0.00000E+00     0.23421E-03     0.97800E-05     0.00000E+00
     0.81907E+00     0.34179E-02    -0.31126E-03     0.98076E-04     0.00000E+00     0.00000E+00     0.23648E-03     0.10042E-04     0.00000E+00
     0.83469E+00     0.33262E-02    -0.30155E-03     0.82307E-04     0.00000E+00     0.00000E+00     0.23839E-03     0.10233E-04     0.00000E+00
     0.85033E+00     0.32417E-02    -0.29266E-03     0.67734E-04     0.00000E+00     0.00000E+00     0.24006E-03     0.10553E-04     0.00000E+00
     0.86601E+00     0.31645E-02    -0.28467E-03     0.54421E-04     0.00000E+00     0.00000E+00     0.24210E-03     0.10750E-04     0.00000E+00
     0.88171E+00     0.30948E-02    -0.27776E-03     0.42455E-04     0.00000E+00     0.00000E+00     0.24504E-03     0.11059E-04     0.00000E+00
     0.89744E+00     0.30330E-02    -0.27199E-03     0.31899E-04     0.00000E+00     0.00000E+00     0.24850E-03     0.11618E-04     0.00000E+00
     0.91319E+00     0.29794E-02    -0.26721E-03     0.22794E-04     0.00000E+00     0.00000E+00     0.25185E-03     0.12179E-04     0.00000E+00
     0.92895E+00     0.29346E-02    -0.26326E-03     0.15173E-04     0.00000E+00     0.00000E+00     0.25489E-03     0.12545E-04     0.00000E+00
     0.94473E+00     0.28987E-02    -0.26021E-03     0.90604E-05     0.00000E+00     0.00000E+00     0.25789E-03     0.12845E-04     0.00000E+00
     0.96051E+00     0.28720E-02    -0.25814E-03     0.44816E-05     0.00000E+00     0.00000E+00     0.26049E-03     0.13313E-04     0.00000E+00
     0.97631E+00     0.28550E-02    -0.25686E-03     0.14734E-05     0.00000E+00     0.00000E+00     0.26215E-03     0.13592E-04     0.00000E+00
     0.99210E+00     0.28478E-02    -0.25622E-03     0.88611E-07     0.00000E+00     0.00000E+00     0.26283E-03     0.13351E-04     0.00000E+00
     0.10079E+01     0.28502E-02    -0.25638E-03     0.37470E-06     0.00000E+00     0.00000E+00     0.26262E-03     0.13074E-04     0.00000E+00
     0.10237E+01     0.28621E-02    -0.25744E-03     0.23455E-05     0.00000E+00     0.00000E+00     0.26179E-03     0.12998E-04     0.00000E+00
     0.10395E+01     0.28834E-02    -0.25931E-03     0.59803E-05     0.00000E+00     0.00000E+00     0.26051E-03     0.12752E-04     0.00000E+00
     0.10553E+01     0.29139E-02    -0.26199E-03     0.11242E-04     0.00000E+00     0.00000E+00     0.25848E-03     0.12349E-04     0.00000E+00
     0.10711E+01     0.29534E-02    -0.26562E-03     0.18098E-04     0.00000E+00     0.00000E+00     0.25564E-03     0.12194E-04     0.00000E+00
     0.10868E+01     0.30017E-02    -0.27020E-03     0.26521E-04     0.00000E+00     0.00000E+00     0.25280E-03     0.12188E-04     0.00000E+00
     0.11026E+01     0.30586E-02    -0.27563E-03     0.36451E-04     0.00000E+00     0.00000E+00     0.25038E-03     0.11917E-04     0.00000E+00
     0.11183E+01     0.31240E-02    -0.28181E-03     0.47810E-04     0.00000E+00     0.00000E+00     0.24764E-03     0.11386E-04     0.00000E+00
     0.11340E+01     0.31975E-02    -0.28877E-03     0.60538E-04     0.00000E+00     0.00000E+00     0.24410E-03     0.10837E-04     0.00000E+00
     0.11497E+01     0.32785E-02    -0.29655E-03     0.74590E-04     0.00000E+00     0.00000E+00     0.24018E-03     0.10154E-04     0.00000E+00
     0.11653E+01     0.33666E-02    -0.30521E-03     0.89921E-04     0.00000E+00     0.00000E+00     0.23619E-03     0.94460E-05     0.00000E+00
     0.11809E+01     0.34612E-02    -0.31485E-03     0.10648E-03     0.00000E+00     0.00000E+00     0.23218E-03     0.87541E-05     0.00000E+00
     0.11965E+01     0.35618E-02    -0.32540E-03     0.12421E-03     0.00000E+00     0.00000E+00     0.22790E-03     0.81379E-05     0.00000E+00
     0.12120E+01     0.36678E-02    -0.33690E-03     0.14305E-03     0.00000E+00     0.00000E+00     0.22342E-03     0.77224E-05     0.00000E+00
     0.12275E+01     0.37789E-02    -0.34934E-03     0.16286E-03     0.00000E+00     0.00000E+00     0.21896E-03     0.72379E-05     0.00000E+00
     0.12430E+01     0.38946E-02    -0.36271E-03     0.18354E-03     0.00000E+00     0.00000E+00     0.21424E-03     0.67144E-05     0.00000E+00
     0.12584E+01     0.40146E-02    -0.37699E-03     0.20506E-03     0.00000E+00     0.00000E+00     0.20908E-03     0.62212E-05     0.00000E+00
     0.12737E+01     0.41384E-02    -0.39210E-03     0.22740E-03     0.00000E+00     0.00000E+00     0.20312E-03     0.55068E-05     0.00000E+00
     0.12890E+01     0.42654E-02    -0.40810E-03     0.25046E-03     0.00000E+00     0.00000E+00     0.19638E-03     0.49343E-05     0.00000E+00
     0.13042E+01     0.43953E-02    -0.42519E-03     0.27417E-03     0.00000E+00     0.00000E+00     0.18975E-03     0.49642E-05     0.00000E+00
     0.13194E+01     0.45280E-02    -0.44347E-03     0.29845E-03     0.00000E+00     0.00000E+00     0.18416E-03     0.53671E-05     0.00000E+00
     0.13345E+01     0.46636E-02    -0.46298E-03     0.32328E-03     0.00000E+00     0.00000E+00     0.17962E-03     0.57146E-05     0.00000E+00
     0.13495E+01     0.48023E-02    -0.48364E-03     0.34871E-03     0.00000E+00     0.00000E+00     0.17549E-03     0.58457E-05     0.00000E+00
     0.13645E+01     0.49441E-02    -0.50551E-03     0.37469E-03     0.00000E+00     0.00000E+00     0.17182E-03     0.58675E-05     0.00000E+00
     0.13794E+01     0.50889E-02    -0.52846E-03     0.40102E-03     0.00000E+00     0.00000E+00     0.16925E-03     0.56013E-05     0.00000E+00
     0.13942E+01     0.52364E-02    -0.55232E-03     0.42756E-03     0.00000E+00     0.00000E+00     0.16793E-03     0.50473E-05     0.00000E+00
     0.14089E+01     0.53863E-02    -0.57735E-03     0.45426E-03     0.00000E+00     0.00000E+00     0.16707E-03     0.47626E-05     0.00000E+00
     0.14235E+01     0.55382E-02    -0.60377E-03     0.48115E-03     0.00000E+00     0.00000E+00     0.16652E-03     0.50552E-05     0.00000E+00
     0.14380E+01     0.56923E-02    -0.63154E-03     0.50840E-03     0.00000E+00     0.00000E+00     0.16665E-03     0.52254E-05     0.00000E+00
     0.14525E+01     0.58485E-02    -0.66064E-03     0.53632E-03     0.00000E+00     0.00000E+00     0.16637E-03     0.51594E-05     0.00000E+00
     0.14668E+01     0.60068E-02    -0.69136E-03     0.56524E-03     0.00000E+00     0.00000E+00     0.16446E-03     0.56414E-05     0.00000E+00
     0.14811E+01     0.61674E-02    -0.72400E-03     0.59545E-03     0.00000E+00     0.00000E+00     0.16249E-03     0.65858E-05     0.00000E+00
     0.14952E+01     0.63306E-02    -0.75837E-03     0.62717E-03     0.00000E+00     0.00000E+00     0.16202E-03     0.71230E-05     0.00000E+00
     0.15093E+01     0.64966E-02    -0.79476E-03     0.66047E-03     0.00000E+00     0.00000E+00     0.16274E-03     0.74391E-05     0.00000E+00
     0.15232E+01     0.66654E-02    -0.83335E-03     0.69506E-03     0.00000E+00     0.00000E+00     0.16473E-03     0.73314E-05     0.00000E+00
     0.15370E+01     0.68370E-02    -0.87418E-03     0.73075E-03     0.00000E+00     0.00000E+00     0.16730E-03     0.78920E-05     0.00000E+00
     0.15507E+01     0.70113E-02    -0.91730E-03     0.76788E-03     0.00000E+00     0.00000E+00     0.17075E-03     0.93425E-05     0.00000E+00
     0.15643E+01     0.71891E-02    -0.96274E-03     0.80691E-03     0.00000E+00     0.00000E+00     0.17416E-03     0.10199E-04     0.00000E+00
     0.15778E+01     0.73706E-02    -0.10113E-02     0.84814E-03     0.00000E+00     0.00000E+00     0.17512E-03     0.11559E-04     0.00000E+00
     0.15911E+01     0.75562E-02    -0.10633E-02     0.89181E-03     0.00000E+00     0.00000E+00     0.17506E-03     0.14057E-04     0.00000E+00
     0.16043E+01     0.77471E-02    -0.11188E-02     0.93816E-03     0.00000E+00     0.00000E+00     0.17771E-03     0.16642E-04     0.00000E+00
     0.16174E+01     0.79441E-02    -0.11777E-02     0.98736E-03     0.00000E+00     0.00000E+00     0.18286E-03     0.18148E-04     0.00000E+00
     0.16303E+01     0.81478E-02    -0.12406E-02     0.10396E-02     0.00000E+00     0.00000E+00     0.18770E-03     0.19740E-04     0.00000E+00
     0.16431E+01     0.83585E-02    -0.13075E-02     0.10950E-02     0.00000E+00     0.00000E+00     0.19221E-03     0.20463E-04     0.00000E+00
     0.16558E+01     0.85763E-02    -0.13786E-02     0.11539E-02     0.00000E+00     0.00000E+00     0.19497E-03     0.20258E-04     0.00000E+00
     0.16683E+01     0.88007E-02    -0.14548E-02     0.12168E-02     0.00000E+00     0.00000E+00     0.19634E-03     0.21394E-04     0.00000E+00
     0.16806E+01     0.90318E-02    -0.15359E-02     0.12843E-02     0.00000E+00     0.00000E+00     0.20003E-03     0.23082E-04     0.00000E+00
     0.16928E+01     0.92699E-02    -0.16226E-02     0.13575E-02     0.00000E+00     0.00000E+00     0.20662E-03     0.25586E-04     0.00000E+00
     0.17049E+01     0.95156E-02    -0.17157E-02     0.14378E-02     0.00000E+00     0.00000E+00     0.21321E-03     0.29292E-04     0.00000E+00
     0.17167E+01     0.97701E-02    -0.18160E-02     0.15261E-02     0.00000E+00     0.00000E+00     0.21749E-03     0.34285E-04     0.00000E+00
     0.17285E+01     0.10035E-01    -0.19237E-02     0.16237E-02     0.00000E+00     0.00000E+00     0.21972E-03     0.39963E-04     0.00000E+00
     0.17400E+01     0.10311E-01    -0.20389E-02     0.17321E-02     0.00000E+00     0.00000E+00     0.21960E-03     0.45263E-04     0.00000E+00
     0.17514E+01     0.10600E-01    -0.21627E-02     0.18531E-02     0.00000E+00     0.00000E+00     0.21594E-03     0.50991E-04     0.00000E+00
     0.17626E+01     0.10903E-01    -0.22954E-02     0.19894E-02     0.00000E+00     0.00000E+00     0.20747E-03     0.57736E-04     0.00000E+00
     0.17737E+01     0.11222E-01    -0.24372E-02     0.21445E-02     0.00000E+00     0.00000E+00     0.19159E-03     0.64770E-04     0.00000E+00
     0.17845E+01     0.11558E-01    -0.25884E-02     0.23226E-02     0.00000E+00     0.00000E+00     0.16427E-03     0.71250E-04     0.00000E+00
     0.17952E+01     0.11912E-01    -0.27508E-02     0.25286E-02     0.00000E+00     0.00000E+00     0.12061E-03     0.77775E-04     0.00000E+00
     0.18057E+01     0.12284E-01    -0.29253E-02     0.27669E-02     0.00000E+00     0.00000E+00     0.56999E-04     0.84204E-04     0.00000E+00
     0.18160E+01     0.12676E-01    -0.31114E-02     0.30413E-02     0.00000E+00     0.00000E+00    -0.27707E-04     0.88581E-04     0.00000E+00
     0.18261E+01     0.13087E-01    -0.33082E-02     0.33563E-02     0.00000E+00     0.00000E+00    -0.13667E-03     0.89369E-04     0.00000E+00
     0.18360E+01     0.13515E-01    -0.35151E-02     0.37179E-02     0.00000E+00     0.00000E+00    -0.27510E-03     0.85958E-04     0.00000E+00
     0.18457E+01     0.13959E-01    -0.37310E-02     0.41325E-02     0.00000E+00     0.00000E+00    -0.44979E-03     0.75423E-04     0.00000E+00
     0.18552E+01     0.14414E-01    -0.39549E-02     0.46061E-02     0.00000E+00     0.00000E+00    -0.66659E-03     0.55692E-04     0.00000E+00
     0.18645E+01     0.14872E-01    -0.41842E-02     0.51430E-02     0.00000E+00     0.00000E+00    -0.92446E-03     0.20098E-04     0.00000E+00
     0.18736E+01     0.15326E-01    -0.44152E-02     0.57452E-02     0.00000E+00     0.00000E+00    -0.12197E-02    -0.41468E-04     0.00000E+00
     0.18825E+01     0.15759E-01    -0.46439E-02     0.64105E-02     0.00000E+00     0.00000E+00    -0.15484E-02    -0.13793E-03     0.00000E+00
     0.18912E+01     0.16151E-01    -0.48667E-02     0.71309E-02     0.00000E+00     0.00000E+00    -0.19032E-02    -0.27710E-03     0.00000E+00
     0.18996E+01     0.16475E-01    -0.50792E-02     0.78900E-02     0.00000E+00     0.00000E+00    -0.22658E-02    -0.46803E-03     0.00000E+00
     0.19078E+01     0.16697E-01    -0.52751E-02     0.86574E-02     0.00000E+00     0.00000E+00    -0.26023E-02    -0.72307E-03     0.00000E+00
     0.19158E+01     0.16777E-01    -0.54452E-02     0.93845E-02     0.00000E+00     0.00000E+00    -0.28625E-02    -0.10549E-02     0.00000E+00
     0.19236E+01     0.16667E-01    -0.55778E-02     0.99999E-02     0.00000E+00     0.00000E+00    -0.29783E-02    -0.14722E-02     0.00000E+00
     0.19311E+01     0.16315E-01    -0.56609E-02     0.10408E-01     0.00000E+00     0.00000E+00    -0.28683E-02    -0.19709E-02     0.00000E+00
     0.19384E+01     0.15665E-01    -0.56868E-02     0.10497E-01     0.00000E+00     0.00000E+00    -0.24568E-02    -0.25166E-02     0.00000E+00
     0.19455E+01     0.14669E-01    -0.56614E-02     0.10151E-01     0.00000E+00     0.00000E+00    -0.17079E-02    -0.30198E-02     0.00000E+00
     0.19523E+01     0.13295E-01    -0.56131E-02     0.92933E-02     0.00000E+00     0.00000E+00    -0.67259E-03    -0.33165E-02     0.00000E+00
     0.19589E+01     0.11554E-01    -0.55979E-02     0.79256E-02     0.00000E+00     0.00000E+00     0.47439E-03    -0.31750E-02     0.00000E+00
     0.19652E+01     0.95101E-02    -0.56898E-02     0.61702E-02     0.00000E+00     0.00000E+00     0.14434E-02    -0.23529E-02     0.00000E+00
     0.19713E+01     0.72974E-02    -0.59486E-02     0.42720E-02     0.00000E+00     0.00000E+00     0.19291E-02    -0.73113E-03     0.00000E+00
     0.19771E+01     0.51079E-02    -0.63653E-02     0.25376E-02     0.00000E+00     0.00000E+00     0.17868E-02     0.15207E-02     0.00000E+00
     0.19826E+01     0.31532E-02    -0.68523E-02     0.12236E-02     0.00000E+00     0.00000E+00     0.11876E-02     0.38996E-02     0.00000E+00
     0.19879E+01     0.16090E-02    -0.73014E-02     0.43171E-03     0.00000E+00     0.00000E+00     0.50754E-03     0.58222E-02     0.00000E+00
     0.19929E+01     0.57241E-03    -0.76490E-02     0.85815E-04     0.00000E+00     0.00000E+00     0.14394E-03     0.69970E-02     0.00000E+00
     0.19977E+01     0.62721E-04    -0.83260E-02     0.27873E-05     0.00000E+00     0.00000E+00    -0.95600E-04     0.84517E-02     0.00000E+00
