     0.23093E-02    -0.49140E-19     0.24009E-04     0.26662E-01     0.99510E+00     0.00000E+00     0.56844E+01     0.30623E+02     0.10000E+02     0.30055E+02     0.30055E+03     0.30623E+03     0.46175E+00    -0.37016E-05    -0.12434E-04     0.94543E-08     0.26362E-04     0.96699E-04    -0.22861E-06
     0.70633E-02    -0.15367E-18     0.74120E-04     0.82150E-01     0.98777E+00     0.00000E+00     0.31320E+01     0.30265E+02     0.10000E+02     0.29952E+02     0.29952E+03     0.30265E+03     0.48186E+00    -0.42582E-05    -0.14142E-04     0.65819E-06     0.20676E-03     0.91674E-03    -0.70948E-05
     0.12087E-01    -0.16810E-18     0.12662E-03     0.14025E+00     0.98265E+00     0.00000E+00     0.16442E+01     0.30016E+02     0.10000E+02     0.29852E+02     0.29852E+03     0.30016E+03     0.49297E+00    -0.45885E-05    -0.14900E-04     0.44351E-05     0.49922E-03     0.26592E-02    -0.36196E-04
     0.17376E-01    -0.16978E-18     0.18058E-03     0.20037E+00     0.97880E+00     0.00000E+00     0.83299E+00     0.29831E+02     0.10000E+02     0.29748E+02     0.29748E+03     0.29831E+03     0.49950E+00    -0.50420E-05    -0.16074E-04     0.14887E-04     0.84928E-03     0.53412E-02    -0.10523E-03
     0.22928E-01    -0.17543E-18     0.23460E-03     0.26160E+00     0.97566E+00     0.00000E+00     0.39562E+00     0.29680E+02     0.10000E+02     0.29640E+02     0.29640E+03     0.29680E+03     0.50290E+00    -0.55688E-05    -0.17272E-04     0.35502E-04     0.12195E-02     0.88123E-02    -0.22739E-03
     0.28739E-01    -0.30500E-18     0.28721E-03     0.32276E+00     0.97288E+00     0.00000E+00     0.16031E+00     0.29547E+02     0.10000E+02     0.29531E+02     0.29531E+03     0.29547E+03     0.50453E+00    -0.61834E-05    -0.18595E-04     0.69134E-04     0.15880E-02     0.12752E-01    -0.40612E-03
     0.34807E-01    -0.13819E-18     0.33747E-03     0.38259E+00     0.97027E+00     0.00000E+00     0.29474E-01     0.29423E+02     0.10000E+02     0.29420E+02     0.29420E+03     0.29423E+03     0.50511E+00    -0.68789E-05    -0.20018E-04     0.11779E-03     0.19443E-02     0.16756E-01    -0.63402E-03
     0.41127E-01    -0.60253E-19     0.38540E-03     0.43994E+00     0.96773E+00     0.00000E+00    -0.48619E-01     0.29302E+02     0.10000E+02     0.29307E+02     0.29307E+03     0.29302E+03     0.50505E+00    -0.76474E-05    -0.21542E-04     0.18266E-03     0.22849E-02     0.20447E-01    -0.89577E-03
     0.47696E-01    -0.40613E-18     0.43228E-03     0.49389E+00     0.96520E+00     0.00000E+00    -0.10036E+00     0.29182E+02     0.10000E+02     0.29192E+02     0.29192E+03     0.29182E+03     0.50455E+00    -0.84842E-05    -0.23161E-04     0.26414E-03     0.26091E-02     0.23554E-01    -0.11729E-02
     0.54512E-01    -0.25665E-18     0.48042E-03     0.54384E+00     0.96264E+00     0.00000E+00    -0.13860E+00     0.29061E+02     0.10000E+02     0.29075E+02     0.29075E+03     0.29061E+03     0.50372E+00    -0.93724E-05    -0.24861E-04     0.36195E-03     0.29162E-02     0.25943E-01    -0.14482E-02
     0.61570E-01    -0.27016E-18     0.53245E-03     0.58949E+00     0.96005E+00     0.00000E+00    -0.16926E+00     0.28940E+02     0.10000E+02     0.28956E+02     0.28956E+03     0.28940E+03     0.50262E+00    -0.10288E-04    -0.26631E-04     0.47518E-03     0.32047E-02     0.27590E-01    -0.17080E-02
     0.68868E-01     0.11731E-18     0.59050E-03     0.63082E+00     0.95742E+00     0.00000E+00    -0.19492E+00     0.28816E+02     0.10000E+02     0.28835E+02     0.28835E+03     0.28816E+03     0.50127E+00    -0.11202E-04    -0.28443E-04     0.60231E-03     0.34722E-02     0.28552E-01    -0.19438E-02
     0.76401E-01    -0.41200E-18     0.65524E-03     0.66799E+00     0.95473E+00     0.00000E+00    -0.21663E+00     0.28691E+02     0.10000E+02     0.28712E+02     0.28712E+03     0.28691E+03     0.49970E+00    -0.12095E-04    -0.30247E-04     0.74134E-03     0.37163E-02     0.28927E-01    -0.21509E-02
     0.84168E-01    -0.63417E-18     0.72528E-03     0.70127E+00     0.95200E+00     0.00000E+00    -0.23481E+00     0.28563E+02     0.10000E+02     0.28587E+02     0.28587E+03     0.28563E+03     0.49793E+00    -0.12955E-04    -0.32016E-04     0.88992E-03     0.39351E-02     0.28826E-01    -0.23282E-02
     0.92164E-01    -0.55668E-18     0.79733E-03     0.73101E+00     0.94922E+00     0.00000E+00    -0.24966E+00     0.28434E+02     0.10000E+02     0.28459E+02     0.28459E+03     0.28434E+03     0.49597E+00    -0.13788E-04    -0.33738E-04     0.10455E-02     0.41274E-02     0.28359E-01    -0.24769E-02
     0.10039E+00    -0.65194E-18     0.86707E-03     0.75758E+00     0.94639E+00     0.00000E+00    -0.26131E+00     0.28303E+02     0.10000E+02     0.28329E+02     0.28329E+03     0.28303E+03     0.49384E+00    -0.14592E-04    -0.35387E-04     0.12054E-02     0.42930E-02     0.27622E-01    -0.25992E-02
     0.10883E+00    -0.92139E-18     0.93012E-03     0.78134E+00     0.94350E+00     0.00000E+00    -0.26991E+00     0.28170E+02     0.10000E+02     0.28197E+02     0.28197E+03     0.28170E+03     0.49157E+00    -0.15348E-04    -0.36949E-04     0.13670E-02     0.44327E-02     0.26698E-01    -0.26980E-02
     0.11749E+00     0.48345E-18     0.98277E-03     0.80263E+00     0.94057E+00     0.00000E+00    -0.27561E+00     0.28036E+02     0.10000E+02     0.28063E+02     0.28063E+03     0.28036E+03     0.48918E+00    -0.16053E-04    -0.38388E-04     0.15278E-02     0.45481E-02     0.25654E-01    -0.27760E-02
     0.12637E+00     0.25310E-18     0.10225E-02     0.82175E+00     0.93758E+00     0.00000E+00    -0.27866E+00     0.27899E+02     0.10000E+02     0.27927E+02     0.27927E+03     0.27899E+03     0.48670E+00    -0.16688E-04    -0.39687E-04     0.16855E-02     0.46415E-02     0.24543E-01    -0.28362E-02
     0.13547E+00    -0.59862E-18     0.10486E-02     0.83899E+00     0.93454E+00     0.00000E+00    -0.27929E+00     0.27761E+02     0.10000E+02     0.27789E+02     0.27789E+03     0.27761E+03     0.48413E+00    -0.17243E-04    -0.40840E-04     0.18382E-02     0.47153E-02     0.23409E-01    -0.28808E-02
     0.14477E+00    -0.23106E-18     0.10617E-02     0.85460E+00     0.93145E+00     0.00000E+00    -0.27776E+00     0.27621E+02     0.10000E+02     0.27648E+02     0.27648E+03     0.27621E+03     0.48151E+00    -0.17736E-04    -0.41798E-04     0.19841E-02     0.47728E-02     0.22281E-01    -0.29122E-02
     0.15428E+00    -0.96334E-18     0.10633E-02     0.86878E+00     0.92832E+00     0.00000E+00    -0.27432E+00     0.27479E+02     0.10000E+02     0.27506E+02     0.27506E+03     0.27479E+03     0.47885E+00    -0.18180E-04    -0.42536E-04     0.21217E-02     0.48170E-02     0.21183E-01    -0.29323E-02
     0.16399E+00     0.64981E-18     0.10540E-02     0.88173E+00     0.92512E+00     0.00000E+00    -0.26920E+00     0.27335E+02     0.10000E+02     0.27362E+02     0.27362E+03     0.27335E+03     0.47618E+00    -0.18560E-04    -0.43051E-04     0.22497E-02     0.48505E-02     0.20130E-01    -0.29427E-02
     0.17390E+00    -0.80835E-18     0.10344E-02     0.89362E+00     0.92188E+00     0.00000E+00    -0.26269E+00     0.27190E+02     0.10000E+02     0.27216E+02     0.27216E+03     0.27190E+03     0.47352E+00    -0.18881E-04    -0.43328E-04     0.23672E-02     0.48754E-02     0.19131E-01    -0.29450E-02
     0.18401E+00    -0.87163E-18     0.10056E-02     0.90459E+00     0.91859E+00     0.00000E+00    -0.25510E+00     0.27042E+02     0.10000E+02     0.27068E+02     0.27068E+03     0.27042E+03     0.47087E+00    -0.19129E-04    -0.43422E-04     0.24734E-02     0.48929E-02     0.18189E-01    -0.29402E-02
     0.19431E+00    -0.96618E-18     0.96844E-03     0.91477E+00     0.91524E+00     0.00000E+00    -0.24668E+00     0.26894E+02     0.10000E+02     0.26918E+02     0.26918E+03     0.26894E+03     0.46825E+00    -0.19315E-04    -0.43367E-04     0.25682E-02     0.49034E-02     0.17307E-01    -0.29295E-02
     0.20480E+00    -0.37680E-19     0.92393E-03     0.92427E+00     0.91184E+00     0.00000E+00    -0.23769E+00     0.26743E+02     0.10000E+02     0.26767E+02     0.26767E+03     0.26743E+03     0.46567E+00    -0.19442E-04    -0.43149E-04     0.26513E-02     0.49067E-02     0.16480E-01    -0.29136E-02
     0.21547E+00     0.34908E-18     0.87301E-03     0.93318E+00     0.90839E+00     0.00000E+00    -0.22831E+00     0.26591E+02     0.10000E+02     0.26614E+02     0.26614E+03     0.26591E+03     0.46315E+00    -0.19506E-04    -0.42733E-04     0.27231E-02     0.49021E-02     0.15706E-01    -0.28930E-02
     0.22633E+00     0.16046E-17     0.81732E-03     0.94158E+00     0.90489E+00     0.00000E+00    -0.21867E+00     0.26437E+02     0.10000E+02     0.26459E+02     0.26459E+03     0.26437E+03     0.46069E+00    -0.19503E-04    -0.42073E-04     0.27837E-02     0.48895E-02     0.14983E-01    -0.28683E-02
     0.23737E+00    -0.41022E-18     0.75893E-03     0.94956E+00     0.90133E+00     0.00000E+00    -0.20885E+00     0.26282E+02     0.10000E+02     0.26303E+02     0.26303E+03     0.26282E+03     0.45830E+00    -0.19452E-04    -0.41197E-04     0.28336E-02     0.48690E-02     0.14311E-01    -0.28401E-02
     0.24859E+00    -0.17226E-17     0.70077E-03     0.95716E+00     0.89772E+00     0.00000E+00    -0.19896E+00     0.26125E+02     0.10000E+02     0.26145E+02     0.26145E+03     0.26125E+03     0.45598E+00    -0.19351E-04    -0.40193E-04     0.28732E-02     0.48412E-02     0.13687E-01    -0.28089E-02
     0.25997E+00     0.23120E-17     0.64709E-03     0.96443E+00     0.89406E+00     0.00000E+00    -0.18906E+00     0.25966E+02     0.10000E+02     0.25985E+02     0.25985E+03     0.25966E+03     0.45373E+00    -0.19227E-04    -0.39121E-04     0.29030E-02     0.48068E-02     0.13109E-01    -0.27750E-02
     0.27153E+00    -0.22182E-18     0.60251E-03     0.97143E+00     0.89034E+00     0.00000E+00    -0.17919E+00     0.25806E+02     0.10000E+02     0.25824E+02     0.25824E+03     0.25806E+03     0.45157E+00    -0.19077E-04    -0.38028E-04     0.29237E-02     0.47661E-02     0.12573E-01    -0.27386E-02
     0.28325E+00     0.35832E-18     0.56988E-03     0.97819E+00     0.88657E+00     0.00000E+00    -0.16948E+00     0.25644E+02     0.10000E+02     0.25661E+02     0.25661E+03     0.25644E+03     0.44949E+00    -0.18893E-04    -0.36912E-04     0.29357E-02     0.47195E-02     0.12074E-01    -0.27000E-02
     0.29514E+00    -0.13025E-17     0.54926E-03     0.98474E+00     0.88275E+00     0.00000E+00    -0.16003E+00     0.25481E+02     0.10000E+02     0.25497E+02     0.25497E+03     0.25481E+03     0.44750E+00    -0.18695E-04    -0.35765E-04     0.29397E-02     0.46674E-02     0.11608E-01    -0.26595E-02
     0.30719E+00     0.51473E-18     0.53885E-03     0.99111E+00     0.87887E+00     0.00000E+00    -0.15093E+00     0.25317E+02     0.10000E+02     0.25332E+02     0.25332E+03     0.25317E+03     0.44560E+00    -0.18449E-04    -0.34574E-04     0.29365E-02     0.46102E-02     0.11171E-01    -0.26171E-02
     0.31939E+00     0.34694E-18     0.53625E-03     0.99734E+00     0.87494E+00     0.00000E+00    -0.14227E+00     0.25150E+02     0.10000E+02     0.25165E+02     0.25165E+03     0.25150E+03     0.44377E+00    -0.18122E-04    -0.33318E-04     0.29267E-02     0.45477E-02     0.10762E-01    -0.25732E-02
     0.33174E+00     0.11830E-17     0.53854E-03     0.10034E+01     0.87095E+00     0.00000E+00    -0.13409E+00     0.24983E+02     0.10000E+02     0.24996E+02     0.24996E+03     0.24983E+03     0.44203E+00    -0.17665E-04    -0.31948E-04     0.29111E-02     0.44801E-02     0.10380E-01    -0.25282E-02
     0.34425E+00     0.67967E-18     0.54159E-03     0.10094E+01     0.86691E+00     0.00000E+00    -0.12637E+00     0.24814E+02     0.10000E+02     0.24826E+02     0.24826E+03     0.24814E+03     0.44038E+00    -0.17109E-04    -0.30493E-04     0.28905E-02     0.44076E-02     0.10023E-01    -0.24826E-02
     0.35690E+00     0.15840E-17     0.54115E-03     0.10152E+01     0.86281E+00     0.00000E+00    -0.11909E+00     0.24643E+02     0.10000E+02     0.24655E+02     0.24655E+03     0.24643E+03     0.43879E+00    -0.16510E-04    -0.29001E-04     0.28654E-02     0.43303E-02     0.96886E-02    -0.24363E-02
     0.36969E+00     0.94983E-18     0.53356E-03     0.10209E+01     0.85866E+00     0.00000E+00    -0.11219E+00     0.24471E+02     0.10000E+02     0.24482E+02     0.24482E+03     0.24471E+03     0.43728E+00    -0.15865E-04    -0.27561E-04     0.28365E-02     0.42490E-02     0.93736E-02    -0.23892E-02
     0.38262E+00     0.59151E-18     0.51726E-03     0.10266E+01     0.85445E+00     0.00000E+00    -0.10560E+00     0.24298E+02     0.10000E+02     0.24309E+02     0.24309E+03     0.24298E+03     0.43585E+00    -0.15208E-04    -0.26164E-04     0.28042E-02     0.41647E-02     0.90761E-02    -0.23410E-02
     0.39569E+00     0.29661E-17     0.49491E-03     0.10321E+01     0.85019E+00     0.00000E+00    -0.99272E-01     0.24123E+02     0.10000E+02     0.24133E+02     0.24133E+03     0.24123E+03     0.43448E+00    -0.14574E-04    -0.24766E-04     0.27688E-02     0.40781E-02     0.87941E-02    -0.22919E-02
     0.40890E+00     0.19480E-17     0.47171E-03     0.10376E+01     0.84587E+00     0.00000E+00    -0.93249E-01     0.23948E+02     0.10000E+02     0.23957E+02     0.23957E+03     0.23948E+03     0.43318E+00    -0.14022E-04    -0.23388E-04     0.27309E-02     0.39893E-02     0.85254E-02    -0.22419E-02
     0.42223E+00     0.12200E-17     0.45248E-03     0.10430E+01     0.84150E+00     0.00000E+00    -0.87560E-01     0.23771E+02     0.10000E+02     0.23779E+02     0.23779E+03     0.23771E+03     0.43195E+00    -0.13605E-04    -0.22066E-04     0.26909E-02     0.38986E-02     0.82689E-02    -0.21914E-02
     0.43569E+00     0.48629E-18     0.44073E-03     0.10483E+01     0.83707E+00     0.00000E+00    -0.82163E-01     0.23592E+02     0.10000E+02     0.23600E+02     0.23600E+03     0.23592E+03     0.43078E+00    -0.13345E-04    -0.20794E-04     0.26493E-02     0.38058E-02     0.80241E-02    -0.21404E-02
     0.44927E+00     0.19736E-17     0.43836E-03     0.10535E+01     0.83259E+00     0.00000E+00    -0.77033E-01     0.23413E+02     0.10000E+02     0.23420E+02     0.23420E+03     0.23413E+03     0.42968E+00    -0.13203E-04    -0.19552E-04     0.26062E-02     0.37117E-02     0.77907E-02    -0.20889E-02
     0.46297E+00    -0.12655E-17     0.44499E-03     0.10586E+01     0.82805E+00     0.00000E+00    -0.72160E-01     0.23232E+02     0.10000E+02     0.23239E+02     0.23239E+03     0.23232E+03     0.42863E+00    -0.13116E-04    -0.18374E-04     0.25619E-02     0.36164E-02     0.75675E-02    -0.20367E-02
     0.47679E+00    -0.11205E-17     0.46011E-03     0.10636E+01     0.82345E+00     0.00000E+00    -0.67566E-01     0.23050E+02     0.10000E+02     0.23057E+02     0.23057E+03     0.23050E+03     0.42764E+00    -0.13083E-04    -0.17285E-04     0.25168E-02     0.35207E-02     0.73527E-02    -0.19840E-02
     0.49072E+00     0.21784E-17     0.48589E-03     0.10686E+01     0.81880E+00     0.00000E+00    -0.63304E-01     0.22867E+02     0.10000E+02     0.22873E+02     0.22873E+03     0.22867E+03     0.42671E+00    -0.13070E-04    -0.16297E-04     0.24710E-02     0.34252E-02     0.71436E-02    -0.19305E-02
     0.50476E+00    -0.15072E-17     0.52522E-03     0.10735E+01     0.81409E+00     0.00000E+00    -0.59405E-01     0.22683E+02     0.10000E+02     0.22689E+02     0.22689E+03     0.22683E+03     0.42583E+00    -0.13110E-04    -0.15411E-04     0.24248E-02     0.33305E-02     0.69389E-02    -0.18762E-02
     0.51891E+00    -0.11546E-17     0.57834E-03     0.10783E+01     0.80932E+00     0.00000E+00    -0.55868E-01     0.22498E+02     0.10000E+02     0.22503E+02     0.22503E+03     0.22498E+03     0.42499E+00    -0.13185E-04    -0.14673E-04     0.23784E-02     0.32374E-02     0.67384E-02    -0.18213E-02
     0.53316E+00    -0.30144E-18     0.64380E-03     0.10830E+01     0.80450E+00     0.00000E+00    -0.52700E-01     0.22312E+02     0.10000E+02     0.22317E+02     0.22317E+03     0.22312E+03     0.42420E+00    -0.13323E-04    -0.14060E-04     0.23322E-02     0.31460E-02     0.65422E-02    -0.17661E-02
     0.54751E+00     0.85314E-19     0.71934E-03     0.10876E+01     0.79962E+00     0.00000E+00    -0.49858E-01     0.22124E+02     0.10000E+02     0.22129E+02     0.22129E+03     0.22124E+03     0.42345E+00    -0.13548E-04    -0.13595E-04     0.22864E-02     0.30566E-02     0.63503E-02    -0.17108E-02
     0.56196E+00    -0.29007E-17     0.80091E-03     0.10921E+01     0.79468E+00     0.00000E+00    -0.47308E-01     0.21936E+02     0.10000E+02     0.21941E+02     0.21941E+03     0.21936E+03     0.42273E+00    -0.13857E-04    -0.13273E-04     0.22411E-02     0.29693E-02     0.61618E-02    -0.16554E-02
     0.57649E+00     0.35604E-17     0.88501E-03     0.10966E+01     0.78968E+00     0.00000E+00    -0.45088E-01     0.21747E+02     0.10000E+02     0.21751E+02     0.21751E+03     0.21747E+03     0.42204E+00    -0.14286E-04    -0.13057E-04     0.21966E-02     0.28843E-02     0.59759E-02    -0.15997E-02
     0.59112E+00     0.41861E-17     0.97003E-03     0.11009E+01     0.78463E+00     0.00000E+00    -0.43224E-01     0.21557E+02     0.10000E+02     0.21561E+02     0.21561E+03     0.21557E+03     0.42137E+00    -0.14767E-04    -0.12964E-04     0.21529E-02     0.28015E-02     0.57921E-02    -0.15435E-02
     0.60584E+00    -0.91002E-19     0.10543E-02     0.11051E+01     0.77952E+00     0.00000E+00    -0.41694E-01     0.21366E+02     0.10000E+02     0.21370E+02     0.21370E+03     0.21366E+03     0.42073E+00    -0.15292E-04    -0.13068E-04     0.21101E-02     0.27211E-02     0.56105E-02    -0.14870E-02
     0.62064E+00    -0.11318E-17     0.11358E-02     0.11093E+01     0.77435E+00     0.00000E+00    -0.40410E-01     0.21174E+02     0.10000E+02     0.21178E+02     0.21178E+03     0.21174E+03     0.42011E+00    -0.15826E-04    -0.13412E-04     0.20683E-02     0.26430E-02     0.54310E-02    -0.14302E-02
     0.63552E+00     0.49994E-17     0.12127E-02     0.11133E+01     0.76912E+00     0.00000E+00    -0.39312E-01     0.20981E+02     0.10000E+02     0.20985E+02     0.20985E+03     0.20981E+03     0.41950E+00    -0.16344E-04    -0.13956E-04     0.20274E-02     0.25673E-02     0.52541E-02    -0.13731E-02
     0.65047E+00    -0.45188E-17     0.12844E-02     0.11172E+01     0.76384E+00     0.00000E+00    -0.38440E-01     0.20788E+02     0.10000E+02     0.20792E+02     0.20792E+03     0.20788E+03     0.41890E+00    -0.16844E-04    -0.14690E-04     0.19877E-02     0.24940E-02     0.50800E-02    -0.13160E-02
     0.66550E+00    -0.30998E-17     0.13507E-02     0.11209E+01     0.75849E+00     0.00000E+00    -0.37882E-01     0.20594E+02     0.10000E+02     0.20597E+02     0.20597E+03     0.20594E+03     0.41831E+00    -0.17310E-04    -0.15654E-04     0.19492E-02     0.24222E-02     0.49087E-02    -0.12588E-02
     0.68060E+00    -0.34126E-19     0.14108E-02     0.11246E+01     0.75310E+00     0.00000E+00    -0.37686E-01     0.20399E+02     0.10000E+02     0.20403E+02     0.20403E+03     0.20399E+03     0.41773E+00    -0.17739E-04    -0.16908E-04     0.19122E-02     0.23515E-02     0.47398E-02    -0.12015E-02
     0.69576E+00    -0.21414E-17     0.14629E-02     0.11281E+01     0.74764E+00     0.00000E+00    -0.37831E-01     0.20203E+02     0.10000E+02     0.20207E+02     0.20207E+03     0.20203E+03     0.41714E+00    -0.18172E-04    -0.18336E-04     0.18768E-02     0.22818E-02     0.45734E-02    -0.11440E-02
     0.71099E+00     0.37652E-17     0.15049E-02     0.11315E+01     0.74213E+00     0.00000E+00    -0.38218E-01     0.20007E+02     0.10000E+02     0.20011E+02     0.20011E+03     0.20007E+03     0.41654E+00    -0.18606E-04    -0.19880E-04     0.18433E-02     0.22140E-02     0.44093E-02    -0.10864E-02
     0.72628E+00     0.16608E-17     0.15358E-02     0.11348E+01     0.73656E+00     0.00000E+00    -0.38738E-01     0.19811E+02     0.10000E+02     0.19815E+02     0.19815E+03     0.19811E+03     0.41593E+00    -0.19017E-04    -0.21450E-04     0.18115E-02     0.21488E-02     0.42473E-02    -0.10285E-02
     0.74162E+00    -0.86452E-18     0.15557E-02     0.11379E+01     0.73094E+00     0.00000E+00    -0.39344E-01     0.19614E+02     0.10000E+02     0.19618E+02     0.19618E+03     0.19614E+03     0.41532E+00    -0.19390E-04    -0.23042E-04     0.17814E-02     0.20864E-02     0.40878E-02    -0.97023E-03
     0.75702E+00     0.22324E-17     0.15651E-02     0.11409E+01     0.72526E+00     0.00000E+00    -0.40039E-01     0.19416E+02     0.10000E+02     0.19420E+02     0.19420E+03     0.19416E+03     0.41469E+00    -0.19701E-04    -0.24712E-04     0.17531E-02     0.20272E-02     0.39317E-02    -0.91146E-03
     0.77247E+00     0.40638E-17     0.15642E-02     0.11437E+01     0.71953E+00     0.00000E+00    -0.40858E-01     0.19219E+02     0.10000E+02     0.19223E+02     0.19223E+03     0.19219E+03     0.41404E+00    -0.19947E-04    -0.26469E-04     0.17265E-02     0.19709E-02     0.37804E-02    -0.85229E-03
     0.78796E+00    -0.78205E-18     0.15537E-02     0.11464E+01     0.71375E+00     0.00000E+00    -0.41889E-01     0.19020E+02     0.10000E+02     0.19025E+02     0.19025E+03     0.19020E+03     0.41338E+00    -0.20166E-04    -0.28307E-04     0.17016E-02     0.19176E-02     0.36354E-02    -0.79287E-03
     0.80350E+00     0.26789E-17     0.15351E-02     0.11489E+01     0.70791E+00     0.00000E+00    -0.43186E-01     0.18822E+02     0.10000E+02     0.18826E+02     0.18826E+03     0.18822E+03     0.41270E+00    -0.20347E-04    -0.30184E-04     0.16787E-02     0.18674E-02     0.34975E-02    -0.73334E-03
     0.81907E+00    -0.18769E-17     0.15107E-02     0.11513E+01     0.70202E+00     0.00000E+00    -0.44732E-01     0.18623E+02     0.10000E+02     0.18628E+02     0.18628E+03     0.18623E+03     0.41199E+00    -0.20472E-04    -0.32084E-04     0.16576E-02     0.18205E-02     0.33675E-02    -0.67383E-03
     0.83469E+00    -0.18058E-17     0.14830E-02     0.11535E+01     0.69607E+00     0.00000E+00    -0.46492E-01     0.18425E+02     0.10000E+02     0.18429E+02     0.18429E+03     0.18425E+03     0.41125E+00    -0.20549E-04    -0.33957E-04     0.16384E-02     0.17769E-02     0.32461E-02    -0.61442E-03
     0.85033E+00     0.20703E-17     0.14544E-02     0.11555E+01     0.69008E+00     0.00000E+00    -0.48444E-01     0.18226E+02     0.10000E+02     0.18231E+02     0.18231E+03     0.18226E+03     0.41049E+00    -0.20526E-04    -0.35814E-04     0.16212E-02     0.17362E-02     0.31339E-02    -0.55523E-03
     0.86601E+00     0.16778E-17     0.14253E-02     0.11573E+01     0.68404E+00     0.00000E+00    -0.50610E-01     0.18027E+02     0.10000E+02     0.18032E+02     0.18032E+03     0.18027E+03     0.40968E+00    -0.20408E-04    -0.37679E-04     0.16059E-02     0.16986E-02     0.30314E-02    -0.49634E-03
     0.88171E+00    -0.27016E-18     0.13943E-02     0.11589E+01     0.67794E+00     0.00000E+00    -0.53026E-01     0.17828E+02     0.10000E+02     0.17833E+02     0.17833E+03     0.17828E+03     0.40884E+00    -0.20205E-04    -0.39594E-04     0.15925E-02     0.16642E-02     0.29389E-02    -0.43771E-03
     0.89744E+00    -0.13309E-17     0.13594E-02     0.11603E+01     0.67180E+00     0.00000E+00    -0.55702E-01     0.17629E+02     0.10000E+02     0.17635E+02     0.17635E+03     0.17629E+03     0.40795E+00    -0.19916E-04    -0.41488E-04     0.15812E-02     0.16335E-02     0.28563E-02    -0.37911E-03
     0.91319E+00    -0.19764E-17     0.13197E-02     0.11616E+01     0.66561E+00     0.00000E+00    -0.58636E-01     0.17431E+02     0.10000E+02     0.17437E+02     0.17437E+03     0.17431E+03     0.40702E+00    -0.19570E-04    -0.43302E-04     0.15717E-02     0.16069E-02     0.27843E-02    -0.32032E-03
     0.92895E+00     0.15101E-17     0.12757E-02     0.11626E+01     0.65937E+00     0.00000E+00    -0.61803E-01     0.17232E+02     0.10000E+02     0.17238E+02     0.17238E+03     0.17232E+03     0.40604E+00    -0.19229E-04    -0.45028E-04     0.15641E-02     0.15849E-02     0.27232E-02    -0.26128E-03
     0.94473E+00     0.11716E-17     0.12292E-02     0.11634E+01     0.65309E+00     0.00000E+00    -0.65181E-01     0.17034E+02     0.10000E+02     0.17041E+02     0.17041E+03     0.17034E+03     0.40500E+00    -0.18906E-04    -0.46768E-04     0.15584E-02     0.15675E-02     0.26737E-02    -0.20200E-03
     0.96051E+00     0.15712E-17     0.11818E-02     0.11640E+01     0.64677E+00     0.00000E+00    -0.68775E-01     0.16836E+02     0.10000E+02     0.16843E+02     0.16843E+03     0.16836E+03     0.40391E+00    -0.18575E-04    -0.48494E-04     0.15544E-02     0.15547E-02     0.26363E-02    -0.14257E-03
     0.97631E+00    -0.52184E-18     0.11341E-02     0.11644E+01     0.64041E+00     0.00000E+00    -0.72587E-01     0.16639E+02     0.10000E+02     0.16646E+02     0.16646E+03     0.16639E+03     0.40276E+00    -0.18257E-04    -0.50216E-04     0.15521E-02     0.15469E-02     0.26115E-02    -0.83023E-04
     0.99210E+00     0.38960E-18     0.10859E-02     0.11645E+01     0.63400E+00     0.00000E+00    -0.76626E-01     0.16442E+02     0.10000E+02     0.16450E+02     0.16450E+03     0.16442E+03     0.40154E+00    -0.17916E-04    -0.51948E-04     0.15515E-02     0.15439E-02     0.25999E-02    -0.23393E-04
     0.10079E+01    -0.78774E-18     0.10375E-02     0.11645E+01     0.62756E+00     0.00000E+00    -0.80864E-01     0.16246E+02     0.10000E+02     0.16254E+02     0.16254E+03     0.16246E+03     0.40025E+00    -0.17591E-04    -0.53682E-04     0.15524E-02     0.15455E-02     0.26013E-02     0.36288E-04
     0.10237E+01     0.34837E-18     0.98977E-03     0.11642E+01     0.62108E+00     0.00000E+00    -0.85201E-01     0.16050E+02     0.10000E+02     0.16059E+02     0.16059E+03     0.16050E+03     0.39890E+00    -0.17303E-04    -0.55399E-04     0.15551E-02     0.15515E-02     0.26157E-02     0.96000E-04
     0.10395E+01     0.26277E-17     0.94414E-03     0.11637E+01     0.61456E+00     0.00000E+00    -0.89539E-01     0.15855E+02     0.10000E+02     0.15864E+02     0.15864E+03     0.15855E+03     0.39748E+00    -0.16997E-04    -0.57008E-04     0.15594E-02     0.15618E-02     0.26427E-02     0.15566E-03
     0.10553E+01    -0.17404E-17     0.90157E-03     0.11630E+01     0.60802E+00     0.00000E+00    -0.93848E-01     0.15661E+02     0.10000E+02     0.15671E+02     0.15671E+03     0.15661E+03     0.39599E+00    -0.16622E-04    -0.58432E-04     0.15656E-02     0.15767E-02     0.26818E-02     0.21520E-03
     0.10711E+01    -0.27016E-18     0.86220E-03     0.11621E+01     0.60144E+00     0.00000E+00    -0.98121E-01     0.15468E+02     0.10000E+02     0.15478E+02     0.15478E+03     0.15468E+03     0.39443E+00    -0.16133E-04    -0.59697E-04     0.15737E-02     0.15962E-02     0.27322E-02     0.27461E-03
     0.10868E+01    -0.28950E-17     0.82573E-03     0.11609E+01     0.59483E+00     0.00000E+00    -0.10234E+00     0.15276E+02     0.10000E+02     0.15286E+02     0.15286E+03     0.15276E+03     0.39280E+00    -0.15553E-04    -0.60794E-04     0.15838E-02     0.16202E-02     0.27935E-02     0.33396E-03
     0.11026E+01    -0.89011E-18     0.79185E-03     0.11596E+01     0.58820E+00     0.00000E+00    -0.10648E+00     0.15084E+02     0.10000E+02     0.15095E+02     0.15095E+03     0.15084E+03     0.39111E+00    -0.14903E-04    -0.61766E-04     0.15958E-02     0.16488E-02     0.28658E-02     0.39332E-03
     0.11183E+01    -0.98680E-18     0.75987E-03     0.11580E+01     0.58155E+00     0.00000E+00    -0.11049E+00     0.14894E+02     0.10000E+02     0.14905E+02     0.14905E+03     0.14894E+03     0.38935E+00    -0.14230E-04    -0.62504E-04     0.16099E-02     0.16819E-02     0.29485E-02     0.45273E-03
     0.11340E+01     0.51189E-18     0.72800E-03     0.11563E+01     0.57487E+00     0.00000E+00    -0.11434E+00     0.14705E+02     0.10000E+02     0.14717E+02     0.14717E+03     0.14705E+03     0.38754E+00    -0.13574E-04    -0.62980E-04     0.16259E-02     0.17193E-02     0.30411E-02     0.51221E-03
     0.11497E+01     0.73939E-19     0.69400E-03     0.11543E+01     0.56817E+00     0.00000E+00    -0.11797E+00     0.14518E+02     0.10000E+02     0.14529E+02     0.14529E+03     0.14518E+03     0.38567E+00    -0.12920E-04    -0.63219E-04     0.16438E-02     0.17609E-02     0.31426E-02     0.57174E-03
     0.11653E+01     0.11318E-17     0.65623E-03     0.11522E+01     0.56146E+00     0.00000E+00    -0.12134E+00     0.14331E+02     0.10000E+02     0.14343E+02     0.14343E+03     0.14331E+03     0.38375E+00    -0.12295E-04    -0.63361E-04     0.16637E-02     0.18068E-02     0.32520E-02     0.63130E-03
     0.11809E+01     0.13195E-17     0.61384E-03     0.11499E+01     0.55474E+00     0.00000E+00    -0.12440E+00     0.14146E+02     0.10000E+02     0.14159E+02     0.14159E+03     0.14146E+03     0.38178E+00    -0.11709E-04    -0.63358E-04     0.16856E-02     0.18569E-02     0.33683E-02     0.69088E-03
     0.11965E+01    -0.11034E-17     0.56741E-03     0.11474E+01     0.54800E+00     0.00000E+00    -0.12705E+00     0.13962E+02     0.10000E+02     0.13975E+02     0.13975E+03     0.13962E+03     0.37978E+00    -0.11116E-04    -0.63204E-04     0.17094E-02     0.19111E-02     0.34904E-02     0.75043E-03
     0.12120E+01     0.61142E-18     0.51921E-03     0.11447E+01     0.54126E+00     0.00000E+00    -0.12926E+00     0.13780E+02     0.10000E+02     0.13793E+02     0.13793E+03     0.13780E+03     0.37774E+00    -0.10568E-04    -0.62899E-04     0.17352E-02     0.19694E-02     0.36175E-02     0.80996E-03
     0.12275E+01     0.41804E-18     0.47113E-03     0.11419E+01     0.53450E+00     0.00000E+00    -0.13104E+00     0.13600E+02     0.10000E+02     0.13613E+02     0.13613E+03     0.13600E+03     0.37567E+00    -0.10044E-04    -0.62414E-04     0.17627E-02     0.20314E-02     0.37492E-02     0.86948E-03
     0.12430E+01     0.17063E-19     0.42352E-03     0.11389E+01     0.52775E+00     0.00000E+00    -0.13238E+00     0.13421E+02     0.10000E+02     0.13434E+02     0.13434E+03     0.13421E+03     0.37359E+00    -0.95650E-05    -0.61734E-04     0.17920E-02     0.20967E-02     0.38851E-02     0.92897E-03
     0.12584E+01    -0.32107E-17     0.37491E-03     0.11358E+01     0.52099E+00     0.00000E+00    -0.13328E+00     0.13244E+02     0.10000E+02     0.13257E+02     0.13257E+03     0.13244E+03     0.37150E+00    -0.91207E-05    -0.60903E-04     0.18231E-02     0.21649E-02     0.40250E-02     0.98838E-03
     0.12737E+01     0.19907E-19     0.32277E-03     0.11325E+01     0.51422E+00     0.00000E+00    -0.13376E+00     0.13068E+02     0.10000E+02     0.13082E+02     0.13082E+03     0.13068E+03     0.36941E+00    -0.87032E-05    -0.59898E-04     0.18558E-02     0.22353E-02     0.41686E-02     0.10477E-02
     0.12890E+01     0.56023E-18     0.26510E-03     0.11292E+01     0.50746E+00     0.00000E+00    -0.13383E+00     0.12894E+02     0.10000E+02     0.12908E+02     0.12908E+03     0.12894E+03     0.36732E+00    -0.83113E-05    -0.58618E-04     0.18902E-02     0.23077E-02     0.43153E-02     0.11067E-02
     0.13042E+01     0.44363E-18     0.20135E-03     0.11256E+01     0.50070E+00     0.00000E+00    -0.13348E+00     0.12722E+02     0.10000E+02     0.12736E+02     0.12736E+03     0.12722E+03     0.36524E+00    -0.79711E-05    -0.57016E-04     0.19261E-02     0.23816E-02     0.44645E-02     0.11656E-02
     0.13194E+01     0.11517E-17     0.13147E-03     0.11220E+01     0.49394E+00     0.00000E+00    -0.13266E+00     0.12552E+02     0.10000E+02     0.12565E+02     0.12565E+03     0.12552E+03     0.36318E+00    -0.76813E-05    -0.55155E-04     0.19633E-02     0.24571E-02     0.46165E-02     0.12242E-02
     0.13345E+01     0.10181E-17     0.54416E-04     0.11183E+01     0.48719E+00     0.00000E+00    -0.13137E+00     0.12383E+02     0.10000E+02     0.12396E+02     0.12396E+03     0.12383E+03     0.36115E+00    -0.74181E-05    -0.53072E-04     0.20019E-02     0.25340E-02     0.47716E-02     0.12825E-02
     0.13495E+01     0.52042E-18    -0.31429E-04     0.11144E+01     0.48044E+00     0.00000E+00    -0.12958E+00     0.12217E+02     0.10000E+02     0.12230E+02     0.12230E+03     0.12217E+03     0.35915E+00    -0.72095E-05    -0.50757E-04     0.20416E-02     0.26126E-02     0.49302E-02     0.13405E-02
     0.13645E+01    -0.87874E-18    -0.12631E-03     0.11105E+01     0.47370E+00     0.00000E+00    -0.12724E+00     0.12052E+02     0.10000E+02     0.12064E+02     0.12064E+03     0.12052E+03     0.35720E+00    -0.70176E-05    -0.48315E-04     0.20823E-02     0.26927E-02     0.50925E-02     0.13984E-02
     0.13794E+01     0.17347E-18    -0.22911E-03     0.11064E+01     0.46696E+00     0.00000E+00    -0.12421E+00     0.11889E+02     0.10000E+02     0.11901E+02     0.11901E+03     0.11889E+03     0.35530E+00    -0.68590E-05    -0.45677E-04     0.21239E-02     0.27742E-02     0.52586E-02     0.14560E-02
     0.13942E+01     0.34410E-17    -0.33883E-03     0.11023E+01     0.46024E+00     0.00000E+00    -0.12040E+00     0.11727E+02     0.10000E+02     0.11739E+02     0.11739E+03     0.11727E+03     0.35346E+00    -0.67990E-05    -0.42859E-04     0.21662E-02     0.28566E-02     0.54286E-02     0.15134E-02
     0.14089E+01     0.15925E-18    -0.45410E-03     0.10981E+01     0.45353E+00     0.00000E+00    -0.11582E+00     0.11568E+02     0.10000E+02     0.11580E+02     0.11580E+03     0.11568E+03     0.35169E+00    -0.67882E-05    -0.39853E-04     0.22092E-02     0.29393E-02     0.56024E-02     0.15706E-02
     0.14235E+01     0.21243E-17    -0.57216E-03     0.10938E+01     0.44683E+00     0.00000E+00    -0.11057E+00     0.11410E+02     0.10000E+02     0.11421E+02     0.11421E+03     0.11410E+03     0.35001E+00    -0.68415E-05    -0.36706E-04     0.22527E-02     0.30222E-02     0.57797E-02     0.16276E-02
     0.14380E+01    -0.29746E-17    -0.68871E-03     0.10895E+01     0.44014E+00     0.00000E+00    -0.10477E+00     0.11255E+02     0.10000E+02     0.11265E+02     0.11265E+03     0.11255E+03     0.34843E+00    -0.69838E-05    -0.33492E-04     0.22965E-02     0.31058E-02     0.59603E-02     0.16844E-02
     0.14525E+01    -0.13252E-17    -0.79934E-03     0.10851E+01     0.43346E+00     0.00000E+00    -0.98506E-01     0.11101E+02     0.10000E+02     0.11111E+02     0.11111E+03     0.11101E+03     0.34694E+00    -0.71364E-05    -0.30044E-04     0.23405E-02     0.31903E-02     0.61442E-02     0.17409E-02
     0.14668E+01    -0.44989E-17    -0.90153E-03     0.10806E+01     0.42678E+00     0.00000E+00    -0.91801E-01     0.10949E+02     0.10000E+02     0.10958E+02     0.10958E+03     0.10949E+03     0.34555E+00    -0.72748E-05    -0.26436E-04     0.23846E-02     0.32758E-02     0.63310E-02     0.17969E-02
     0.14811E+01     0.68251E-19    -0.99475E-03     0.10761E+01     0.42012E+00     0.00000E+00    -0.84680E-01     0.10798E+02     0.10000E+02     0.10807E+02     0.10807E+03     0.10798E+03     0.34428E+00    -0.73878E-05    -0.22650E-04     0.24289E-02     0.33625E-02     0.65211E-02     0.18523E-02
     0.14952E+01    -0.70242E-18    -0.10784E-02     0.10715E+01     0.41347E+00     0.00000E+00    -0.77176E-01     0.10649E+02     0.10000E+02     0.10657E+02     0.10657E+03     0.10649E+03     0.34312E+00    -0.75604E-05    -0.18686E-04     0.24734E-02     0.34504E-02     0.67151E-02     0.19072E-02
     0.15093E+01     0.25139E-17    -0.11517E-02     0.10668E+01     0.40682E+00     0.00000E+00    -0.69343E-01     0.10502E+02     0.10000E+02     0.10509E+02     0.10509E+03     0.10502E+03     0.34209E+00    -0.78278E-05    -0.14544E-04     0.25179E-02     0.35388E-02     0.69143E-02     0.19615E-02
     0.15232E+01    -0.21954E-17    -0.12149E-02     0.10620E+01     0.40018E+00     0.00000E+00    -0.61105E-01     0.10357E+02     0.10000E+02     0.10363E+02     0.10363E+03     0.10357E+03     0.34117E+00    -0.81580E-05    -0.10274E-04     0.25622E-02     0.36268E-02     0.71198E-02     0.20154E-02
     0.15370E+01    -0.25879E-18    -0.12709E-02     0.10572E+01     0.39355E+00     0.00000E+00    -0.52305E-01     0.10213E+02     0.10000E+02     0.10218E+02     0.10218E+03     0.10213E+03     0.34038E+00    -0.84795E-05    -0.60219E-05     0.26063E-02     0.37139E-02     0.73319E-02     0.20687E-02
     0.15507E+01    -0.33216E-17    -0.13232E-02     0.10523E+01     0.38693E+00     0.00000E+00    -0.42827E-01     0.10071E+02     0.10000E+02     0.10075E+02     0.10075E+03     0.10071E+03     0.33973E+00    -0.88150E-05    -0.18125E-05     0.26499E-02     0.38006E-02     0.75507E-02     0.21213E-02
     0.15643E+01    -0.31282E-18    -0.13737E-02     0.10473E+01     0.38032E+00     0.00000E+00    -0.32601E-01     0.99305E+01     0.10000E+02     0.99338E+01     0.99338E+02     0.99305E+02     0.33922E+00    -0.92079E-05     0.23051E-05     0.26927E-02     0.38874E-02     0.77771E-02     0.21730E-02
     0.15778E+01    -0.44136E-17    -0.14228E-02     0.10423E+01     0.37372E+00     0.00000E+00    -0.21578E-01     0.97917E+01     0.10000E+02     0.97938E+01     0.97938E+02     0.97917E+02     0.33886E+00    -0.96070E-05     0.64369E-05     0.27343E-02     0.39742E-02     0.80124E-02     0.22237E-02
     0.15911E+01     0.11404E-17    -0.14703E-02     0.10371E+01     0.36713E+00     0.00000E+00    -0.96478E-02     0.96544E+01     0.10000E+02     0.96554E+01     0.96554E+02     0.96544E+02     0.33865E+00    -0.99771E-05     0.10545E-04     0.27743E-02     0.40603E-02     0.82585E-02     0.22736E-02
     0.16043E+01    -0.29291E-18    -0.15164E-02     0.10319E+01     0.36054E+00     0.00000E+00     0.33164E-02     0.95187E+01     0.10000E+02     0.95184E+01     0.95184E+02     0.95187E+02     0.33862E+00    -0.10251E-04     0.14631E-04     0.28124E-02     0.41453E-02     0.85184E-02     0.23227E-02
     0.16174E+01    -0.22352E-17    -0.15605E-02     0.10265E+01     0.35396E+00     0.00000E+00     0.17385E-01     0.93846E+01     0.10000E+02     0.93828E+01     0.93828E+02     0.93846E+02     0.33877E+00    -0.10436E-04     0.18542E-04     0.28478E-02     0.42287E-02     0.87951E-02     0.23712E-02
     0.16303E+01     0.94130E-18    -0.16009E-02     0.10210E+01     0.34739E+00     0.00000E+00     0.32572E-01     0.92519E+01     0.10000E+02     0.92487E+01     0.92487E+02     0.92519E+02     0.33910E+00    -0.10538E-04     0.22154E-04     0.28802E-02     0.43094E-02     0.90912E-02     0.24191E-02
     0.16431E+01     0.15072E-18    -0.16356E-02     0.10154E+01     0.34082E+00     0.00000E+00     0.48883E-01     0.91208E+01     0.10000E+02     0.91159E+01     0.91159E+02     0.91208E+02     0.33964E+00    -0.10584E-04     0.25511E-04     0.29089E-02     0.43868E-02     0.94086E-02     0.24664E-02
     0.16558E+01    -0.19622E-18    -0.16651E-02     0.10097E+01     0.33426E+00     0.00000E+00     0.66301E-01     0.89910E+01     0.10000E+02     0.89844E+01     0.89844E+02     0.89910E+02     0.34038E+00    -0.10567E-04     0.28625E-04     0.29334E-02     0.44606E-02     0.97481E-02     0.25127E-02
     0.16683E+01    -0.32476E-17    -0.16922E-02     0.10039E+01     0.32769E+00     0.00000E+00     0.84834E-01     0.88627E+01     0.10000E+02     0.88542E+01     0.88542E+02     0.88627E+02     0.34134E+00    -0.10480E-04     0.31426E-04     0.29532E-02     0.45304E-02     0.10110E-01     0.25580E-02
     0.16806E+01     0.60289E-18    -0.17198E-02     0.99791E+00     0.32113E+00     0.00000E+00     0.10459E+00     0.87357E+01     0.10000E+02     0.87252E+01     0.87252E+02     0.87357E+02     0.34253E+00    -0.10272E-04     0.33925E-04     0.29678E-02     0.45961E-02     0.10494E-01     0.26021E-02
     0.16928E+01     0.14788E-18    -0.17485E-02     0.99176E+00     0.31457E+00     0.00000E+00     0.12572E+00     0.86100E+01     0.10000E+02     0.85975E+01     0.85975E+02     0.86100E+02     0.34396E+00    -0.10076E-04     0.36158E-04     0.29766E-02     0.46572E-02     0.10904E-01     0.26448E-02
     0.17049E+01     0.15300E-17    -0.17773E-02     0.98545E+00     0.30801E+00     0.00000E+00     0.14838E+00     0.84857E+01     0.10000E+02     0.84708E+01     0.84708E+02     0.84857E+02     0.34563E+00    -0.98823E-05     0.38201E-04     0.29791E-02     0.47132E-02     0.11340E-01     0.26859E-02
     0.17167E+01     0.43652E-18    -0.18045E-02     0.97895E+00     0.30144E+00     0.00000E+00     0.17269E+00     0.83626E+01     0.10000E+02     0.83453E+01     0.83453E+02     0.83626E+02     0.34756E+00    -0.96800E-05     0.39991E-04     0.29744E-02     0.47635E-02     0.11807E-01     0.27254E-02
     0.17285E+01    -0.76783E-18    -0.18287E-02     0.97222E+00     0.29487E+00     0.00000E+00     0.19876E+00     0.82407E+01     0.10000E+02     0.82208E+01     0.82208E+02     0.82407E+02     0.34976E+00    -0.94897E-05     0.41597E-04     0.29622E-02     0.48074E-02     0.12309E-01     0.27631E-02
     0.17400E+01     0.13067E-17    -0.18479E-02     0.96526E+00     0.28830E+00     0.00000E+00     0.22665E+00     0.81200E+01     0.10000E+02     0.80974E+01     0.80974E+02     0.81200E+02     0.35224E+00    -0.93393E-05     0.43109E-04     0.29415E-02     0.48448E-02     0.12849E-01     0.27989E-02
     0.17514E+01    -0.12356E-17    -0.18600E-02     0.95801E+00     0.28171E+00     0.00000E+00     0.25636E+00     0.80005E+01     0.10000E+02     0.79748E+01     0.79748E+02     0.80005E+02     0.35502E+00    -0.92197E-05     0.44399E-04     0.29120E-02     0.48755E-02     0.13431E-01     0.28327E-02
     0.17626E+01    -0.26163E-18    -0.18623E-02     0.95045E+00     0.27512E+00     0.00000E+00     0.28789E+00     0.78820E+01     0.10000E+02     0.78532E+01     0.78532E+02     0.78820E+02     0.35810E+00    -0.91037E-05     0.45423E-04     0.28727E-02     0.48997E-02     0.14057E-01     0.28643E-02
     0.17737E+01    -0.89296E-18    -0.18518E-02     0.94254E+00     0.26850E+00     0.00000E+00     0.32113E+00     0.77645E+01     0.10000E+02     0.77324E+01     0.77324E+02     0.77645E+02     0.36149E+00    -0.89756E-05     0.46154E-04     0.28232E-02     0.49174E-02     0.14732E-01     0.28931E-02
     0.17845E+01    -0.64270E-18    -0.18269E-02     0.93420E+00     0.26187E+00     0.00000E+00     0.35586E+00     0.76479E+01     0.10000E+02     0.76123E+01     0.76123E+02     0.76479E+02     0.36519E+00    -0.88132E-05     0.46571E-04     0.27629E-02     0.49294E-02     0.15458E-01     0.29184E-02
     0.17952E+01     0.47776E-18    -0.17888E-02     0.92537E+00     0.25521E+00     0.00000E+00     0.39169E+00     0.75321E+01     0.10000E+02     0.74929E+01     0.74929E+02     0.75321E+02     0.36921E+00    -0.86567E-05     0.46773E-04     0.26913E-02     0.49360E-02     0.16236E-01     0.29396E-02
     0.18057E+01    -0.51189E-18    -0.17399E-02     0.91596E+00     0.24851E+00     0.00000E+00     0.42814E+00     0.74170E+01     0.10000E+02     0.73742E+01     0.73742E+02     0.74170E+02     0.37354E+00    -0.84901E-05     0.46784E-04     0.26082E-02     0.49370E-02     0.17069E-01     0.29562E-02
     0.18160E+01     0.43795E-18    -0.16838E-02     0.90588E+00     0.24177E+00     0.00000E+00     0.46471E+00     0.73025E+01     0.10000E+02     0.72560E+01     0.72560E+02     0.73025E+02     0.37817E+00    -0.83475E-05     0.46676E-04     0.25133E-02     0.49313E-02     0.17959E-01     0.29675E-02
     0.18261E+01     0.83892E-18    -0.16250E-02     0.89501E+00     0.23498E+00     0.00000E+00     0.50088E+00     0.71884E+01     0.10000E+02     0.71383E+01     0.71383E+02     0.71884E+02     0.38307E+00    -0.82608E-05     0.46438E-04     0.24068E-02     0.49176E-02     0.18907E-01     0.29729E-02
     0.18360E+01     0.96690E-19    -0.15688E-02     0.88323E+00     0.22813E+00     0.00000E+00     0.53603E+00     0.70747E+01     0.10000E+02     0.70211E+01     0.70211E+02     0.70747E+02     0.38824E+00    -0.82222E-05     0.46015E-04     0.22889E-02     0.48944E-02     0.19911E-01     0.29712E-02
     0.18457E+01    -0.55170E-18    -0.15191E-02     0.87040E+00     0.22121E+00     0.00000E+00     0.56943E+00     0.69612E+01     0.10000E+02     0.69043E+01     0.69043E+02     0.69612E+02     0.39364E+00    -0.81448E-05     0.45401E-04     0.21603E-02     0.48604E-02     0.20966E-01     0.29613E-02
     0.18552E+01     0.10806E-18    -0.14777E-02     0.85635E+00     0.21422E+00     0.00000E+00     0.60017E+00     0.68478E+01     0.10000E+02     0.67878E+01     0.67878E+02     0.68478E+02     0.39923E+00    -0.80251E-05     0.44509E-04     0.20217E-02     0.48142E-02     0.22064E-01     0.29415E-02
     0.18645E+01     0.58298E-18    -0.14435E-02     0.84087E+00     0.20713E+00     0.00000E+00     0.62724E+00     0.67344E+01     0.10000E+02     0.66716E+01     0.66716E+02     0.67344E+02     0.40497E+00    -0.78127E-05     0.43357E-04     0.18745E-02     0.47539E-02     0.23193E-01     0.29101E-02
     0.18736E+01     0.46638E-18    -0.14137E-02     0.82376E+00     0.19995E+00     0.00000E+00     0.64949E+00     0.66208E+01     0.10000E+02     0.65558E+01     0.65558E+02     0.66208E+02     0.41080E+00    -0.75221E-05     0.41865E-04     0.17201E-02     0.46773E-02     0.24333E-01     0.28653E-02
     0.18825E+01    -0.67683E-18    -0.13848E-02     0.80474E+00     0.19266E+00     0.00000E+00     0.66566E+00     0.65069E+01     0.10000E+02     0.64403E+01     0.64403E+02     0.65069E+02     0.41667E+00    -0.71384E-05     0.40039E-04     0.15603E-02     0.45817E-02     0.25457E-01     0.28050E-02
     0.18912E+01    -0.28154E-18    -0.13536E-02     0.78356E+00     0.18524E+00     0.00000E+00     0.67437E+00     0.63925E+01     0.10000E+02     0.63251E+01     0.63251E+02     0.63925E+02     0.42250E+00    -0.66861E-05     0.37949E-04     0.13971E-02     0.44646E-02     0.26522E-01     0.27267E-02
     0.18996E+01     0.55170E-18    -0.13173E-02     0.75989E+00     0.17769E+00     0.00000E+00     0.67402E+00     0.62776E+01     0.10000E+02     0.62102E+01     0.62102E+02     0.62776E+02     0.42822E+00    -0.61760E-05     0.35617E-04     0.12329E-02     0.43239E-02     0.27474E-01     0.26276E-02
     0.19078E+01     0.56165E-18    -0.12744E-02     0.73339E+00     0.16999E+00     0.00000E+00     0.66265E+00     0.61620E+01     0.10000E+02     0.60957E+01     0.60957E+02     0.61620E+02     0.43374E+00    -0.56131E-05     0.33110E-04     0.10702E-02     0.41580E-02     0.28245E-01     0.25049E-02
     0.19158E+01     0.32704E-19    -0.12243E-02     0.70371E+00     0.16211E+00     0.00000E+00     0.63782E+00     0.60454E+01     0.10000E+02     0.59816E+01     0.59816E+02     0.60454E+02     0.43896E+00    -0.50491E-05     0.30422E-04     0.91175E-03     0.39662E-02     0.28753E-01     0.23555E-02
     0.19236E+01    -0.13650E-18    -0.11667E-02     0.67047E+00     0.15403E+00     0.00000E+00     0.59636E+00     0.59277E+01     0.10000E+02     0.58680E+01     0.58680E+02     0.59277E+02     0.44378E+00    -0.44884E-05     0.27536E-04     0.76016E-03     0.37489E-02     0.28898E-01     0.21774E-02
     0.19311E+01     0.29860E-19    -0.11014E-02     0.63333E+00     0.14573E+00     0.00000E+00     0.53404E+00     0.58084E+01     0.10000E+02     0.57550E+01     0.57550E+02     0.58084E+02     0.44806E+00    -0.39310E-05     0.24475E-04     0.61811E-03     0.35072E-02     0.28571E-01     0.19694E-02
     0.19384E+01     0.27016E-19    -0.10285E-02     0.59200E+00     0.13716E+00     0.00000E+00     0.44511E+00     0.56872E+01     0.10000E+02     0.56427E+01     0.56427E+02     0.56872E+02     0.45166E+00    -0.33656E-05     0.21295E-04     0.48805E-03     0.32426E-02     0.27660E-01     0.17325E-02
     0.19455E+01     0.46212E-19    -0.94805E-03     0.54632E+00     0.12826E+00     0.00000E+00     0.32170E+00     0.55634E+01     0.10000E+02     0.55312E+01     0.55312E+02     0.55634E+02     0.45439E+00    -0.27972E-05     0.18098E-04     0.37207E-03     0.29566E-02     0.26061E-01     0.14710E-02
     0.19523E+01     0.68607E-19    -0.86042E-03     0.49630E+00     0.11896E+00     0.00000E+00     0.15312E+00     0.54362E+01     0.10000E+02     0.54209E+01     0.54209E+02     0.54362E+02     0.45603E+00    -0.22574E-05     0.14968E-04     0.27176E-03     0.26505E-02     0.23712E-01     0.11936E-02
     0.19589E+01    -0.60431E-19    -0.76614E-03     0.44223E+00     0.10916E+00     0.00000E+00    -0.74833E-01     0.53045E+01     0.10000E+02     0.53120E+01     0.53120E+02     0.53045E+02     0.45630E+00    -0.17585E-05     0.12010E-04     0.18812E-03     0.23253E-02     0.20630E-01     0.91347E-03
     0.19652E+01    -0.27905E-19    -0.66610E-03     0.38471E+00     0.98713E-01     0.00000E+00    -0.38042E+00     0.51670E+01     0.10000E+02     0.52050E+01     0.52050E+02     0.51670E+02     0.45488E+00    -0.13326E-05     0.93010E-05     0.12145E-03     0.19814E-02     0.16944E-01     0.64810E-03
     0.19713E+01    -0.11553E-19    -0.56174E-03     0.32464E+00     0.87467E-01     0.00000E+00    -0.78641E+00     0.50220E+01     0.10000E+02     0.51007E+01     0.51007E+02     0.50220E+02     0.45136E+00    -0.98225E-06     0.69312E-05     0.71374E-04     0.16200E-02     0.12923E-01     0.41620E-03
     0.19771E+01     0.51100E-19    -0.45500E-03     0.26319E+00     0.75215E-01     0.00000E+00    -0.13202E+01     0.48677E+01     0.10000E+02     0.49997E+01     0.49997E+02     0.48677E+02     0.44526E+00    -0.71009E-06     0.49435E-05     0.36704E-04     0.12452E-02     0.89460E-02     0.23363E-03
     0.19826E+01     0.39813E-19    -0.34814E-03     0.20162E+00     0.61711E-01     0.00000E+00    -0.20141E+01     0.47019E+01     0.10000E+02     0.49033E+01     0.49033E+02     0.47019E+02     0.43603E+00    -0.50643E-06     0.34753E-05     0.15414E-04     0.86774E-03     0.54297E-02     0.10837E-03
     0.19879E+01     0.53255E-19    -0.24330E-03     0.14114E+00     0.46666E-01     0.00000E+00    -0.29032E+01     0.45225E+01     0.10000E+02     0.48128E+01     0.48128E+02     0.45225E+02     0.42310E+00    -0.37746E-06     0.20873E-05     0.45992E-05     0.51044E-03     0.27056E-02     0.37351E-04
     0.19929E+01    -0.44101E-19    -0.14221E-03     0.82670E-01     0.29738E-01     0.00000E+00    -0.40251E+01     0.43272E+01     0.10000E+02     0.47297E+01     0.47297E+02     0.43272E+02     0.40610E+00    -0.27500E-06     0.21050E-05     0.68362E-06     0.21157E-03     0.93311E-03     0.73318E-05
     0.19977E+01     0.00000E+00    -0.46048E-04     0.26831E-01     0.10554E-01     0.00000E+00    -0.53855E+01     0.41138E+01     0.10000E+02     0.46524E+01     0.46524E+02     0.41138E+02     0.38468E+00    -0.20780E-06     0.17656E-05     0.98428E-08     0.27001E-04     0.98441E-04     0.23660E-06
