     0.20039E-02     0.19342E-06    -0.21016E-04     0.80078E-08     0.00000E+00     0.00000E+00    -0.24567E-07     0.18228E-04     0.40399E-05     0.20239E-03    -0.77068E-05     0.47383E-05     0.69845E-06
     0.61156E-02     0.13255E-05    -0.11682E-04     0.15799E-06     0.00000E+00     0.00000E+00     0.47355E-07     0.48957E-05     0.66791E-05     0.15604E-03    -0.59488E-05     0.11218E-04     0.45387E-05
     0.10434E-01     0.28705E-05    -0.62420E-05     0.52351E-06     0.00000E+00     0.00000E+00     0.14817E-06    -0.43103E-07     0.58513E-05     0.11818E-03    -0.44458E-05     0.15562E-04     0.97108E-05
     0.14956E-01     0.45091E-05    -0.38346E-05     0.10568E-05     0.00000E+00     0.00000E+00     0.33810E-06    -0.10009E-05     0.40092E-05     0.93522E-04    -0.35583E-05     0.19174E-04     0.15164E-04
     0.19680E-01     0.61457E-05    -0.26028E-05     0.17202E-05     0.00000E+00     0.00000E+00     0.58733E-06    -0.79710E-06     0.20722E-05     0.76918E-04    -0.29818E-05     0.22664E-04     0.20592E-04
     0.24604E-01     0.77832E-05    -0.20160E-05     0.25264E-05     0.00000E+00     0.00000E+00     0.89257E-06    -0.27080E-06     0.31309E-06     0.66896E-04    -0.26599E-05     0.26321E-04     0.26008E-04
     0.29725E-01     0.94604E-05    -0.17368E-05     0.35249E-05     0.00000E+00     0.00000E+00     0.12511E-05     0.23346E-06    -0.12714E-05     0.60979E-04    -0.24922E-05     0.30272E-04     0.31544E-04
     0.35041E-01     0.11225E-04    -0.16260E-05     0.47811E-05     0.00000E+00     0.00000E+00     0.16680E-05     0.62191E-06    -0.27731E-05     0.57771E-04    -0.24277E-05     0.34586E-04     0.37359E-04
     0.40551E-01     0.13123E-04    -0.16067E-05     0.63595E-05     0.00000E+00     0.00000E+00     0.21454E-05     0.89189E-06    -0.42972E-05     0.56154E-04    -0.24267E-05     0.39305E-04     0.43602E-04
     0.46252E-01     0.15193E-04    -0.16416E-05     0.83164E-05     0.00000E+00     0.00000E+00     0.26810E-05     0.10666E-05    -0.59342E-05     0.55448E-04    -0.24662E-05     0.44468E-04     0.50402E-04
     0.52141E-01     0.17467E-04    -0.17103E-05     0.10697E-04     0.00000E+00     0.00000E+00     0.32673E-05     0.11738E-05    -0.77521E-05     0.55215E-04    -0.25314E-05     0.50113E-04     0.57865E-04
     0.58216E-01     0.19972E-04    -0.18024E-05     0.13536E-04     0.00000E+00     0.00000E+00     0.38916E-05     0.12358E-05    -0.97985E-05     0.55197E-04    -0.26130E-05     0.56279E-04     0.66078E-04
     0.64476E-01     0.22732E-04    -0.19123E-05     0.16857E-04     0.00000E+00     0.00000E+00     0.45382E-05     0.12693E-05    -0.12105E-04     0.55246E-04    -0.27059E-05     0.63011E-04     0.75116E-04
     0.70917E-01     0.25767E-04    -0.20366E-05     0.20677E-04     0.00000E+00     0.00000E+00     0.51911E-05     0.12842E-05    -0.14689E-04     0.55282E-04    -0.28075E-05     0.70353E-04     0.85043E-04
     0.77539E-01     0.29095E-04    -0.21732E-05     0.25006E-04     0.00000E+00     0.00000E+00     0.58329E-05     0.12865E-05    -0.17560E-04     0.55260E-04    -0.29172E-05     0.78355E-04     0.95916E-04
     0.84338E-01     0.32732E-04    -0.23206E-05     0.29843E-04     0.00000E+00     0.00000E+00     0.64445E-05     0.12812E-05    -0.20721E-04     0.55159E-04    -0.30348E-05     0.87065E-04     0.10779E-03
     0.91312E-01     0.36693E-04    -0.24775E-05     0.35186E-04     0.00000E+00     0.00000E+00     0.70105E-05     0.12717E-05    -0.24166E-04     0.54972E-04    -0.31608E-05     0.96536E-04     0.12070E-03
     0.98459E-01     0.40993E-04    -0.26423E-05     0.41023E-04     0.00000E+00     0.00000E+00     0.75205E-05     0.12588E-05    -0.27889E-04     0.54698E-04    -0.32956E-05     0.10682E-03     0.13471E-03
     0.10578E+00     0.45646E-04    -0.28135E-05     0.47337E-04     0.00000E+00     0.00000E+00     0.79676E-05     0.12430E-05    -0.31878E-04     0.54335E-04    -0.34394E-05     0.11797E-03     0.14985E-03
     0.11326E+00     0.50664E-04    -0.29898E-05     0.54105E-04     0.00000E+00     0.00000E+00     0.83462E-05     0.12252E-05    -0.36119E-04     0.53882E-04    -0.35930E-05     0.13003E-03     0.16615E-03
     0.12092E+00     0.56060E-04    -0.31697E-05     0.61301E-04     0.00000E+00     0.00000E+00     0.86509E-05     0.12061E-05    -0.40596E-04     0.53343E-04    -0.37590E-05     0.14307E-03     0.18367E-03
     0.12873E+00     0.61846E-04    -0.33524E-05     0.68894E-04     0.00000E+00     0.00000E+00     0.88752E-05     0.11879E-05    -0.45290E-04     0.52728E-04    -0.39393E-05     0.15713E-03     0.20242E-03
     0.13671E+00     0.68032E-04    -0.35369E-05     0.76850E-04     0.00000E+00     0.00000E+00     0.90173E-05     0.11725E-05    -0.50180E-04     0.52051E-04    -0.41329E-05     0.17227E-03     0.22245E-03
     0.14485E+00     0.74630E-04    -0.37227E-05     0.85133E-04     0.00000E+00     0.00000E+00     0.90832E-05     0.11601E-05    -0.55248E-04     0.51326E-04    -0.43361E-05     0.18854E-03     0.24379E-03
     0.15315E+00     0.81652E-04    -0.39097E-05     0.93708E-04     0.00000E+00     0.00000E+00     0.90847E-05     0.11518E-05    -0.60477E-04     0.50568E-04    -0.45450E-05     0.20598E-03     0.26646E-03
     0.16160E+00     0.89112E-04    -0.40977E-05     0.10254E-03     0.00000E+00     0.00000E+00     0.90414E-05     0.11445E-05    -0.65852E-04     0.49790E-04    -0.47571E-05     0.22466E-03     0.29052E-03
     0.17021E+00     0.97022E-04    -0.42864E-05     0.11159E-03     0.00000E+00     0.00000E+00     0.89632E-05     0.11372E-05    -0.71358E-04     0.48991E-04    -0.49729E-05     0.24463E-03     0.31599E-03
     0.17896E+00     0.10540E-03    -0.44750E-05     0.12083E-03     0.00000E+00     0.00000E+00     0.88547E-05     0.11328E-05    -0.76979E-04     0.48170E-04    -0.51946E-05     0.26593E-03     0.34291E-03
     0.18787E+00     0.11424E-03    -0.46619E-05     0.13023E-03     0.00000E+00     0.00000E+00     0.87277E-05     0.11291E-05    -0.82703E-04     0.47328E-04    -0.54221E-05     0.28862E-03     0.37133E-03
     0.19692E+00     0.12358E-03    -0.48470E-05     0.13975E-03     0.00000E+00     0.00000E+00     0.85884E-05     0.11273E-05    -0.88516E-04     0.46469E-04    -0.56516E-05     0.31275E-03     0.40127E-03
     0.20611E+00     0.13343E-03    -0.50308E-05     0.14937E-03     0.00000E+00     0.00000E+00     0.84424E-05     0.11308E-05    -0.94404E-04     0.45598E-04    -0.58789E-05     0.33836E-03     0.43277E-03
     0.21545E+00     0.14379E-03    -0.52124E-05     0.15907E-03     0.00000E+00     0.00000E+00     0.82970E-05     0.11401E-05    -0.10036E-03     0.44719E-04    -0.61049E-05     0.36552E-03     0.46589E-03
     0.22493E+00     0.15468E-03    -0.53921E-05     0.16882E-03     0.00000E+00     0.00000E+00     0.81654E-05     0.11536E-05    -0.10638E-03     0.43833E-04    -0.63340E-05     0.39428E-03     0.50066E-03
     0.23454E+00     0.16614E-03    -0.55707E-05     0.17862E-03     0.00000E+00     0.00000E+00     0.80691E-05     0.11670E-05    -0.11246E-03     0.42939E-04    -0.65677E-05     0.42468E-03     0.53715E-03
     0.24429E+00     0.17817E-03    -0.57481E-05     0.18844E-03     0.00000E+00     0.00000E+00     0.80232E-05     0.11808E-05    -0.11861E-03     0.42036E-04    -0.68036E-05     0.45679E-03     0.57540E-03
     0.25418E+00     0.19079E-03    -0.59244E-05     0.19826E-03     0.00000E+00     0.00000E+00     0.80424E-05     0.11960E-05    -0.12481E-03     0.41122E-04    -0.70386E-05     0.49065E-03     0.61548E-03
     0.26419E+00     0.20402E-03    -0.60982E-05     0.20808E-03     0.00000E+00     0.00000E+00     0.81476E-05     0.12059E-05    -0.13109E-03     0.40184E-04    -0.72705E-05     0.52633E-03     0.65743E-03
     0.27434E+00     0.21789E-03    -0.62701E-05     0.21789E-03     0.00000E+00     0.00000E+00     0.83482E-05     0.12111E-05    -0.13742E-03     0.39212E-04    -0.74987E-05     0.56388E-03     0.70131E-03
     0.28460E+00     0.23241E-03    -0.64404E-05     0.22766E-03     0.00000E+00     0.00000E+00     0.86282E-05     0.12163E-05    -0.14379E-03     0.38201E-04    -0.77258E-05     0.60335E-03     0.74716E-03
     0.29500E+00     0.24759E-03    -0.66089E-05     0.23740E-03     0.00000E+00     0.00000E+00     0.89804E-05     0.12205E-05    -0.15021E-03     0.37156E-04    -0.79547E-05     0.64480E-03     0.79503E-03
     0.30551E+00     0.26345E-03    -0.67769E-05     0.24709E-03     0.00000E+00     0.00000E+00     0.93910E-05     0.12316E-05    -0.15666E-03     0.36092E-04    -0.81852E-05     0.68828E-03     0.84495E-03
     0.31615E+00     0.28002E-03    -0.69441E-05     0.25674E-03     0.00000E+00     0.00000E+00     0.98458E-05     0.12523E-05    -0.16313E-03     0.35007E-04    -0.84185E-05     0.73384E-03     0.89698E-03
     0.32690E+00     0.29730E-03    -0.71096E-05     0.26632E-03     0.00000E+00     0.00000E+00     0.10364E-04     0.12736E-05    -0.16964E-03     0.33887E-04    -0.86559E-05     0.78153E-03     0.95118E-03
     0.33777E+00     0.31534E-03    -0.72750E-05     0.27586E-03     0.00000E+00     0.00000E+00     0.10979E-04     0.12866E-05    -0.17619E-03     0.32726E-04    -0.88943E-05     0.83140E-03     0.10076E-02
     0.34875E+00     0.33414E-03    -0.74417E-05     0.28534E-03     0.00000E+00     0.00000E+00     0.11691E-04     0.12985E-05    -0.18279E-03     0.31531E-04    -0.91321E-05     0.88351E-03     0.10663E-02
     0.35985E+00     0.35373E-03    -0.76098E-05     0.29478E-03     0.00000E+00     0.00000E+00     0.12477E-04     0.13161E-05    -0.18943E-03     0.30293E-04    -0.93742E-05     0.93792E-03     0.11274E-02
     0.37105E+00     0.37412E-03    -0.77772E-05     0.30418E-03     0.00000E+00     0.00000E+00     0.13339E-04     0.13331E-05    -0.19612E-03     0.28991E-04    -0.96261E-05     0.99466E-03     0.11908E-02
     0.38236E+00     0.39535E-03    -0.79431E-05     0.31352E-03     0.00000E+00     0.00000E+00     0.14295E-04     0.13374E-05    -0.20288E-03     0.27607E-04    -0.98881E-05     0.10538E-02     0.12567E-02
     0.39377E+00     0.41742E-03    -0.81092E-05     0.32283E-03     0.00000E+00     0.00000E+00     0.15319E-04     0.13436E-05    -0.20968E-03     0.26166E-04    -0.10156E-04     0.11153E-02     0.13250E-02
     0.40528E+00     0.44035E-03    -0.82788E-05     0.33211E-03     0.00000E+00     0.00000E+00     0.16362E-04     0.13628E-05    -0.21653E-03     0.24720E-04    -0.10428E-04     0.11794E-02     0.13959E-02
     0.41690E+00     0.46417E-03    -0.84557E-05     0.34138E-03     0.00000E+00     0.00000E+00     0.17444E-04     0.13934E-05    -0.22343E-03     0.23295E-04    -0.10706E-04     0.12459E-02     0.14694E-02
     0.42861E+00     0.48890E-03    -0.86383E-05     0.35064E-03     0.00000E+00     0.00000E+00     0.18617E-04     0.14248E-05    -0.23040E-03     0.21851E-04    -0.10986E-04     0.13150E-02     0.15455E-02
     0.44042E+00     0.51458E-03    -0.88239E-05     0.35989E-03     0.00000E+00     0.00000E+00     0.19917E-04     0.14420E-05    -0.23747E-03     0.20341E-04    -0.11270E-04     0.13868E-02     0.16243E-02
     0.45232E+00     0.54122E-03    -0.90132E-05     0.36914E-03     0.00000E+00     0.00000E+00     0.21351E-04     0.14530E-05    -0.24466E-03     0.18743E-04    -0.11558E-04     0.14612E-02     0.17059E-02
     0.46431E+00     0.56885E-03    -0.92040E-05     0.37840E-03     0.00000E+00     0.00000E+00     0.22903E-04     0.14594E-05    -0.25196E-03     0.17044E-04    -0.11848E-04     0.15383E-02     0.17903E-02
     0.47639E+00     0.59748E-03    -0.93991E-05     0.38767E-03     0.00000E+00     0.00000E+00     0.24540E-04     0.14693E-05    -0.25936E-03     0.15251E-04    -0.12140E-04     0.16181E-02     0.18775E-02
     0.48855E+00     0.62712E-03    -0.95998E-05     0.39697E-03     0.00000E+00     0.00000E+00     0.26259E-04     0.14750E-05    -0.26687E-03     0.13392E-04    -0.12439E-04     0.17008E-02     0.19677E-02
     0.50081E+00     0.65780E-03    -0.98080E-05     0.40631E-03     0.00000E+00     0.00000E+00     0.28069E-04     0.14824E-05    -0.27449E-03     0.11500E-04    -0.12743E-04     0.17862E-02     0.20607E-02
     0.51314E+00     0.68952E-03    -0.10025E-04     0.41570E-03     0.00000E+00     0.00000E+00     0.29950E-04     0.14974E-05    -0.28221E-03     0.96056E-05    -0.13046E-04     0.18744E-02     0.21567E-02
     0.52555E+00     0.72231E-03    -0.10250E-04     0.42515E-03     0.00000E+00     0.00000E+00     0.31906E-04     0.15147E-05    -0.29004E-03     0.77067E-05    -0.13344E-04     0.19655E-02     0.22556E-02
     0.53804E+00     0.75620E-03    -0.10483E-04     0.43467E-03     0.00000E+00     0.00000E+00     0.33926E-04     0.15338E-05    -0.29799E-03     0.57779E-05    -0.13638E-04     0.20595E-02     0.23575E-02
     0.55061E+00     0.79119E-03    -0.10724E-04     0.44426E-03     0.00000E+00     0.00000E+00     0.35982E-04     0.15524E-05    -0.30609E-03     0.38245E-05    -0.13927E-04     0.21564E-02     0.24626E-02
     0.56325E+00     0.82731E-03    -0.10979E-04     0.45396E-03     0.00000E+00     0.00000E+00     0.38078E-04     0.15719E-05    -0.31433E-03     0.18790E-05    -0.14215E-04     0.22563E-02     0.25707E-02
     0.57596E+00     0.86459E-03    -0.11247E-04     0.46377E-03     0.00000E+00     0.00000E+00     0.40239E-04     0.15973E-05    -0.32275E-03    -0.48182E-07    -0.14503E-04     0.23591E-02     0.26819E-02
     0.58874E+00     0.90304E-03    -0.11530E-04     0.47374E-03     0.00000E+00     0.00000E+00     0.42527E-04     0.16135E-05    -0.33135E-03    -0.19749E-05    -0.14796E-04     0.24650E-02     0.27964E-02
     0.60158E+00     0.94269E-03    -0.11827E-04     0.48387E-03     0.00000E+00     0.00000E+00     0.44967E-04     0.16287E-05    -0.34015E-03    -0.39238E-05    -0.15095E-04     0.25739E-02     0.29141E-02
     0.61449E+00     0.98356E-03    -0.12137E-04     0.49418E-03     0.00000E+00     0.00000E+00     0.47516E-04     0.16557E-05    -0.34916E-03    -0.59362E-05    -0.15400E-04     0.26858E-02     0.30350E-02
     0.62747E+00     0.10257E-02    -0.12458E-04     0.50470E-03     0.00000E+00     0.00000E+00     0.50173E-04     0.16873E-05    -0.35841E-03    -0.80557E-05    -0.15715E-04     0.28008E-02     0.31592E-02
     0.64050E+00     0.10690E-02    -0.12792E-04     0.51547E-03     0.00000E+00     0.00000E+00     0.52936E-04     0.17217E-05    -0.36793E-03    -0.10317E-04    -0.16040E-04     0.29189E-02     0.32868E-02
     0.65359E+00     0.11137E-02    -0.13140E-04     0.52651E-03     0.00000E+00     0.00000E+00     0.55803E-04     0.17491E-05    -0.37778E-03    -0.12765E-04    -0.16374E-04     0.30400E-02     0.34179E-02
     0.66673E+00     0.11597E-02    -0.13503E-04     0.53787E-03     0.00000E+00     0.00000E+00     0.58818E-04     0.17641E-05    -0.38800E-03    -0.15447E-04    -0.16719E-04     0.31643E-02     0.35524E-02
     0.67993E+00     0.12070E-02    -0.13878E-04     0.54957E-03     0.00000E+00     0.00000E+00     0.62039E-04     0.17656E-05    -0.39863E-03    -0.18418E-04    -0.17071E-04     0.32917E-02     0.36903E-02
     0.69318E+00     0.12557E-02    -0.14262E-04     0.56164E-03     0.00000E+00     0.00000E+00     0.65490E-04     0.17579E-05    -0.40969E-03    -0.21730E-04    -0.17423E-04     0.34220E-02     0.38318E-02
     0.70648E+00     0.13057E-02    -0.14658E-04     0.57412E-03     0.00000E+00     0.00000E+00     0.69173E-04     0.17418E-05    -0.42120E-03    -0.25358E-04    -0.17779E-04     0.35554E-02     0.39767E-02
     0.71982E+00     0.13570E-02    -0.15076E-04     0.58705E-03     0.00000E+00     0.00000E+00     0.73085E-04     0.17005E-05    -0.43319E-03    -0.29234E-04    -0.18147E-04     0.36917E-02     0.41250E-02
     0.73321E+00     0.14097E-02    -0.15518E-04     0.60046E-03     0.00000E+00     0.00000E+00     0.77116E-04     0.16234E-05    -0.44563E-03    -0.33328E-04    -0.18533E-04     0.38308E-02     0.42765E-02
     0.74665E+00     0.14636E-02    -0.15977E-04     0.61435E-03     0.00000E+00     0.00000E+00     0.81064E-04     0.15234E-05    -0.45850E-03    -0.37641E-04    -0.18939E-04     0.39726E-02     0.44312E-02
     0.76012E+00     0.15187E-02    -0.16452E-04     0.62873E-03     0.00000E+00     0.00000E+00     0.84839E-04     0.14258E-05    -0.47172E-03    -0.42113E-04    -0.19366E-04     0.41169E-02     0.45887E-02
     0.77363E+00     0.15749E-02    -0.16947E-04     0.64362E-03     0.00000E+00     0.00000E+00     0.88467E-04     0.13475E-05    -0.48523E-03    -0.46651E-04    -0.19812E-04     0.42636E-02     0.47489E-02
     0.78717E+00     0.16322E-02    -0.17465E-04     0.65905E-03     0.00000E+00     0.00000E+00     0.91983E-04     0.12753E-05    -0.49903E-03    -0.51214E-04    -0.20270E-04     0.44124E-02     0.49115E-02
     0.80075E+00     0.16906E-02    -0.18005E-04     0.67502E-03     0.00000E+00     0.00000E+00     0.95406E-04     0.11998E-05    -0.51312E-03    -0.55812E-04    -0.20728E-04     0.45632E-02     0.50764E-02
     0.81436E+00     0.17499E-02    -0.18568E-04     0.69155E-03     0.00000E+00     0.00000E+00     0.98709E-04     0.11090E-05    -0.52752E-03    -0.60457E-04    -0.21185E-04     0.47158E-02     0.52434E-02
     0.82800E+00     0.18101E-02    -0.19156E-04     0.70864E-03     0.00000E+00     0.00000E+00     0.10183E-03     0.10000E-05    -0.54222E-03    -0.65143E-04    -0.21645E-04     0.48699E-02     0.54122E-02
     0.84166E+00     0.18711E-02    -0.19768E-04     0.72632E-03     0.00000E+00     0.00000E+00     0.10470E-03     0.88418E-06    -0.55721E-03    -0.69856E-04    -0.22109E-04     0.50252E-02     0.55825E-02
     0.85535E+00     0.19328E-02    -0.20403E-04     0.74457E-03     0.00000E+00     0.00000E+00     0.10725E-03     0.74873E-06    -0.57248E-03    -0.74604E-04    -0.22578E-04     0.51817E-02     0.57542E-02
     0.86906E+00     0.19952E-02    -0.21061E-04     0.76338E-03     0.00000E+00     0.00000E+00     0.10943E-03     0.58878E-06    -0.58800E-03    -0.79357E-04    -0.23056E-04     0.53388E-02     0.59269E-02
     0.88279E+00     0.20580E-02    -0.21744E-04     0.78276E-03     0.00000E+00     0.00000E+00     0.11121E-03     0.42524E-06    -0.60371E-03    -0.84032E-04    -0.23546E-04     0.54963E-02     0.61001E-02
     0.89654E+00     0.21213E-02    -0.22456E-04     0.80270E-03     0.00000E+00     0.00000E+00     0.11256E-03     0.26607E-06    -0.61954E-03    -0.88525E-04    -0.24045E-04     0.56540E-02     0.62736E-02
     0.91031E+00     0.21848E-02    -0.23199E-04     0.82320E-03     0.00000E+00     0.00000E+00     0.11346E-03     0.11807E-06    -0.63545E-03    -0.92758E-04    -0.24553E-04     0.58114E-02     0.64469E-02
     0.92408E+00     0.22485E-02    -0.23976E-04     0.84424E-03     0.00000E+00     0.00000E+00     0.11386E-03    -0.18049E-07    -0.65143E-03    -0.96697E-04    -0.25068E-04     0.59682E-02     0.66198E-02
     0.93787E+00     0.23122E-02    -0.24788E-04     0.86581E-03     0.00000E+00     0.00000E+00     0.11382E-03    -0.12833E-06    -0.66747E-03    -0.10033E-03    -0.25587E-04     0.61242E-02     0.67918E-02
     0.95167E+00     0.23758E-02    -0.25639E-04     0.88789E-03     0.00000E+00     0.00000E+00     0.11346E-03    -0.24258E-06    -0.68360E-03    -0.10366E-03    -0.26110E-04     0.62790E-02     0.69627E-02
     0.96547E+00     0.24393E-02    -0.26529E-04     0.91047E-03     0.00000E+00     0.00000E+00     0.11270E-03    -0.39756E-06    -0.69983E-03    -0.10673E-03    -0.26632E-04     0.64323E-02     0.71323E-02
     0.97928E+00     0.25026E-02    -0.27459E-04     0.93349E-03     0.00000E+00     0.00000E+00     0.11143E-03    -0.56816E-06    -0.71612E-03    -0.10948E-03    -0.27147E-04     0.65839E-02     0.73002E-02
     0.99309E+00     0.25654E-02    -0.28418E-04     0.95693E-03     0.00000E+00     0.00000E+00     0.10952E-03    -0.77087E-06    -0.73242E-03    -0.11192E-03    -0.27663E-04     0.67334E-02     0.74660E-02
     0.10069E+01     0.26277E-02    -0.29403E-04     0.98076E-03     0.00000E+00     0.00000E+00     0.10675E-03    -0.94944E-06    -0.74862E-03    -0.11397E-03    -0.28192E-04     0.68805E-02     0.76292E-02
     0.10207E+01     0.26893E-02    -0.30424E-04     0.10050E-02     0.00000E+00     0.00000E+00     0.10309E-03    -0.10763E-05    -0.76463E-03    -0.11546E-03    -0.28745E-04     0.70249E-02     0.77896E-02
     0.10345E+01     0.27502E-02    -0.31490E-04     0.10296E-02     0.00000E+00     0.00000E+00     0.98635E-04    -0.11458E-05    -0.78039E-03    -0.11632E-03    -0.29322E-04     0.71664E-02     0.79469E-02
     0.10483E+01     0.28102E-02    -0.32606E-04     0.10545E-02     0.00000E+00     0.00000E+00     0.93467E-04    -0.11725E-05    -0.79594E-03    -0.11659E-03    -0.29925E-04     0.73048E-02     0.81009E-02
     0.10621E+01     0.28693E-02    -0.33771E-04     0.10798E-02     0.00000E+00     0.00000E+00     0.87704E-04    -0.11529E-05    -0.81138E-03    -0.11635E-03    -0.30566E-04     0.74400E-02     0.82515E-02
     0.10759E+01     0.29276E-02    -0.34988E-04     0.11055E-02     0.00000E+00     0.00000E+00     0.81818E-04    -0.10944E-05    -0.82687E-03    -0.11575E-03    -0.31251E-04     0.75717E-02     0.83988E-02
     0.10897E+01     0.29851E-02    -0.36256E-04     0.11315E-02     0.00000E+00     0.00000E+00     0.76315E-04    -0.10867E-05    -0.84258E-03    -0.11503E-03    -0.31976E-04     0.77001E-02     0.85428E-02
     0.11035E+01     0.30417E-02    -0.37567E-04     0.11579E-02     0.00000E+00     0.00000E+00     0.71231E-04    -0.11640E-05    -0.85864E-03    -0.11438E-03    -0.32750E-04     0.78248E-02     0.86836E-02
     0.11172E+01     0.30974E-02    -0.38914E-04     0.11845E-02     0.00000E+00     0.00000E+00     0.66277E-04    -0.12941E-05    -0.87501E-03    -0.11382E-03    -0.33575E-04     0.79458E-02     0.88209E-02
     0.11309E+01     0.31522E-02    -0.40299E-04     0.12114E-02     0.00000E+00     0.00000E+00     0.61226E-04    -0.14207E-05    -0.89158E-03    -0.11324E-03    -0.34432E-04     0.80629E-02     0.89547E-02
     0.11447E+01     0.32058E-02    -0.41739E-04     0.12386E-02     0.00000E+00     0.00000E+00     0.55995E-04    -0.15264E-05    -0.90827E-03    -0.11245E-03    -0.35296E-04     0.81760E-02     0.90845E-02
     0.11583E+01     0.32583E-02    -0.43250E-04     0.12661E-02     0.00000E+00     0.00000E+00     0.50551E-04    -0.15877E-05    -0.92503E-03    -0.11136E-03    -0.36150E-04     0.82850E-02     0.92102E-02
     0.11720E+01     0.33096E-02    -0.44826E-04     0.12939E-02     0.00000E+00     0.00000E+00     0.45062E-04    -0.16225E-05    -0.94190E-03    -0.11010E-03    -0.36983E-04     0.83896E-02     0.93317E-02
     0.11856E+01     0.33597E-02    -0.46458E-04     0.13219E-02     0.00000E+00     0.00000E+00     0.39767E-04    -0.17057E-05    -0.95897E-03    -0.10885E-03    -0.37783E-04     0.84897E-02     0.94489E-02
     0.11993E+01     0.34085E-02    -0.48130E-04     0.13501E-02     0.00000E+00     0.00000E+00     0.34474E-04    -0.19228E-05    -0.97625E-03    -0.10773E-03    -0.38543E-04     0.85852E-02     0.95617E-02
     0.12128E+01     0.34558E-02    -0.49836E-04     0.13784E-02     0.00000E+00     0.00000E+00     0.28464E-04    -0.21642E-05    -0.99352E-03    -0.10658E-03    -0.39274E-04     0.86759E-02     0.96697E-02
     0.12264E+01     0.35015E-02    -0.51596E-04     0.14068E-02     0.00000E+00     0.00000E+00     0.21389E-04    -0.22475E-05    -0.10106E-02    -0.10510E-03    -0.40013E-04     0.87617E-02     0.97724E-02
     0.12399E+01     0.35456E-02    -0.53427E-04     0.14354E-02     0.00000E+00     0.00000E+00     0.13702E-04    -0.21463E-05    -0.10274E-02    -0.10319E-03    -0.40799E-04     0.88424E-02     0.98700E-02
     0.12534E+01     0.35881E-02    -0.55330E-04     0.14642E-02     0.00000E+00     0.00000E+00     0.63499E-05    -0.19706E-05    -0.10442E-02    -0.10115E-03    -0.41622E-04     0.89181E-02     0.99624E-02
     0.12668E+01     0.36291E-02    -0.57302E-04     0.14932E-02     0.00000E+00     0.00000E+00     0.21081E-06    -0.18883E-05    -0.10613E-02    -0.99450E-04    -0.42436E-04     0.89886E-02     0.10050E-01
     0.12802E+01     0.36687E-02    -0.59305E-04     0.15222E-02     0.00000E+00     0.00000E+00    -0.46625E-05    -0.20625E-05    -0.10790E-02    -0.98477E-04    -0.43237E-04     0.90542E-02     0.10133E-01
     0.12935E+01     0.37068E-02    -0.61308E-04     0.15509E-02     0.00000E+00     0.00000E+00    -0.92394E-05    -0.23884E-05    -0.10970E-02    -0.98248E-04    -0.44040E-04     0.91145E-02     0.10212E-01
     0.13068E+01     0.37432E-02    -0.63337E-04     0.15795E-02     0.00000E+00     0.00000E+00    -0.14399E-04    -0.26522E-05    -0.11151E-02    -0.98241E-04    -0.44845E-04     0.91695E-02     0.10285E-01
     0.13201E+01     0.37777E-02    -0.65417E-04     0.16080E-02     0.00000E+00     0.00000E+00    -0.20348E-04    -0.28919E-05    -0.11328E-02    -0.98007E-04    -0.45652E-04     0.92190E-02     0.10352E-01
     0.13333E+01     0.38101E-02    -0.67538E-04     0.16364E-02     0.00000E+00     0.00000E+00    -0.27220E-04    -0.30630E-05    -0.11502E-02    -0.97355E-04    -0.46469E-04     0.92629E-02     0.10413E-01
     0.13464E+01     0.38405E-02    -0.69726E-04     0.16648E-02     0.00000E+00     0.00000E+00    -0.34726E-04    -0.30313E-05    -0.11671E-02    -0.96056E-04    -0.47303E-04     0.93010E-02     0.10468E-01
     0.13595E+01     0.38688E-02    -0.72028E-04     0.16933E-02     0.00000E+00     0.00000E+00    -0.42266E-04    -0.29395E-05    -0.11836E-02    -0.94033E-04    -0.48149E-04     0.93333E-02     0.10517E-01
     0.13725E+01     0.38951E-02    -0.74449E-04     0.17219E-02     0.00000E+00     0.00000E+00    -0.49837E-04    -0.29305E-05    -0.12000E-02    -0.91485E-04    -0.48984E-04     0.93598E-02     0.10560E-01
     0.13855E+01     0.39194E-02    -0.76972E-04     0.17505E-02     0.00000E+00     0.00000E+00    -0.57682E-04    -0.29492E-05    -0.12163E-02    -0.88612E-04    -0.49817E-04     0.93806E-02     0.10597E-01
     0.13984E+01     0.39417E-02    -0.79577E-04     0.17791E-02     0.00000E+00     0.00000E+00    -0.65641E-04    -0.29685E-05    -0.12327E-02    -0.85563E-04    -0.50674E-04     0.93957E-02     0.10629E-01
     0.14113E+01     0.39621E-02    -0.82261E-04     0.18077E-02     0.00000E+00     0.00000E+00    -0.73365E-04    -0.29572E-05    -0.12491E-02    -0.82414E-04    -0.51556E-04     0.94051E-02     0.10654E-01
     0.14240E+01     0.39806E-02    -0.85058E-04     0.18363E-02     0.00000E+00     0.00000E+00    -0.80718E-04    -0.28868E-05    -0.12655E-02    -0.79086E-04    -0.52461E-04     0.94089E-02     0.10675E-01
     0.14368E+01     0.39972E-02    -0.87981E-04     0.18651E-02     0.00000E+00     0.00000E+00    -0.87911E-04    -0.28153E-05    -0.12822E-02    -0.75655E-04    -0.53402E-04     0.94073E-02     0.10690E-01
     0.14494E+01     0.40120E-02    -0.91008E-04     0.18937E-02     0.00000E+00     0.00000E+00    -0.94702E-04    -0.28064E-05    -0.12990E-02    -0.72360E-04    -0.54376E-04     0.94004E-02     0.10700E-01
     0.14620E+01     0.40251E-02    -0.94117E-04     0.19222E-02     0.00000E+00     0.00000E+00    -0.10063E-03    -0.28026E-05    -0.13162E-02    -0.69498E-04    -0.55333E-04     0.93883E-02     0.10705E-01
     0.14744E+01     0.40365E-02    -0.97286E-04     0.19504E-02     0.00000E+00     0.00000E+00    -0.10560E-03    -0.27213E-05    -0.13336E-02    -0.67353E-04    -0.56228E-04     0.93710E-02     0.10705E-01
     0.14869E+01     0.40462E-02    -0.10050E-03     0.19783E-02     0.00000E+00     0.00000E+00    -0.10939E-03    -0.26887E-05    -0.13515E-02    -0.66205E-04    -0.57074E-04     0.93488E-02     0.10701E-01
     0.14992E+01     0.40543E-02    -0.10369E-03     0.20060E-02     0.00000E+00     0.00000E+00    -0.11241E-03    -0.28566E-05    -0.13697E-02    -0.66206E-04    -0.57901E-04     0.93217E-02     0.10692E-01
     0.15114E+01     0.40607E-02    -0.10696E-03     0.20335E-02     0.00000E+00     0.00000E+00    -0.11504E-03    -0.29911E-05    -0.13883E-02    -0.66962E-04    -0.58708E-04     0.92897E-02     0.10678E-01
     0.15236E+01     0.40654E-02    -0.11035E-03     0.20610E-02     0.00000E+00     0.00000E+00    -0.11710E-03    -0.31884E-05    -0.14071E-02    -0.68094E-04    -0.59472E-04     0.92528E-02     0.10660E-01
     0.15357E+01     0.40683E-02    -0.11385E-03     0.20884E-02     0.00000E+00     0.00000E+00    -0.11860E-03    -0.35346E-05    -0.14262E-02    -0.69525E-04    -0.60196E-04     0.92108E-02     0.10637E-01
     0.15477E+01     0.40693E-02    -0.11744E-03     0.21155E-02     0.00000E+00     0.00000E+00    -0.12006E-03    -0.40763E-05    -0.14454E-02    -0.71050E-04    -0.60900E-04     0.91634E-02     0.10609E-01
     0.15596E+01     0.40681E-02    -0.12114E-03     0.21422E-02     0.00000E+00     0.00000E+00    -0.12196E-03    -0.46422E-05    -0.14644E-02    -0.72449E-04    -0.61592E-04     0.91103E-02     0.10575E-01
     0.15714E+01     0.40645E-02    -0.12492E-03     0.21683E-02     0.00000E+00     0.00000E+00    -0.12419E-03    -0.51469E-05    -0.14830E-02    -0.73650E-04    -0.62267E-04     0.90514E-02     0.10535E-01
     0.15831E+01     0.40583E-02    -0.12876E-03     0.21936E-02     0.00000E+00     0.00000E+00    -0.12680E-03    -0.55525E-05    -0.15010E-02    -0.74721E-04    -0.62919E-04     0.89862E-02     0.10488E-01
     0.15947E+01     0.40493E-02    -0.13262E-03     0.22182E-02     0.00000E+00     0.00000E+00    -0.12971E-03    -0.58394E-05    -0.15183E-02    -0.75866E-04    -0.63517E-04     0.89147E-02     0.10433E-01
     0.16062E+01     0.40374E-02    -0.13648E-03     0.22421E-02     0.00000E+00     0.00000E+00    -0.13289E-03    -0.61611E-05    -0.15347E-02    -0.77059E-04    -0.64010E-04     0.88367E-02     0.10372E-01
     0.16176E+01     0.40227E-02    -0.14041E-03     0.22654E-02     0.00000E+00     0.00000E+00    -0.13687E-03    -0.63901E-05    -0.15503E-02    -0.77791E-04    -0.64390E-04     0.87522E-02     0.10303E-01
     0.16290E+01     0.40050E-02    -0.14451E-03     0.22886E-02     0.00000E+00     0.00000E+00    -0.14137E-03    -0.64329E-05    -0.15650E-02    -0.77719E-04    -0.64716E-04     0.86612E-02     0.10226E-01
     0.16402E+01     0.39844E-02    -0.14885E-03     0.23116E-02     0.00000E+00     0.00000E+00    -0.14568E-03    -0.64783E-05    -0.15791E-02    -0.76898E-04    -0.65024E-04     0.85637E-02     0.10143E-01
     0.16512E+01     0.39610E-02    -0.15336E-03     0.23340E-02     0.00000E+00     0.00000E+00    -0.14952E-03    -0.66053E-05    -0.15927E-02    -0.75819E-04    -0.65347E-04     0.84597E-02     0.10053E-01
     0.16622E+01     0.39349E-02    -0.15787E-03     0.23553E-02     0.00000E+00     0.00000E+00    -0.15255E-03    -0.70216E-05    -0.16061E-02    -0.75100E-04    -0.65712E-04     0.83493E-02     0.99556E-02
     0.16731E+01     0.39058E-02    -0.16240E-03     0.23755E-02     0.00000E+00     0.00000E+00    -0.15522E-03    -0.75756E-05    -0.16189E-02    -0.74490E-04    -0.66123E-04     0.82324E-02     0.98516E-02
     0.16839E+01     0.38738E-02    -0.16704E-03     0.23950E-02     0.00000E+00     0.00000E+00    -0.15799E-03    -0.80584E-05    -0.16308E-02    -0.73382E-04    -0.66592E-04     0.81093E-02     0.97403E-02
     0.16945E+01     0.38387E-02    -0.17182E-03     0.24136E-02     0.00000E+00     0.00000E+00    -0.16122E-03    -0.84158E-05    -0.16415E-02    -0.71448E-04    -0.67098E-04     0.79799E-02     0.96217E-02
     0.17050E+01     0.38005E-02    -0.17675E-03     0.24313E-02     0.00000E+00     0.00000E+00    -0.16528E-03    -0.83573E-05    -0.16510E-02    -0.68760E-04    -0.67615E-04     0.78444E-02     0.94957E-02
     0.17154E+01     0.37594E-02    -0.18179E-03     0.24481E-02     0.00000E+00     0.00000E+00    -0.16975E-03    -0.81971E-05    -0.16594E-02    -0.65787E-04    -0.68145E-04     0.77030E-02     0.93627E-02
     0.17257E+01     0.37155E-02    -0.18694E-03     0.24638E-02     0.00000E+00     0.00000E+00    -0.17391E-03    -0.81637E-05    -0.16671E-02    -0.63008E-04    -0.68613E-04     0.75558E-02     0.92232E-02
     0.17358E+01     0.36689E-02    -0.19206E-03     0.24780E-02     0.00000E+00     0.00000E+00    -0.17719E-03    -0.84863E-05    -0.16743E-02    -0.60952E-04    -0.68924E-04     0.74031E-02     0.90777E-02
     0.17458E+01     0.36197E-02    -0.19711E-03     0.24905E-02     0.00000E+00     0.00000E+00    -0.17988E-03    -0.91616E-05    -0.16809E-02    -0.59613E-04    -0.69096E-04     0.72451E-02     0.89262E-02
     0.17557E+01     0.35678E-02    -0.20221E-03     0.25013E-02     0.00000E+00     0.00000E+00    -0.18298E-03    -0.97821E-05    -0.16863E-02    -0.58170E-04    -0.69202E-04     0.70820E-02     0.87686E-02
     0.17655E+01     0.35131E-02    -0.20748E-03     0.25105E-02     0.00000E+00     0.00000E+00    -0.18653E-03    -0.10027E-04    -0.16903E-02    -0.56097E-04    -0.69284E-04     0.69141E-02     0.86046E-02
     0.17751E+01     0.34556E-02    -0.21281E-03     0.25179E-02     0.00000E+00     0.00000E+00    -0.18941E-03    -0.10243E-04    -0.16930E-02    -0.53733E-04    -0.69343E-04     0.67414E-02     0.84346E-02
     0.17845E+01     0.33955E-02    -0.21806E-03     0.25229E-02     0.00000E+00     0.00000E+00    -0.19091E-03    -0.10781E-04    -0.16945E-02    -0.51533E-04    -0.69334E-04     0.65641E-02     0.82588E-02
     0.17939E+01     0.33327E-02    -0.22326E-03     0.25254E-02     0.00000E+00     0.00000E+00    -0.19108E-03    -0.11577E-04    -0.16945E-02    -0.49399E-04    -0.69219E-04     0.63825E-02     0.80772E-02
     0.18031E+01     0.32671E-02    -0.22841E-03     0.25249E-02     0.00000E+00     0.00000E+00    -0.19004E-03    -0.12397E-04    -0.16930E-02    -0.47018E-04    -0.68993E-04     0.61965E-02     0.78897E-02
     0.18121E+01     0.31988E-02    -0.23342E-03     0.25210E-02     0.00000E+00     0.00000E+00    -0.18727E-03    -0.13367E-04    -0.16896E-02    -0.44323E-04    -0.68636E-04     0.60063E-02     0.76961E-02
     0.18210E+01     0.31275E-02    -0.23827E-03     0.25129E-02     0.00000E+00     0.00000E+00    -0.18266E-03    -0.14638E-04    -0.16841E-02    -0.41111E-04    -0.68194E-04     0.58121E-02     0.74963E-02
     0.18298E+01     0.30532E-02    -0.24307E-03     0.25003E-02     0.00000E+00     0.00000E+00    -0.17677E-03    -0.15920E-04    -0.16760E-02    -0.36867E-04    -0.67769E-04     0.56139E-02     0.72901E-02
     0.18384E+01     0.29757E-02    -0.24781E-03     0.24826E-02     0.00000E+00     0.00000E+00    -0.16962E-03    -0.17198E-04    -0.16652E-02    -0.31372E-04    -0.67409E-04     0.54118E-02     0.70772E-02
     0.18468E+01     0.28949E-02    -0.25229E-03     0.24590E-02     0.00000E+00     0.00000E+00    -0.16068E-03    -0.18678E-04    -0.16514E-02    -0.24822E-04    -0.67084E-04     0.52059E-02     0.68574E-02
     0.18551E+01     0.28108E-02    -0.25646E-03     0.24290E-02     0.00000E+00     0.00000E+00    -0.14975E-03    -0.20405E-04    -0.16342E-02    -0.17167E-04    -0.66742E-04     0.49963E-02     0.66307E-02
     0.18633E+01     0.27231E-02    -0.26028E-03     0.23922E-02     0.00000E+00     0.00000E+00    -0.13679E-03    -0.22464E-04    -0.16135E-02    -0.79925E-05    -0.66355E-04     0.47832E-02     0.63968E-02
     0.18713E+01     0.26317E-02    -0.26369E-03     0.23480E-02     0.00000E+00     0.00000E+00    -0.12135E-03    -0.25063E-04    -0.15886E-02     0.32432E-05    -0.65914E-04     0.45666E-02     0.61553E-02
     0.18791E+01     0.25364E-02    -0.26668E-03     0.22956E-02     0.00000E+00     0.00000E+00    -0.10318E-03    -0.28095E-04    -0.15592E-02     0.17294E-04    -0.65434E-04     0.43467E-02     0.59060E-02
     0.18867E+01     0.24368E-02    -0.26930E-03     0.22345E-02     0.00000E+00     0.00000E+00    -0.82368E-04    -0.31310E-04    -0.15245E-02     0.34987E-04    -0.64908E-04     0.41235E-02     0.56481E-02
     0.18942E+01     0.23327E-02    -0.27150E-03     0.21639E-02     0.00000E+00     0.00000E+00    -0.58941E-04    -0.34652E-04    -0.14841E-02     0.56938E-04    -0.64273E-04     0.38972E-02     0.53814E-02
     0.19015E+01     0.22240E-02    -0.27316E-03     0.20829E-02     0.00000E+00     0.00000E+00    -0.32663E-04    -0.38267E-04    -0.14374E-02     0.83681E-04    -0.63478E-04     0.36680E-02     0.51055E-02
     0.19087E+01     0.21104E-02    -0.27426E-03     0.19911E-02     0.00000E+00     0.00000E+00    -0.38794E-05    -0.41950E-04    -0.13838E-02     0.11592E-03    -0.62541E-04     0.34362E-02     0.48201E-02
     0.19157E+01     0.19917E-02    -0.27483E-03     0.18881E-02     0.00000E+00     0.00000E+00     0.26668E-04    -0.45427E-04    -0.13230E-02     0.15440E-03    -0.61517E-04     0.32022E-02     0.45253E-02
     0.19225E+01     0.18681E-02    -0.27484E-03     0.17738E-02     0.00000E+00     0.00000E+00     0.58702E-04    -0.48806E-04    -0.12547E-02     0.19972E-03    -0.60458E-04     0.29666E-02     0.42213E-02
     0.19291E+01     0.17396E-02    -0.27426E-03     0.16485E-02     0.00000E+00     0.00000E+00     0.91988E-04    -0.52239E-04    -0.11786E-02     0.25252E-03    -0.59400E-04     0.27299E-02     0.39086E-02
     0.19355E+01     0.16064E-02    -0.27313E-03     0.15128E-02     0.00000E+00     0.00000E+00     0.12602E-03    -0.55838E-04    -0.10946E-02     0.31361E-03    -0.58363E-04     0.24931E-02     0.35877E-02
     0.19418E+01     0.14686E-02    -0.27151E-03     0.13677E-02     0.00000E+00     0.00000E+00     0.16017E-03    -0.59740E-04    -0.10023E-02     0.38419E-03    -0.57379E-04     0.22572E-02     0.32594E-02
     0.19479E+01     0.13264E-02    -0.26963E-03     0.12145E-02     0.00000E+00     0.00000E+00     0.19307E-03    -0.63699E-04    -0.90119E-03     0.46603E-03    -0.56518E-04     0.20234E-02     0.29246E-02
     0.19537E+01     0.11802E-02    -0.26806E-03     0.10549E-02     0.00000E+00     0.00000E+00     0.22252E-03    -0.67179E-04    -0.79078E-03     0.56155E-03    -0.55864E-04     0.17933E-02     0.25841E-02
     0.19594E+01     0.10304E-02    -0.26788E-03     0.89102E-03     0.00000E+00     0.00000E+00     0.24571E-03    -0.69058E-04    -0.67043E-03     0.67387E-03    -0.55505E-04     0.15689E-02     0.22393E-02
     0.19650E+01     0.87762E-03    -0.27124E-03     0.72550E-03     0.00000E+00     0.00000E+00     0.25858E-03    -0.66321E-04    -0.53981E-03     0.80669E-03    -0.55555E-04     0.13522E-02     0.18921E-02
     0.19703E+01     0.72314E-03    -0.28181E-03     0.56209E-03     0.00000E+00     0.00000E+00     0.25578E-03    -0.52988E-04    -0.39964E-03     0.96313E-03    -0.56159E-04     0.11458E-02     0.15454E-02
     0.19754E+01     0.56917E-03    -0.30540E-03     0.40614E-03     0.00000E+00     0.00000E+00     0.23238E-03    -0.20001E-04    -0.25300E-03     0.11444E-02    -0.57501E-04     0.95168E-03     0.12047E-02
     0.19803E+01     0.41948E-03    -0.34936E-03     0.26503E-03     0.00000E+00     0.00000E+00     0.18587E-03     0.43888E-04    -0.10713E-03     0.13453E-02    -0.59698E-04     0.77117E-03     0.87831E-03
     0.19850E+01     0.27982E-03    -0.42394E-03     0.14788E-03     0.00000E+00     0.00000E+00     0.12253E-03     0.14838E-03     0.24916E-04     0.15560E-02    -0.62969E-04     0.60366E-03     0.57875E-03
     0.19896E+01     0.15796E-03    -0.53697E-03     0.63401E-04     0.00000E+00     0.00000E+00     0.57017E-04     0.29974E-03     0.12288E-03     0.17551E-02    -0.67042E-04     0.44502E-03     0.32213E-03
     0.19939E+01     0.63387E-04    -0.71636E-03     0.16023E-04     0.00000E+00     0.00000E+00     0.18047E-04     0.53068E-03     0.15917E-03     0.19083E-02    -0.73011E-04     0.28634E-03     0.12717E-03
     0.19980E+01     0.79482E-05    -0.97427E-03     0.66725E-06     0.00000E+00     0.00000E+00    -0.98062E-05     0.82448E-03     0.90459E-04     0.20549E-02    -0.77947E-04     0.10609E-03     0.15630E-04
