     0.23093E-02     0.71166E-03     0.80794E+00     0.34927E-01     0.11487E+00     0.53518E-10     0.11487E+01     0.34927E+00     0.10395E-22     0.24856E-03     0.80384E-03    -0.16730E-24     0.24856E-04     0.30623E+02     0.99510E+00     0.10000E+02     0.30055E+02
     0.70633E-02     0.17940E-02     0.47553E+00     0.87234E-01     0.13024E+00     0.53518E-10     0.13024E+01     0.87234E+00    -0.18873E-22     0.15650E-02     0.22953E-02    -0.13238E-24     0.15650E-03     0.30265E+02     0.98777E+00     0.10000E+02     0.29952E+02
     0.12087E-01     0.25778E-02     0.33476E+00     0.12452E+00     0.14529E+00     0.53518E-10     0.14529E+01     0.12452E+01    -0.47175E-23     0.32099E-02     0.36757E-02    -0.73375E-25     0.32099E-03     0.30016E+02     0.98265E+00     0.10000E+02     0.29852E+02
     0.17376E-01     0.31975E-02     0.31949E+00     0.15369E+00     0.16127E+00     0.53518E-10     0.16127E+01     0.15369E+01    -0.12647E-23     0.49141E-02     0.50585E-02     0.55827E-26     0.49141E-03     0.29831E+02     0.97880E+00     0.10000E+02     0.29748E+02
     0.22928E-01     0.37350E-02     0.35199E+00     0.17879E+00     0.17791E+00     0.53518E-10     0.17791E+01     0.17879E+01    -0.29141E-23     0.66778E-02     0.65182E-02     0.50200E-25     0.66778E-03     0.29680E+02     0.97566E+00     0.10000E+02     0.29640E+02
     0.28739E-01     0.42388E-02     0.39687E+00     0.20216E+00     0.19517E+00     0.53518E-10     0.19517E+01     0.20216E+01     0.14989E-22     0.85692E-02     0.81155E-02    -0.19370E-25     0.85692E-03     0.29547E+02     0.97288E+00     0.10000E+02     0.29531E+02
     0.34807E-01     0.47355E-02     0.44574E+00     0.22507E+00     0.21299E+00     0.53518E-10     0.21299E+01     0.22507E+01    -0.81910E-23     0.10658E-01     0.98953E-02    -0.22794E-24     0.10658E-02     0.29423E+02     0.97027E+00     0.10000E+02     0.29420E+02
     0.41127E-01     0.52387E-02     0.49749E+00     0.24814E+00     0.23137E+00     0.53518E-10     0.23137E+01     0.24814E+01    -0.17304E-22     0.12999E-01     0.11892E-01     0.24486E-25     0.12999E-02     0.29302E+02     0.96773E+00     0.10000E+02     0.29307E+02
     0.47696E-01     0.57543E-02     0.55170E+00     0.27164E+00     0.25030E+00     0.53518E-10     0.25030E+01     0.27164E+01    -0.62815E-23     0.15631E-01     0.14132E-01     0.10586E-24     0.15631E-02     0.29182E+02     0.96520E+00     0.10000E+02     0.29192E+02
     0.54512E-01     0.62843E-02     0.60773E+00     0.29565E+00     0.26978E+00     0.53518E-10     0.26978E+01     0.29565E+01    -0.43969E-23     0.18579E-01     0.16635E-01     0.18567E-24     0.18579E-02     0.29061E+02     0.96264E+00     0.10000E+02     0.29075E+02
     0.61570E-01     0.68287E-02     0.66468E+00     0.32016E+00     0.28979E+00     0.53518E-10     0.28979E+01     0.32016E+01     0.24967E-23     0.21862E-01     0.19417E-01    -0.11117E-24     0.21862E-02     0.28940E+02     0.96005E+00     0.10000E+02     0.28956E+02
     0.68868E-01     0.73865E-02     0.72158E+00     0.34510E+00     0.31030E+00     0.53518E-10     0.31030E+01     0.34510E+01    -0.39543E-23     0.25490E-01     0.22494E-01     0.19581E-24     0.25490E-02     0.28816E+02     0.95742E+00     0.10000E+02     0.28835E+02
     0.76401E-01     0.79564E-02     0.77757E+00     0.37041E+00     0.33129E+00     0.53518E-10     0.33129E+01     0.37041E+01    -0.79730E-23     0.29470E-01     0.25874E-01     0.20531E-25     0.29470E-02     0.28691E+02     0.95473E+00     0.10000E+02     0.28712E+02
     0.84168E-01     0.85370E-02     0.83188E+00     0.39602E+00     0.35272E+00     0.53518E-10     0.35272E+01     0.39602E+01     0.10977E-22     0.33806E-01     0.29568E-01     0.26694E-24     0.33806E-02     0.28563E+02     0.95200E+00     0.10000E+02     0.28587E+02
     0.92164E-01     0.91269E-02     0.88396E+00     0.42184E+00     0.37456E+00     0.53518E-10     0.37456E+01     0.42184E+01    -0.70436E-23     0.38499E-01     0.33581E-01    -0.21099E-24     0.38499E-02     0.28434E+02     0.94922E+00     0.10000E+02     0.28459E+02
     0.10039E+00     0.97249E-02     0.93342E+00     0.44781E+00     0.39676E+00     0.53518E-10     0.39676E+01     0.44781E+01     0.30093E-23     0.43547E-01     0.37920E-01     0.66629E-25     0.43547E-02     0.28303E+02     0.94639E+00     0.10000E+02     0.28329E+02
     0.10883E+00     0.10330E-01     0.97997E+00     0.47388E+00     0.41928E+00     0.53518E-10     0.41928E+01     0.47388E+01    -0.11084E-24     0.48948E-01     0.42587E-01    -0.24222E-24     0.48948E-02     0.28170E+02     0.94350E+00     0.10000E+02     0.28197E+02
     0.11749E+00     0.10940E-01     0.10234E+01     0.49998E+00     0.44207E+00     0.53518E-10     0.44207E+01     0.49998E+01     0.57958E-23     0.54697E-01     0.47583E-01     0.15301E-24     0.54697E-02     0.28036E+02     0.94057E+00     0.10000E+02     0.28063E+02
     0.12637E+00     0.11556E-01     0.10637E+01     0.52606E+00     0.46510E+00     0.53518E-10     0.46510E+01     0.52606E+01    -0.41248E-23     0.60787E-01     0.52909E-01     0.16841E-25     0.60787E-02     0.27899E+02     0.93758E+00     0.10000E+02     0.27927E+02
     0.13547E+00     0.12175E-01     0.11007E+01     0.55208E+00     0.48832E+00     0.53518E-10     0.48832E+01     0.55208E+01     0.28333E-23     0.67211E-01     0.58562E-01     0.11635E-24     0.67211E-02     0.27761E+02     0.93454E+00     0.10000E+02     0.27789E+02
     0.14477E+00     0.12798E-01     0.11346E+01     0.57799E+00     0.51168E+00     0.53518E-10     0.51168E+01     0.57799E+01    -0.33981E-23     0.73963E-01     0.64541E-01    -0.24588E-24     0.73963E-02     0.27621E+02     0.93145E+00     0.10000E+02     0.27648E+02
     0.15428E+00     0.13423E-01     0.11654E+01     0.60376E+00     0.53515E+00     0.53518E-10     0.53515E+01     0.60376E+01     0.10937E-23     0.81033E-01     0.70840E-01    -0.69461E-25     0.81033E-02     0.27479E+02     0.92832E+00     0.10000E+02     0.27506E+02
     0.16399E+00     0.14050E-01     0.11931E+01     0.62936E+00     0.55868E+00     0.53518E-10     0.55868E+01     0.62936E+01     0.21409E-23     0.88413E-01     0.77455E-01     0.25595E-24     0.88413E-02     0.27335E+02     0.92512E+00     0.10000E+02     0.27362E+02
     0.17390E+00     0.14678E-01     0.12180E+01     0.65476E+00     0.58225E+00     0.53518E-10     0.58225E+01     0.65476E+01    -0.44752E-23     0.96093E-01     0.84381E-01     0.46477E-25     0.96093E-02     0.27190E+02     0.92188E+00     0.10000E+02     0.27216E+02
     0.18401E+00     0.15307E-01     0.12402E+01     0.67995E+00     0.60581E+00     0.53518E-10     0.60581E+01     0.67995E+01     0.58773E-24     0.10407E+00     0.91612E-01     0.22825E-24     0.10407E-01     0.27042E+02     0.91859E+00     0.10000E+02     0.27068E+02
     0.19431E+00     0.15937E-01     0.12599E+01     0.70490E+00     0.62934E+00     0.53518E-10     0.62934E+01     0.70490E+01    -0.14714E-23     0.11233E+00     0.99142E-01    -0.94737E-25     0.11233E-01     0.26894E+02     0.91524E+00     0.10000E+02     0.26918E+02
     0.20480E+00     0.16568E-01     0.12773E+01     0.72961E+00     0.65281E+00     0.53518E-10     0.65281E+01     0.72961E+01    -0.12857E-22     0.12086E+00     0.10697E+00     0.58414E-25     0.12086E-01     0.26743E+02     0.91184E+00     0.10000E+02     0.26767E+02
     0.21547E+00     0.17199E-01     0.12925E+01     0.75407E+00     0.67619E+00     0.53518E-10     0.67619E+01     0.75407E+01     0.32320E-23     0.12967E+00     0.11508E+00    -0.21703E-24     0.12967E-01     0.26591E+02     0.90839E+00     0.10000E+02     0.26614E+02
     0.22633E+00     0.17831E-01     0.13057E+01     0.77825E+00     0.69946E+00     0.53518E-10     0.69946E+01     0.77825E+01     0.32821E-23     0.13874E+00     0.12347E+00     0.15028E-24     0.13874E-01     0.26437E+02     0.90489E+00     0.10000E+02     0.26459E+02
     0.23737E+00     0.18462E-01     0.13170E+01     0.80215E+00     0.72259E+00     0.53518E-10     0.72259E+01     0.80215E+01    -0.68427E-23     0.14807E+00     0.13213E+00     0.19768E-24     0.14807E-01     0.26282E+02     0.90133E+00     0.10000E+02     0.26303E+02
     0.24859E+00     0.19094E-01     0.13264E+01     0.82577E+00     0.74556E+00     0.53518E-10     0.74556E+01     0.82577E+01    -0.46547E-23     0.15764E+00     0.14106E+00    -0.20110E-24     0.15764E-01     0.26125E+02     0.89772E+00     0.10000E+02     0.26145E+02
     0.25997E+00     0.19725E-01     0.13341E+01     0.84909E+00     0.76836E+00     0.53518E-10     0.76836E+01     0.84909E+01    -0.23979E-24     0.16746E+00     0.15024E+00     0.13753E-24     0.16746E-01     0.25966E+02     0.89406E+00     0.10000E+02     0.25985E+02
     0.27153E+00     0.20357E-01     0.13403E+01     0.87210E+00     0.79097E+00     0.53518E-10     0.79097E+01     0.87210E+01     0.61793E-23     0.17749E+00     0.15967E+00     0.14891E-24     0.17749E-01     0.25806E+02     0.89034E+00     0.10000E+02     0.25824E+02
     0.28325E+00     0.20987E-01     0.13452E+01     0.89479E+00     0.81335E+00     0.53518E-10     0.81335E+01     0.89479E+01    -0.41199E-23     0.18775E+00     0.16934E+00     0.18391E-24     0.18775E-01     0.25644E+02     0.88657E+00     0.10000E+02     0.25661E+02
     0.29514E+00     0.21618E-01     0.13489E+01     0.91716E+00     0.83551E+00     0.53518E-10     0.83551E+01     0.91716E+01    -0.26881E-24     0.19823E+00     0.17924E+00    -0.10083E-24     0.19823E-01     0.25481E+02     0.88275E+00     0.10000E+02     0.25497E+02
     0.30719E+00     0.22248E-01     0.13513E+01     0.93919E+00     0.85743E+00     0.53518E-10     0.85743E+01     0.93919E+01    -0.70283E-23     0.20890E+00     0.18937E+00     0.17630E-25     0.20890E-01     0.25317E+02     0.87887E+00     0.10000E+02     0.25332E+02
     0.31939E+00     0.22877E-01     0.13525E+01     0.96089E+00     0.87909E+00     0.53518E-10     0.87909E+01     0.96089E+01     0.41594E-23     0.21977E+00     0.19970E+00     0.29960E-24     0.21977E-01     0.25150E+02     0.87494E+00     0.10000E+02     0.25165E+02
     0.33174E+00     0.23506E-01     0.13528E+01     0.98226E+00     0.90049E+00     0.53518E-10     0.90049E+01     0.98226E+01     0.13558E-23     0.23083E+00     0.21025E+00    -0.81911E-25     0.23083E-01     0.24983E+02     0.87095E+00     0.10000E+02     0.24996E+02
     0.34425E+00     0.24134E-01     0.13524E+01     0.10033E+01     0.92162E+00     0.53518E-10     0.92162E+01     0.10033E+02    -0.40412E-23     0.24207E+00     0.22099E+00     0.19165E-24     0.24207E-01     0.24814E+02     0.86691E+00     0.10000E+02     0.24826E+02
     0.35690E+00     0.24762E-01     0.13513E+01     0.10240E+01     0.94247E+00     0.53518E-10     0.94247E+01     0.10240E+02    -0.59310E-24     0.25349E+00     0.23194E+00    -0.11329E-24     0.25349E-01     0.24643E+02     0.86281E+00     0.10000E+02     0.24655E+02
     0.36969E+00     0.25390E-01     0.13496E+01     0.10444E+01     0.96303E+00     0.53518E-10     0.96303E+01     0.10444E+02     0.10170E-23     0.26509E+00     0.24307E+00     0.24631E-24     0.26509E-01     0.24471E+02     0.85866E+00     0.10000E+02     0.24482E+02
     0.38262E+00     0.26019E-01     0.13474E+01     0.10644E+01     0.98330E+00     0.53518E-10     0.98330E+01     0.10644E+02    -0.50350E-24     0.27687E+00     0.25438E+00     0.22048E-25     0.27687E-01     0.24298E+02     0.85445E+00     0.10000E+02     0.24309E+02
     0.39569E+00     0.26647E-01     0.13449E+01     0.10842E+01     0.10033E+01     0.53518E-10     0.10033E+02     0.10842E+02     0.13672E-23     0.28881E+00     0.26588E+00     0.35550E-25     0.28881E-01     0.24123E+02     0.85019E+00     0.10000E+02     0.24133E+02
     0.40890E+00     0.27276E-01     0.13418E+01     0.11036E+01     0.10229E+01     0.53518E-10     0.10229E+02     0.11036E+02     0.72518E-23     0.30091E+00     0.27754E+00    -0.11706E-24     0.30091E-01     0.23948E+02     0.84587E+00     0.10000E+02     0.23957E+02
     0.42223E+00     0.27905E-01     0.13383E+01     0.11227E+01     0.10423E+01     0.53518E-10     0.10423E+02     0.11227E+02    -0.21217E-23     0.31317E+00     0.28937E+00    -0.24426E-25     0.31317E-01     0.23771E+02     0.84150E+00     0.10000E+02     0.23779E+02
     0.43569E+00     0.28535E-01     0.13346E+01     0.11414E+01     0.10614E+01     0.53518E-10     0.10614E+02     0.11414E+02    -0.83115E-24     0.32558E+00     0.30136E+00    -0.19909E-24     0.32558E-01     0.23592E+02     0.83707E+00     0.10000E+02     0.23600E+02
     0.44927E+00     0.29165E-01     0.13306E+01     0.11598E+01     0.10801E+01     0.53518E-10     0.10801E+02     0.11598E+02    -0.44724E-23     0.33814E+00     0.31350E+00     0.72210E-25     0.33814E-01     0.23413E+02     0.83259E+00     0.10000E+02     0.23420E+02
     0.46297E+00     0.29796E-01     0.13265E+01     0.11779E+01     0.10985E+01     0.53518E-10     0.10985E+02     0.11779E+02     0.20359E-23     0.35084E+00     0.32579E+00    -0.15469E-24     0.35084E-01     0.23232E+02     0.82805E+00     0.10000E+02     0.23239E+02
     0.47679E+00     0.30428E-01     0.13224E+01     0.11957E+01     0.11166E+01     0.53518E-10     0.11166E+02     0.11957E+02    -0.16788E-24     0.36367E+00     0.33823E+00     0.12407E-24     0.36367E-01     0.23050E+02     0.82345E+00     0.10000E+02     0.23057E+02
     0.49072E+00     0.31060E-01     0.13183E+01     0.12132E+01     0.11343E+01     0.53518E-10     0.11343E+02     0.12132E+02     0.29399E-23     0.37665E+00     0.35079E+00    -0.34981E-24     0.37665E-01     0.22867E+02     0.81880E+00     0.10000E+02     0.22873E+02
     0.50476E+00     0.31694E-01     0.13140E+01     0.12303E+01     0.11518E+01     0.53518E-10     0.11518E+02     0.12303E+02     0.68790E-23     0.38974E+00     0.36349E+00    -0.32813E-25     0.38974E-01     0.22683E+02     0.81409E+00     0.10000E+02     0.22689E+02
     0.51891E+00     0.32329E-01     0.13098E+01     0.12471E+01     0.11688E+01     0.53518E-10     0.11688E+02     0.12471E+02     0.13368E-22     0.40297E+00     0.37631E+00     0.43408E-24     0.40297E-01     0.22498E+02     0.80932E+00     0.10000E+02     0.22503E+02
     0.53316E+00     0.32964E-01     0.13055E+01     0.12635E+01     0.11856E+01     0.53518E-10     0.11856E+02     0.12635E+02     0.51272E-24     0.41630E+00     0.38924E+00     0.64718E-25     0.41630E-01     0.22312E+02     0.80450E+00     0.10000E+02     0.22317E+02
     0.54751E+00     0.33601E-01     0.13014E+01     0.12797E+01     0.12020E+01     0.53518E-10     0.12020E+02     0.12797E+02     0.61473E-24     0.42975E+00     0.40228E+00     0.71152E-25     0.42975E-01     0.22124E+02     0.79962E+00     0.10000E+02     0.22129E+02
     0.56196E+00     0.34239E-01     0.12975E+01     0.12955E+01     0.12180E+01     0.53518E-10     0.12180E+02     0.12955E+02    -0.11548E-23     0.44331E+00     0.41542E+00    -0.16099E-25     0.44331E-01     0.21936E+02     0.79468E+00     0.10000E+02     0.21941E+02
     0.57649E+00     0.34878E-01     0.12937E+01     0.13109E+01     0.12337E+01     0.53518E-10     0.12337E+02     0.13109E+02     0.24077E-23     0.45696E+00     0.42865E+00    -0.69011E-25     0.45696E-01     0.21747E+02     0.78968E+00     0.10000E+02     0.21751E+02
     0.59112E+00     0.35518E-01     0.12898E+01     0.13260E+01     0.12489E+01     0.53518E-10     0.12489E+02     0.13260E+02     0.50895E-23     0.47069E+00     0.44195E+00    -0.16772E-25     0.47069E-01     0.21557E+02     0.78463E+00     0.10000E+02     0.21561E+02
     0.60584E+00     0.36159E-01     0.12860E+01     0.13407E+01     0.12639E+01     0.53518E-10     0.12639E+02     0.13407E+02     0.70549E-23     0.48449E+00     0.45533E+00     0.12822E-25     0.48449E-01     0.21366E+02     0.77952E+00     0.10000E+02     0.21370E+02
     0.62064E+00     0.36801E-01     0.12826E+01     0.13551E+01     0.12784E+01     0.53518E-10     0.12784E+02     0.13551E+02     0.52624E-23     0.49837E+00     0.46876E+00    -0.87518E-26     0.49837E-01     0.21174E+02     0.77435E+00     0.10000E+02     0.21178E+02
     0.63552E+00     0.37444E-01     0.12797E+01     0.13691E+01     0.12925E+01     0.53518E-10     0.12925E+02     0.13691E+02     0.52337E-23     0.51231E+00     0.48224E+00    -0.24606E-24     0.51231E-01     0.20981E+02     0.76912E+00     0.10000E+02     0.20985E+02
     0.65047E+00     0.38087E-01     0.12772E+01     0.13828E+01     0.13062E+01     0.53518E-10     0.13062E+02     0.13828E+02    -0.61262E-23     0.52629E+00     0.49575E+00     0.24680E-25     0.52629E-01     0.20788E+02     0.76384E+00     0.10000E+02     0.20792E+02
     0.66550E+00     0.38730E-01     0.12750E+01     0.13960E+01     0.13195E+01     0.53518E-10     0.13195E+02     0.13960E+02     0.53626E-23     0.54029E+00     0.50927E+00    -0.15966E-24     0.54029E-01     0.20594E+02     0.75849E+00     0.10000E+02     0.20597E+02
     0.68060E+00     0.39373E-01     0.12729E+01     0.14089E+01     0.13324E+01     0.53518E-10     0.13324E+02     0.14089E+02     0.12758E-23     0.55429E+00     0.52277E+00     0.25014E-25     0.55429E-01     0.20399E+02     0.75310E+00     0.10000E+02     0.20403E+02
     0.69576E+00     0.40014E-01     0.12711E+01     0.14213E+01     0.13447E+01     0.53518E-10     0.13447E+02     0.14213E+02     0.81073E-23     0.56826E+00     0.53624E+00    -0.67868E-25     0.56826E-01     0.20203E+02     0.74764E+00     0.10000E+02     0.20207E+02
     0.71099E+00     0.40655E-01     0.12698E+01     0.14332E+01     0.13567E+01     0.53518E-10     0.13567E+02     0.14332E+02     0.67981E-25     0.58219E+00     0.54965E+00     0.21858E-24     0.58219E-01     0.20007E+02     0.74213E+00     0.10000E+02     0.20011E+02
     0.72628E+00     0.41293E-01     0.12691E+01     0.14447E+01     0.13681E+01     0.53518E-10     0.13681E+02     0.14447E+02    -0.25173E-23     0.59607E+00     0.56300E+00     0.32431E-24     0.59607E-01     0.19811E+02     0.73656E+00     0.10000E+02     0.19815E+02
     0.74162E+00     0.41929E-01     0.12690E+01     0.14558E+01     0.13790E+01     0.53518E-10     0.13790E+02     0.14558E+02     0.99923E-23     0.60986E+00     0.57624E+00    -0.63052E-25     0.60986E-01     0.19614E+02     0.73094E+00     0.10000E+02     0.19618E+02
     0.75702E+00     0.42562E-01     0.12694E+01     0.14663E+01     0.13894E+01     0.53518E-10     0.13894E+02     0.14663E+02     0.81227E-24     0.62354E+00     0.58935E+00     0.15257E-24     0.62354E-01     0.19416E+02     0.72526E+00     0.10000E+02     0.19420E+02
     0.77247E+00     0.43191E-01     0.12703E+01     0.14764E+01     0.13993E+01     0.53518E-10     0.13993E+02     0.14764E+02     0.10860E-23     0.63706E+00     0.60229E+00     0.92312E-25     0.63706E-01     0.19219E+02     0.71953E+00     0.10000E+02     0.19223E+02
     0.78796E+00     0.43816E-01     0.12717E+01     0.14859E+01     0.14086E+01     0.53518E-10     0.14086E+02     0.14859E+02     0.10974E-24     0.65040E+00     0.61504E+00     0.12919E-24     0.65040E-01     0.19020E+02     0.71375E+00     0.10000E+02     0.19025E+02
     0.80350E+00     0.44434E-01     0.12736E+01     0.14948E+01     0.14173E+01     0.53518E-10     0.14173E+02     0.14948E+02    -0.27212E-23     0.66353E+00     0.62757E+00    -0.85317E-25     0.66353E-01     0.18822E+02     0.70791E+00     0.10000E+02     0.18826E+02
     0.81907E+00     0.45045E-01     0.12759E+01     0.15031E+01     0.14254E+01     0.53518E-10     0.14254E+02     0.15031E+02     0.91361E-25     0.67640E+00     0.63983E+00     0.50882E-28     0.67640E-01     0.18623E+02     0.70202E+00     0.10000E+02     0.18628E+02
     0.83469E+00     0.45649E-01     0.12786E+01     0.15109E+01     0.14330E+01     0.53518E-10     0.14330E+02     0.15109E+02    -0.39589E-23     0.68898E+00     0.65181E+00     0.14409E-24     0.68898E-01     0.18425E+02     0.69607E+00     0.10000E+02     0.18429E+02
     0.85033E+00     0.46245E-01     0.12815E+01     0.15181E+01     0.14398E+01     0.53518E-10     0.14398E+02     0.15181E+02     0.27959E-23     0.70125E+00     0.66346E+00     0.60042E-25     0.70125E-01     0.18226E+02     0.69008E+00     0.10000E+02     0.18231E+02
     0.86601E+00     0.46832E-01     0.12848E+01     0.15246E+01     0.14461E+01     0.53518E-10     0.14461E+02     0.15246E+02    -0.26632E-23     0.71318E+00     0.67478E+00    -0.21904E-25     0.71318E-01     0.18027E+02     0.68404E+00     0.10000E+02     0.18032E+02
     0.88171E+00     0.47409E-01     0.12885E+01     0.15305E+01     0.14517E+01     0.53518E-10     0.14517E+02     0.15305E+02     0.32112E-23     0.72475E+00     0.68572E+00    -0.20675E-25     0.72475E-01     0.17828E+02     0.67794E+00     0.10000E+02     0.17833E+02
     0.89744E+00     0.47978E-01     0.12929E+01     0.15358E+01     0.14567E+01     0.53518E-10     0.14567E+02     0.15358E+02    -0.41333E-23     0.73596E+00     0.69629E+00    -0.14622E-24     0.73596E-01     0.17629E+02     0.67180E+00     0.10000E+02     0.17635E+02
     0.91319E+00     0.48536E-01     0.12980E+01     0.15405E+01     0.14610E+01     0.53518E-10     0.14610E+02     0.15405E+02     0.85371E-24     0.74678E+00     0.70645E+00     0.11708E-25     0.74678E-01     0.17431E+02     0.66561E+00     0.10000E+02     0.17437E+02
     0.92895E+00     0.49084E-01     0.13038E+01     0.15445E+01     0.14647E+01     0.53518E-10     0.14647E+02     0.15445E+02    -0.15661E-24     0.75718E+00     0.71618E+00    -0.27239E-24     0.75718E-01     0.17232E+02     0.65937E+00     0.10000E+02     0.17238E+02
     0.94473E+00     0.49621E-01     0.13102E+01     0.15479E+01     0.14677E+01     0.53518E-10     0.14677E+02     0.15479E+02    -0.11635E-23     0.76712E+00     0.72544E+00     0.29231E-24     0.76712E-01     0.17034E+02     0.65309E+00     0.10000E+02     0.17041E+02
     0.96051E+00     0.50146E-01     0.13170E+01     0.15507E+01     0.14700E+01     0.53518E-10     0.14700E+02     0.15507E+02     0.28176E-24     0.77658E+00     0.73422E+00    -0.13211E-25     0.77658E-01     0.16836E+02     0.64677E+00     0.10000E+02     0.16843E+02
     0.97631E+00     0.50658E-01     0.13241E+01     0.15528E+01     0.14716E+01     0.53518E-10     0.14716E+02     0.15528E+02    -0.70469E-23     0.78554E+00     0.74249E+00     0.19334E-24     0.78554E-01     0.16639E+02     0.64041E+00     0.10000E+02     0.16646E+02
     0.99210E+00     0.51157E-01     0.13318E+01     0.15542E+01     0.14726E+01     0.53518E-10     0.14726E+02     0.15542E+02    -0.13981E-23     0.79399E+00     0.75024E+00    -0.10525E-25     0.79399E-01     0.16442E+02     0.63400E+00     0.10000E+02     0.16450E+02
     0.10079E+01     0.51643E-01     0.13402E+01     0.15550E+01     0.14729E+01     0.53518E-10     0.14729E+02     0.15550E+02     0.35380E-24     0.80193E+00     0.75746E+00    -0.11949E-25     0.80193E-01     0.16246E+02     0.62756E+00     0.10000E+02     0.16254E+02
     0.10237E+01     0.52116E-01     0.13493E+01     0.15551E+01     0.14725E+01     0.53518E-10     0.14725E+02     0.15551E+02    -0.10438E-23     0.80933E+00     0.76413E+00    -0.18586E-24     0.80933E-01     0.16050E+02     0.62108E+00     0.10000E+02     0.16059E+02
     0.10395E+01     0.52574E-01     0.13590E+01     0.15546E+01     0.14714E+01     0.53518E-10     0.14714E+02     0.15546E+02     0.44653E-23     0.81617E+00     0.77022E+00     0.13392E-24     0.81617E-01     0.15855E+02     0.61456E+00     0.10000E+02     0.15864E+02
     0.10553E+01     0.53017E-01     0.13690E+01     0.15535E+01     0.14696E+01     0.53518E-10     0.14696E+02     0.15535E+02    -0.48374E-23     0.82241E+00     0.77571E+00    -0.26194E-25     0.82241E-01     0.15661E+02     0.60802E+00     0.10000E+02     0.15671E+02
     0.10711E+01     0.53444E-01     0.13793E+01     0.15516E+01     0.14672E+01     0.53518E-10     0.14672E+02     0.15516E+02     0.60224E-24     0.82803E+00     0.78058E+00    -0.59822E-26     0.82803E-01     0.15468E+02     0.60144E+00     0.10000E+02     0.15478E+02
     0.10868E+01     0.53853E-01     0.13898E+01     0.15491E+01     0.14640E+01     0.53518E-10     0.14640E+02     0.15491E+02    -0.13721E-23     0.83300E+00     0.78480E+00     0.32931E-25     0.83300E-01     0.15276E+02     0.59483E+00     0.10000E+02     0.15286E+02
     0.11026E+01     0.54244E-01     0.14004E+01     0.15459E+01     0.14602E+01     0.53518E-10     0.14602E+02     0.15459E+02    -0.62099E-23     0.83729E+00     0.78835E+00     0.37450E-25     0.83729E-01     0.15084E+02     0.58820E+00     0.10000E+02     0.15095E+02
     0.11183E+01     0.54615E-01     0.14113E+01     0.15420E+01     0.14557E+01     0.53518E-10     0.14557E+02     0.15420E+02    -0.34254E-23     0.84088E+00     0.79121E+00     0.46905E-25     0.84088E-01     0.14894E+02     0.58155E+00     0.10000E+02     0.14905E+02
     0.11340E+01     0.54967E-01     0.14223E+01     0.15375E+01     0.14505E+01     0.53518E-10     0.14505E+02     0.15375E+02     0.29208E-23     0.84377E+00     0.79338E+00     0.45635E-25     0.84377E-01     0.14705E+02     0.57487E+00     0.10000E+02     0.14717E+02
     0.11497E+01     0.55298E-01     0.14333E+01     0.15322E+01     0.14447E+01     0.53518E-10     0.14447E+02     0.15322E+02     0.38925E-23     0.84594E+00     0.79486E+00    -0.29095E-25     0.84594E-01     0.14518E+02     0.56817E+00     0.10000E+02     0.14529E+02
     0.11653E+01     0.55609E-01     0.14445E+01     0.15263E+01     0.14382E+01     0.53518E-10     0.14382E+02     0.15263E+02    -0.11376E-23     0.84742E+00     0.79565E+00     0.62072E-25     0.84742E-01     0.14331E+02     0.56146E+00     0.10000E+02     0.14343E+02
     0.11809E+01     0.55901E-01     0.14560E+01     0.15198E+01     0.14311E+01     0.53518E-10     0.14311E+02     0.15198E+02    -0.16103E-23     0.84822E+00     0.79577E+00    -0.59591E-25     0.84822E-01     0.14146E+02     0.55474E+00     0.10000E+02     0.14159E+02
     0.11965E+01     0.56173E-01     0.14678E+01     0.15128E+01     0.14233E+01     0.53518E-10     0.14233E+02     0.15128E+02    -0.26329E-23     0.84837E+00     0.79523E+00    -0.49799E-25     0.84837E-01     0.13962E+02     0.54800E+00     0.10000E+02     0.13975E+02
     0.12120E+01     0.56426E-01     0.14798E+01     0.15051E+01     0.14150E+01     0.53518E-10     0.14150E+02     0.15051E+02     0.23547E-23     0.84787E+00     0.79405E+00    -0.32848E-25     0.84787E-01     0.13780E+02     0.54126E+00     0.10000E+02     0.13793E+02
     0.12275E+01     0.56659E-01     0.14920E+01     0.14969E+01     0.14061E+01     0.53518E-10     0.14061E+02     0.14969E+02     0.17651E-23     0.84673E+00     0.79223E+00    -0.80220E-25     0.84673E-01     0.13600E+02     0.53450E+00     0.10000E+02     0.13613E+02
     0.12430E+01     0.56874E-01     0.15043E+01     0.14882E+01     0.13967E+01     0.53518E-10     0.13967E+02     0.14882E+02    -0.75885E-24     0.84498E+00     0.78979E+00     0.19208E-24     0.84498E-01     0.13421E+02     0.52775E+00     0.10000E+02     0.13434E+02
     0.12584E+01     0.57070E-01     0.15169E+01     0.14790E+01     0.13868E+01     0.53518E-10     0.13868E+02     0.14790E+02    -0.39202E-23     0.84264E+00     0.78676E+00     0.11085E-24     0.84264E-01     0.13244E+02     0.52099E+00     0.10000E+02     0.13257E+02
     0.12737E+01     0.57247E-01     0.15297E+01     0.14694E+01     0.13763E+01     0.53518E-10     0.13763E+02     0.14694E+02    -0.32636E-23     0.83973E+00     0.78315E+00    -0.79881E-25     0.83973E-01     0.13068E+02     0.51422E+00     0.10000E+02     0.13082E+02
     0.12890E+01     0.57406E-01     0.15427E+01     0.14592E+01     0.13654E+01     0.53518E-10     0.13654E+02     0.14592E+02     0.29946E-23     0.83625E+00     0.77897E+00     0.83126E-25     0.83625E-01     0.12894E+02     0.50746E+00     0.10000E+02     0.12908E+02
     0.13042E+01     0.57546E-01     0.15557E+01     0.14487E+01     0.13539E+01     0.53518E-10     0.13539E+02     0.14487E+02     0.53420E-24     0.83221E+00     0.77422E+00    -0.92600E-25     0.83221E-01     0.12722E+02     0.50070E+00     0.10000E+02     0.12736E+02
     0.13194E+01     0.57666E-01     0.15686E+01     0.14376E+01     0.13421E+01     0.53518E-10     0.13421E+02     0.14376E+02     0.29587E-24     0.82759E+00     0.76890E+00    -0.19031E-24     0.82759E-01     0.12552E+02     0.49394E+00     0.10000E+02     0.12565E+02
     0.13345E+01     0.57766E-01     0.15817E+01     0.14262E+01     0.13297E+01     0.53518E-10     0.13297E+02     0.14262E+02    -0.16475E-23     0.82242E+00     0.76305E+00    -0.81352E-26     0.82242E-01     0.12383E+02     0.48719E+00     0.10000E+02     0.12396E+02
     0.13495E+01     0.57848E-01     0.15950E+01     0.14143E+01     0.13170E+01     0.53518E-10     0.13170E+02     0.14143E+02    -0.11402E-23     0.81674E+00     0.75667E+00     0.10842E-24     0.81674E-01     0.12217E+02     0.48044E+00     0.10000E+02     0.12230E+02
     0.13645E+01     0.57911E-01     0.16088E+01     0.14021E+01     0.13038E+01     0.53518E-10     0.13038E+02     0.14021E+02    -0.23981E-23     0.81056E+00     0.74978E+00     0.16654E-25     0.81056E-01     0.12052E+02     0.47370E+00     0.10000E+02     0.12064E+02
     0.13794E+01     0.57954E-01     0.16229E+01     0.13895E+01     0.12902E+01     0.53518E-10     0.12902E+02     0.13895E+02     0.46172E-23     0.80387E+00     0.74238E+00     0.60981E-25     0.80387E-01     0.11889E+02     0.46696E+00     0.10000E+02     0.11901E+02
     0.13942E+01     0.57976E-01     0.16368E+01     0.13765E+01     0.12762E+01     0.53518E-10     0.12762E+02     0.13765E+02    -0.84883E-24     0.79664E+00     0.73446E+00     0.84127E-25     0.79664E-01     0.11727E+02     0.46024E+00     0.10000E+02     0.11739E+02
     0.14089E+01     0.57976E-01     0.16503E+01     0.13631E+01     0.12617E+01     0.53518E-10     0.12617E+02     0.13631E+02    -0.26268E-24     0.78886E+00     0.72601E+00    -0.33823E-25     0.78886E-01     0.11568E+02     0.45353E+00     0.10000E+02     0.11580E+02
     0.14235E+01     0.57952E-01     0.16635E+01     0.13492E+01     0.12469E+01     0.53518E-10     0.12469E+02     0.13492E+02     0.11273E-23     0.78053E+00     0.71705E+00    -0.45797E-25     0.78053E-01     0.11410E+02     0.44683E+00     0.10000E+02     0.11421E+02
     0.14380E+01     0.57906E-01     0.16766E+01     0.13350E+01     0.12317E+01     0.53518E-10     0.12317E+02     0.13350E+02    -0.19657E-23     0.77169E+00     0.70760E+00     0.47834E-25     0.77169E-01     0.11255E+02     0.44014E+00     0.10000E+02     0.11265E+02
     0.14525E+01     0.57839E-01     0.16898E+01     0.13204E+01     0.12161E+01     0.53518E-10     0.12161E+02     0.13204E+02    -0.40786E-24     0.76236E+00     0.69768E+00     0.59592E-25     0.76236E-01     0.11101E+02     0.43346E+00     0.10000E+02     0.11111E+02
     0.14668E+01     0.57749E-01     0.17029E+01     0.13054E+01     0.12001E+01     0.53518E-10     0.12001E+02     0.13054E+02    -0.69699E-24     0.75257E+00     0.68730E+00    -0.64234E-25     0.75257E-01     0.10949E+02     0.42678E+00     0.10000E+02     0.10958E+02
     0.14811E+01     0.57638E-01     0.17158E+01     0.12902E+01     0.11838E+01     0.53518E-10     0.11838E+02     0.12902E+02    -0.14553E-23     0.74232E+00     0.67650E+00     0.11936E-24     0.74232E-01     0.10798E+02     0.42012E+00     0.10000E+02     0.10807E+02
     0.14952E+01     0.57505E-01     0.17284E+01     0.12745E+01     0.11672E+01     0.53518E-10     0.11672E+02     0.12745E+02    -0.84902E-24     0.73164E+00     0.66529E+00    -0.16239E-24     0.73164E-01     0.10649E+02     0.41347E+00     0.10000E+02     0.10657E+02
     0.15093E+01     0.57350E-01     0.17408E+01     0.12586E+01     0.11502E+01     0.53518E-10     0.11502E+02     0.12586E+02    -0.10007E-24     0.72055E+00     0.65369E+00    -0.13779E-25     0.72055E-01     0.10502E+02     0.40682E+00     0.10000E+02     0.10509E+02
     0.15232E+01     0.57174E-01     0.17529E+01     0.12424E+01     0.11329E+01     0.53518E-10     0.11329E+02     0.12424E+02     0.16211E-23     0.70908E+00     0.64172E+00     0.48710E-25     0.70908E-01     0.10357E+02     0.40018E+00     0.10000E+02     0.10363E+02
     0.15370E+01     0.56976E-01     0.17648E+01     0.12259E+01     0.11154E+01     0.53518E-10     0.11154E+02     0.12259E+02     0.13996E-23     0.69723E+00     0.62941E+00     0.15456E-24     0.69723E-01     0.10213E+02     0.39355E+00     0.10000E+02     0.10218E+02
     0.15507E+01     0.56755E-01     0.17766E+01     0.12090E+01     0.10975E+01     0.53518E-10     0.10975E+02     0.12090E+02     0.12440E-23     0.68502E+00     0.61675E+00     0.19365E-25     0.68502E-01     0.10071E+02     0.38693E+00     0.10000E+02     0.10075E+02
     0.15643E+01     0.56512E-01     0.17882E+01     0.11919E+01     0.10793E+01     0.53518E-10     0.10793E+02     0.11919E+02     0.33949E-25     0.67244E+00     0.60377E+00     0.12535E-24     0.67244E-01     0.99305E+01     0.38032E+00     0.10000E+02     0.99338E+01
     0.15778E+01     0.56246E-01     0.17996E+01     0.11746E+01     0.10609E+01     0.53518E-10     0.10609E+02     0.11746E+02     0.23150E-23     0.65954E+00     0.59050E+00     0.80325E-25     0.65954E-01     0.97917E+01     0.37372E+00     0.10000E+02     0.97938E+01
     0.15911E+01     0.55959E-01     0.18108E+01     0.11570E+01     0.10423E+01     0.53518E-10     0.10423E+02     0.11570E+02    -0.15418E-24     0.64635E+00     0.57696E+00     0.24579E-25     0.64635E-01     0.96544E+01     0.36713E+00     0.10000E+02     0.96554E+01
     0.16043E+01     0.55651E-01     0.18217E+01     0.11392E+01     0.10234E+01     0.53518E-10     0.10234E+02     0.11392E+02     0.96700E-24     0.63289E+00     0.56319E+00     0.39513E-25     0.63289E-01     0.95187E+01     0.36054E+00     0.10000E+02     0.95184E+01
     0.16174E+01     0.55321E-01     0.18321E+01     0.11211E+01     0.10043E+01     0.53518E-10     0.10043E+02     0.11211E+02     0.14559E-23     0.61918E+00     0.54920E+00     0.56096E-25     0.61918E-01     0.93846E+01     0.35396E+00     0.10000E+02     0.93828E+01
     0.16303E+01     0.54970E-01     0.18418E+01     0.11028E+01     0.98493E+00     0.53518E-10     0.98493E+01     0.11028E+02     0.70966E-24     0.60523E+00     0.53501E+00    -0.41083E-25     0.60523E-01     0.92519E+01     0.34739E+00     0.10000E+02     0.92487E+01
     0.16431E+01     0.54597E-01     0.18510E+01     0.10843E+01     0.96539E+00     0.53518E-10     0.96539E+01     0.10843E+02     0.89919E-24     0.59105E+00     0.52064E+00    -0.73310E-25     0.59105E-01     0.91208E+01     0.34082E+00     0.10000E+02     0.91159E+01
     0.16558E+01     0.54201E-01     0.18597E+01     0.10656E+01     0.94564E+00     0.53518E-10     0.94564E+01     0.10656E+02    -0.92554E-24     0.57665E+00     0.50609E+00    -0.17505E-26     0.57665E-01     0.89910E+01     0.33426E+00     0.10000E+02     0.89844E+01
     0.16683E+01     0.53783E-01     0.18678E+01     0.10467E+01     0.92570E+00     0.53518E-10     0.92570E+01     0.10467E+02     0.15212E-23     0.56204E+00     0.49139E+00    -0.83864E-25     0.56204E-01     0.88627E+01     0.32769E+00     0.10000E+02     0.88542E+01
     0.16806E+01     0.53341E-01     0.18751E+01     0.10275E+01     0.90557E+00     0.53518E-10     0.90557E+01     0.10275E+02    -0.63950E-24     0.54722E+00     0.47654E+00     0.10755E-24     0.54722E-01     0.87357E+01     0.32113E+00     0.10000E+02     0.87252E+01
     0.16928E+01     0.52875E-01     0.18814E+01     0.10081E+01     0.88525E+00     0.53518E-10     0.88525E+01     0.10081E+02    -0.27823E-23     0.53221E+00     0.46157E+00    -0.13994E-25     0.53221E-01     0.86100E+01     0.31457E+00     0.10000E+02     0.85975E+01
     0.17049E+01     0.52384E-01     0.18866E+01     0.98848E+00     0.86475E+00     0.53518E-10     0.86475E+01     0.98848E+01    -0.11190E-23     0.51701E+00     0.44648E+00    -0.88912E-25     0.51701E-01     0.84857E+01     0.30801E+00     0.10000E+02     0.84708E+01
     0.17167E+01     0.51867E-01     0.18905E+01     0.96862E+00     0.84406E+00     0.53518E-10     0.84406E+01     0.96862E+01     0.19243E-24     0.50163E+00     0.43129E+00    -0.10650E-24     0.50163E-01     0.83626E+01     0.30144E+00     0.10000E+02     0.83453E+01
     0.17285E+01     0.51323E-01     0.18932E+01     0.94851E+00     0.82320E+00     0.53518E-10     0.82320E+01     0.94851E+01     0.61768E-24     0.48607E+00     0.41601E+00     0.57746E-25     0.48607E-01     0.82407E+01     0.29487E+00     0.10000E+02     0.82208E+01
     0.17400E+01     0.50751E-01     0.18945E+01     0.92815E+00     0.80216E+00     0.53518E-10     0.80216E+01     0.92815E+01     0.19327E-23     0.47036E+00     0.40065E+00     0.24067E-25     0.47036E-01     0.81200E+01     0.28830E+00     0.10000E+02     0.80974E+01
     0.17514E+01     0.50152E-01     0.18944E+01     0.90754E+00     0.78095E+00     0.53518E-10     0.78095E+01     0.90754E+01     0.13063E-23     0.45449E+00     0.38525E+00     0.41458E-25     0.45449E-01     0.80005E+01     0.28171E+00     0.10000E+02     0.79748E+01
     0.17626E+01     0.49523E-01     0.18928E+01     0.88667E+00     0.75956E+00     0.53518E-10     0.75956E+01     0.88667E+01    -0.12759E-23     0.43849E+00     0.36979E+00     0.39861E-25     0.43849E-01     0.78820E+01     0.27512E+00     0.10000E+02     0.78532E+01
     0.17737E+01     0.48864E-01     0.18896E+01     0.86552E+00     0.73799E+00     0.53518E-10     0.73799E+01     0.86552E+01    -0.36772E-23     0.42234E+00     0.35431E+00    -0.38112E-25     0.42234E-01     0.77645E+01     0.26850E+00     0.10000E+02     0.77324E+01
     0.17845E+01     0.48173E-01     0.18848E+01     0.84407E+00     0.71624E+00     0.53518E-10     0.71624E+01     0.84407E+01    -0.33182E-24     0.40606E+00     0.33880E+00    -0.59282E-25     0.40606E-01     0.76479E+01     0.26187E+00     0.10000E+02     0.76123E+01
     0.17952E+01     0.47447E-01     0.18781E+01     0.82231E+00     0.69431E+00     0.53518E-10     0.69431E+01     0.82231E+01    -0.21628E-23     0.38964E+00     0.32328E+00    -0.17865E-26     0.38964E-01     0.75321E+01     0.25521E+00     0.10000E+02     0.74929E+01
     0.18057E+01     0.46686E-01     0.18697E+01     0.80021E+00     0.67221E+00     0.53518E-10     0.67221E+01     0.80021E+01     0.17249E-23     0.37310E+00     0.30776E+00     0.55598E-25     0.37310E-01     0.74170E+01     0.24851E+00     0.10000E+02     0.73742E+01
     0.18160E+01     0.45888E-01     0.18593E+01     0.77778E+00     0.64993E+00     0.53518E-10     0.64993E+01     0.77778E+01     0.32269E-24     0.35645E+00     0.29227E+00     0.13917E-25     0.35645E-01     0.73025E+01     0.24177E+00     0.10000E+02     0.72560E+01
     0.18261E+01     0.45052E-01     0.18468E+01     0.75500E+00     0.62749E+00     0.53518E-10     0.62749E+01     0.75500E+01     0.81692E-24     0.33972E+00     0.27684E+00     0.57611E-25     0.33972E-01     0.71884E+01     0.23498E+00     0.10000E+02     0.71383E+01
     0.18360E+01     0.44176E-01     0.18321E+01     0.73187E+00     0.60487E+00     0.53518E-10     0.60487E+01     0.73187E+01     0.66720E-24     0.32292E+00     0.26147E+00     0.29464E-25     0.32292E-01     0.70747E+01     0.22813E+00     0.10000E+02     0.70211E+01
     0.18457E+01     0.43258E-01     0.18151E+01     0.70835E+00     0.58210E+00     0.53518E-10     0.58210E+01     0.70835E+01     0.61981E-25     0.30606E+00     0.24619E+00     0.11203E-26     0.30606E-01     0.69612E+01     0.22121E+00     0.10000E+02     0.69043E+01
     0.18552E+01     0.42295E-01     0.17956E+01     0.68443E+00     0.55916E+00     0.53518E-10     0.55916E+01     0.68443E+01     0.11112E-23     0.28915E+00     0.23102E+00    -0.42711E-26     0.28915E-01     0.68478E+01     0.21422E+00     0.10000E+02     0.67878E+01
     0.18645E+01     0.41284E-01     0.17733E+01     0.66006E+00     0.53606E+00     0.53518E-10     0.53606E+01     0.66006E+01    -0.85725E-24     0.27220E+00     0.21597E+00     0.55649E-25     0.27220E-01     0.67344E+01     0.20713E+00     0.10000E+02     0.66716E+01
     0.18736E+01     0.40221E-01     0.17482E+01     0.63521E+00     0.51281E+00     0.53518E-10     0.51281E+01     0.63521E+01    -0.10508E-24     0.25522E+00     0.20107E+00     0.30693E-25     0.25522E-01     0.66208E+01     0.19995E+00     0.10000E+02     0.65558E+01
     0.18825E+01     0.39102E-01     0.17198E+01     0.60985E+00     0.48941E+00     0.53518E-10     0.48941E+01     0.60985E+01     0.21488E-23     0.23822E+00     0.18634E+00    -0.44015E-25     0.23822E-01     0.65069E+01     0.19266E+00     0.10000E+02     0.64403E+01
     0.18912E+01     0.37922E-01     0.16880E+01     0.58392E+00     0.46586E+00     0.53518E-10     0.46586E+01     0.58392E+01     0.16902E-23     0.22122E+00     0.17179E+00    -0.72562E-26     0.22122E-01     0.63925E+01     0.18524E+00     0.10000E+02     0.63251E+01
     0.18996E+01     0.36676E-01     0.16523E+01     0.55738E+00     0.44219E+00     0.53518E-10     0.44219E+01     0.55738E+01     0.19363E-23     0.20423E+00     0.15746E+00     0.31334E-25     0.20423E-01     0.62776E+01     0.17769E+00     0.10000E+02     0.62102E+01
     0.19078E+01     0.35359E-01     0.16124E+01     0.53017E+00     0.41839E+00     0.53518E-10     0.41839E+01     0.53017E+01    -0.10830E-23     0.18730E+00     0.14339E+00    -0.57052E-25     0.18730E-01     0.61620E+01     0.16999E+00     0.10000E+02     0.60957E+01
     0.19158E+01     0.33965E-01     0.15680E+01     0.50225E+00     0.39451E+00     0.53518E-10     0.39451E+01     0.50225E+01    -0.20117E-23     0.17044E+00     0.12960E+00     0.33509E-26     0.17044E-01     0.60454E+01     0.16211E+00     0.10000E+02     0.59816E+01
     0.19236E+01     0.32488E-01     0.15189E+01     0.47357E+00     0.37057E+00     0.53518E-10     0.37057E+01     0.47357E+01    -0.13937E-23     0.15373E+00     0.11615E+00     0.36830E-25     0.15373E-01     0.59277E+01     0.15403E+00     0.10000E+02     0.58680E+01
     0.19311E+01     0.30921E-01     0.14645E+01     0.44406E+00     0.34660E+00     0.53518E-10     0.34660E+01     0.44406E+01     0.87707E-24     0.13720E+00     0.10308E+00    -0.75427E-26     0.13720E-01     0.58084E+01     0.14573E+00     0.10000E+02     0.57550E+01
     0.19384E+01     0.29254E-01     0.14041E+01     0.41364E+00     0.32266E+00     0.53518E-10     0.32266E+01     0.41364E+01     0.75112E-25     0.12092E+00     0.90439E-01    -0.74873E-26     0.12092E-01     0.56872E+01     0.13716E+00     0.10000E+02     0.56427E+01
     0.19455E+01     0.27475E-01     0.13360E+01     0.38218E+00     0.29881E+00     0.53518E-10     0.29881E+01     0.38218E+01     0.26086E-24     0.10493E+00     0.78291E-01    -0.33647E-25     0.10493E-01     0.55634E+01     0.12826E+00     0.10000E+02     0.55312E+01
     0.19523E+01     0.25562E-01     0.12580E+01     0.34946E+00     0.27514E+00     0.53518E-10     0.27514E+01     0.34946E+01     0.62744E-24     0.89276E-01     0.66687E-01     0.26064E-25     0.89276E-02     0.54362E+01     0.11896E+00     0.10000E+02     0.54209E+01
     0.19589E+01     0.23488E-01     0.11669E+01     0.31521E+00     0.25174E+00     0.53518E-10     0.25174E+01     0.31521E+01    -0.83900E-25     0.73995E-01     0.55688E-01    -0.75543E-26     0.73995E-02     0.53045E+01     0.10916E+00     0.10000E+02     0.53120E+01
     0.19652E+01     0.21218E-01     0.10595E+01     0.27906E+00     0.22878E+00     0.53518E-10     0.22878E+01     0.27906E+01    -0.25215E-24     0.59181E-01     0.45365E-01     0.17359E-25     0.59181E-02     0.51670E+01     0.98713E-01     0.10000E+02     0.52050E+01
     0.19713E+01     0.18713E-01     0.93527E+00     0.24069E+00     0.20645E+00     0.53518E-10     0.20645E+01     0.24069E+01     0.13103E-23     0.45022E-01     0.35805E-01     0.53898E-26     0.45022E-02     0.50220E+01     0.87467E-01     0.10000E+02     0.51007E+01
     0.19771E+01     0.15941E-01     0.80209E+00     0.19997E+00     0.18502E+00     0.53518E-10     0.18502E+01     0.19997E+01     0.89506E-24     0.31867E-01     0.27113E-01     0.11398E-25     0.31867E-02     0.48677E+01     0.75215E-01     0.10000E+02     0.49997E+01
     0.19826E+01     0.12886E-01     0.68717E+00     0.15713E+00     0.16480E+00     0.53518E-10     0.16480E+01     0.15713E+01     0.70128E-25     0.20242E-01     0.19389E-01    -0.57720E-26     0.20242E-02     0.47019E+01     0.61711E-01     0.10000E+02     0.49033E+01
     0.19879E+01     0.95527E-02     0.64744E+00     0.11277E+00     0.14612E+00     0.53518E-10     0.14612E+01     0.11277E+01     0.10497E-23     0.10772E-01     0.12691E-01    -0.12972E-25     0.10772E-02     0.45225E+01     0.46666E-01     0.10000E+02     0.48128E+01
     0.19929E+01     0.59520E-02     0.73664E+00     0.67728E-01     0.12933E+00     0.53518E-10     0.12933E+01     0.67728E+00    -0.91905E-24     0.40310E-02     0.69950E-02     0.58808E-26     0.40310E-03     0.43272E+01     0.29738E-01     0.10000E+02     0.47297E+01
     0.19977E+01     0.20671E-02     0.94018E+00     0.22560E-01     0.11404E+00     0.53518E-10     0.11404E+01     0.22560E+00    -0.41536E-25     0.46633E-03     0.21445E-02     0.23781E-26     0.46633E-04     0.41138E+01     0.10554E-01     0.10000E+02     0.46524E+01
