     0.20039E-02    -0.11697E-07    -0.29808E-04     0.19608E-01     0.99616E+00     0.10581E-02     0.46838E+01     0.72594E+01     0.30675E+02     0.72594E+01     0.30030E+02     0.21800E+03     0.22269E+03     0.60092E+00     0.17972E-08     0.10573E-04     0.46802E-04    -0.70822E-07
     0.61156E-02     0.20974E-07    -0.91789E-04     0.60224E-01     0.99002E+00     0.10581E-02     0.30182E+01     0.72936E+01     0.30374E+02     0.72936E+01     0.29960E+02     0.21852E+03     0.22154E+03     0.60241E+00     0.13656E-06     0.87334E-04     0.44216E-03    -0.21500E-05
     0.10434E-01     0.14005E-06    -0.15682E-03     0.10263E+00     0.98541E+00     0.10576E-02     0.18899E+01     0.73194E+01     0.30150E+02     0.73194E+01     0.29892E+02     0.21879E+03     0.22068E+03     0.60352E+00     0.98121E-06     0.22206E-03     0.12857E-02    -0.10943E-04
     0.14956E-01     0.38201E-06    -0.22456E-03     0.14666E+00     0.98187E+00     0.10561E-02     0.11626E+01     0.73393E+01     0.29979E+02     0.73393E+01     0.29820E+02     0.21886E+03     0.22002E+03     0.60438E+00     0.35023E-05     0.39743E-03     0.26223E-02    -0.32464E-04
     0.19680E-01     0.77741E-06    -0.29433E-03     0.19208E+00     0.97903E+00     0.10529E-02     0.70169E+00     0.73553E+01     0.29842E+02     0.73553E+01     0.29746E+02     0.21879E+03     0.21949E+03     0.60508E+00     0.88594E-05     0.59878E-03     0.44679E-02    -0.73177E-04
     0.24604E-01     0.13551E-05    -0.36508E-03     0.23857E+00     0.97664E+00     0.10473E-02     0.41466E+00     0.73688E+01     0.29727E+02     0.73688E+01     0.29671E+02     0.21864E+03     0.21905E+03     0.60566E+00     0.18248E-04     0.81443E-03     0.67934E-02    -0.13882E-03
     0.29725E-01     0.21448E-05    -0.43548E-03     0.28570E+00     0.97454E+00     0.10385E-02     0.23745E+00     0.73807E+01     0.29626E+02     0.73807E+01     0.29594E+02     0.21842E+03     0.21866E+03     0.60617E+00     0.32785E-04     0.10358E-02     0.95160E-02    -0.23320E-03
     0.35041E-01     0.31784E-05    -0.50419E-03     0.33300E+00     0.97261E+00     0.10259E-02     0.12809E+00     0.73917E+01     0.29534E+02     0.73917E+01     0.29516E+02     0.21817E+03     0.21830E+03     0.60665E+00     0.53440E-04     0.12571E-02     0.12505E-01    -0.35738E-03
     0.40551E-01     0.44885E-05    -0.57008E-03     0.37995E+00     0.97076E+00     0.10092E-02     0.59731E-01     0.74022E+01     0.29446E+02     0.74022E+01     0.29438E+02     0.21790E+03     0.21796E+03     0.60710E+00     0.80999E-04     0.14751E-02     0.15600E-01    -0.50946E-03
     0.46252E-01     0.61067E-05    -0.63240E-03     0.42604E+00     0.96897E+00     0.98790E-03     0.15731E-01     0.74124E+01     0.29360E+02     0.74124E+01     0.29358E+02     0.21761E+03     0.21763E+03     0.60754E+00     0.11606E-03     0.16878E-02     0.18636E-01    -0.68491E-03
     0.52141E-01     0.80620E-05    -0.69085E-03     0.47079E+00     0.96718E+00     0.96174E-03    -0.13985E-01     0.74226E+01     0.29276E+02     0.74226E+01     0.29278E+02     0.21731E+03     0.21730E+03     0.60798E+00     0.15901E-03     0.18942E-02     0.21463E-01    -0.87739E-03
     0.58216E-01     0.10378E-04    -0.74562E-03     0.51381E+00     0.96539E+00     0.93059E-03    -0.35360E-01     0.74329E+01     0.29191E+02     0.74329E+01     0.29196E+02     0.21700E+03     0.21697E+03     0.60842E+00     0.21007E-03     0.20940E-02     0.23965E-01    -0.10797E-02
     0.64476E-01     0.13075E-04    -0.79731E-03     0.55478E+00     0.96359E+00     0.89444E-03    -0.51814E-01     0.74432E+01     0.29106E+02     0.74432E+01     0.29112E+02     0.21669E+03     0.21663E+03     0.60887E+00     0.26928E-03     0.22865E-02     0.26067E-01    -0.12846E-02
     0.70917E-01     0.16166E-04    -0.84693E-03     0.59348E+00     0.96175E+00     0.85334E-03    -0.65267E-01     0.74538E+01     0.29019E+02     0.74538E+01     0.29028E+02     0.21636E+03     0.21630E+03     0.60932E+00     0.33650E-03     0.24710E-02     0.27732E-01    -0.14857E-02
     0.77539E-01     0.19658E-04    -0.89579E-03     0.62980E+00     0.95989E+00     0.80749E-03    -0.76769E-01     0.74645E+01     0.28932E+02     0.74645E+01     0.28942E+02     0.21603E+03     0.21595E+03     0.60979E+00     0.41140E-03     0.26467E-02     0.28955E-01    -0.16776E-02
     0.84338E-01     0.23554E-04    -0.94541E-03     0.66368E+00     0.95800E+00     0.75715E-03    -0.86877E-01     0.74754E+01     0.28843E+02     0.74754E+01     0.28854E+02     0.21569E+03     0.21560E+03     0.61026E+00     0.49351E-03     0.28125E-02     0.29760E-01    -0.18566E-02
     0.91312E-01     0.27849E-04    -0.99756E-03     0.69514E+00     0.95607E+00     0.70272E-03    -0.95873E-01     0.74866E+01     0.28753E+02     0.74866E+01     0.28765E+02     0.21534E+03     0.21525E+03     0.61073E+00     0.58219E-03     0.29672E-02     0.30183E-01    -0.20200E-02
     0.98459E-01     0.32534E-04    -0.10543E-02     0.72426E+00     0.95411E+00     0.64467E-03    -0.10389E+00     0.74979E+01     0.28661E+02     0.74979E+01     0.28675E+02     0.21499E+03     0.21489E+03     0.61122E+00     0.67663E-03     0.31099E-02     0.30270E-01    -0.21665E-02
     0.10578E+00     0.37592E-04    -0.11180E-02     0.75115E+00     0.95211E+00     0.58354E-03    -0.11101E+00     0.75095E+01     0.28568E+02     0.75095E+01     0.28582E+02     0.21463E+03     0.21452E+03     0.61172E+00     0.77592E-03     0.32397E-02     0.30074E-01    -0.22956E-02
     0.11326E+00     0.43005E-04    -0.11910E-02     0.77593E+00     0.95008E+00     0.51995E-03    -0.11724E+00     0.75214E+01     0.28473E+02     0.75214E+01     0.28489E+02     0.21426E+03     0.21414E+03     0.61223E+00     0.87907E-03     0.33563E-02     0.29644E-01    -0.24078E-02
     0.12092E+00     0.48749E-04    -0.12754E-02     0.79875E+00     0.94800E+00     0.45453E-03    -0.12262E+00     0.75335E+01     0.28377E+02     0.75335E+01     0.28393E+02     0.21389E+03     0.21376E+03     0.61275E+00     0.98501E-03     0.34593E-02     0.29028E-01    -0.25037E-02
     0.12873E+00     0.54797E-04    -0.13721E-02     0.81976E+00     0.94589E+00     0.38795E-03    -0.12716E+00     0.75459E+01     0.28279E+02     0.75459E+01     0.28296E+02     0.21350E+03     0.21338E+03     0.61328E+00     0.10927E-02     0.35492E-02     0.28273E-01    -0.25846E-02
     0.13671E+00     0.61120E-04    -0.14810E-02     0.83909E+00     0.94374E+00     0.32086E-03    -0.13088E+00     0.75585E+01     0.28180E+02     0.75585E+01     0.28197E+02     0.21311E+03     0.21298E+03     0.61382E+00     0.12009E-02     0.36265E-02     0.27415E-01    -0.26514E-02
     0.14485E+00     0.67687E-04    -0.16007E-02     0.85690E+00     0.94155E+00     0.25392E-03    -0.13381E+00     0.75713E+01     0.28080E+02     0.75713E+01     0.28097E+02     0.21271E+03     0.21258E+03     0.61437E+00     0.13088E-02     0.36926E-02     0.26491E-01    -0.27054E-02
     0.15315E+00     0.74465E-04    -0.17290E-02     0.87331E+00     0.93933E+00     0.18774E-03    -0.13600E+00     0.75845E+01     0.27978E+02     0.75845E+01     0.27995E+02     0.21231E+03     0.21217E+03     0.61493E+00     0.14152E-02     0.37489E-02     0.25526E-01    -0.27479E-02
     0.16160E+00     0.81422E-04    -0.18633E-02     0.88846E+00     0.93706E+00     0.12290E-03    -0.13748E+00     0.75978E+01     0.27874E+02     0.75978E+01     0.27892E+02     0.21190E+03     0.21176E+03     0.61551E+00     0.15192E-02     0.37971E-02     0.24545E-01    -0.27797E-02
     0.17021E+00     0.88529E-04    -0.20008E-02     0.90245E+00     0.93475E+00     0.59936E-04    -0.13833E+00     0.76115E+01     0.27769E+02     0.76115E+01     0.27787E+02     0.21147E+03     0.21134E+03     0.61609E+00     0.16200E-02     0.38389E-02     0.23565E-01    -0.28022E-02
     0.17896E+00     0.95755E-04    -0.21389E-02     0.91541E+00     0.93241E+00    -0.66543E-06    -0.13860E+00     0.76254E+01     0.27662E+02     0.76254E+01     0.27680E+02     0.21105E+03     0.21091E+03     0.61668E+00     0.17167E-02     0.38757E-02     0.22599E-01    -0.28162E-02
     0.18787E+00     0.10307E-03    -0.22747E-02     0.92742E+00     0.93002E+00    -0.58474E-04    -0.13835E+00     0.76396E+01     0.27554E+02     0.76396E+01     0.27572E+02     0.21061E+03     0.21047E+03     0.61729E+00     0.18088E-02     0.39084E-02     0.21655E-01    -0.28228E-02
     0.19692E+00     0.11045E-03    -0.24058E-02     0.93859E+00     0.92760E+00    -0.11313E-03    -0.13765E+00     0.76541E+01     0.27444E+02     0.76541E+01     0.27462E+02     0.21017E+03     0.21003E+03     0.61791E+00     0.18955E-02     0.39376E-02     0.20741E-01    -0.28227E-02
     0.20611E+00     0.11788E-03    -0.25296E-02     0.94899E+00     0.92513E+00    -0.16437E-03    -0.13656E+00     0.76689E+01     0.27333E+02     0.76689E+01     0.27351E+02     0.20972E+03     0.20958E+03     0.61854E+00     0.19765E-02     0.39635E-02     0.19858E-01    -0.28165E-02
     0.21545E+00     0.12532E-03    -0.26444E-02     0.95871E+00     0.92262E+00    -0.21197E-03    -0.13516E+00     0.76839E+01     0.27221E+02     0.76839E+01     0.27238E+02     0.20926E+03     0.20912E+03     0.61918E+00     0.20515E-02     0.39859E-02     0.19010E-01    -0.28048E-02
     0.22493E+00     0.13277E-03    -0.27499E-02     0.96782E+00     0.92008E+00    -0.25581E-03    -0.13349E+00     0.76992E+01     0.27107E+02     0.76992E+01     0.27124E+02     0.20879E+03     0.20866E+03     0.61983E+00     0.21202E-02     0.40044E-02     0.18195E-01    -0.27881E-02
     0.23454E+00     0.14021E-03    -0.28466E-02     0.97639E+00     0.91749E+00    -0.29580E-03    -0.13160E+00     0.77149E+01     0.26991E+02     0.77149E+01     0.27008E+02     0.20832E+03     0.20819E+03     0.62050E+00     0.21825E-02     0.40181E-02     0.17416E-01    -0.27667E-02
     0.24429E+00     0.14762E-03    -0.29355E-02     0.98447E+00     0.91486E+00    -0.33192E-03    -0.12949E+00     0.77308E+01     0.26875E+02     0.77308E+01     0.26891E+02     0.20784E+03     0.20771E+03     0.62117E+00     0.22385E-02     0.40264E-02     0.16670E-01    -0.27411E-02
     0.25418E+00     0.15498E-03    -0.30168E-02     0.99212E+00     0.91219E+00    -0.36418E-03    -0.12720E+00     0.77470E+01     0.26756E+02     0.77470E+01     0.26772E+02     0.20736E+03     0.20723E+03     0.62186E+00     0.22881E-02     0.40285E-02     0.15957E-01    -0.27117E-02
     0.26419E+00     0.16228E-03    -0.30897E-02     0.99939E+00     0.90948E+00    -0.39262E-03    -0.12475E+00     0.77635E+01     0.26636E+02     0.77635E+01     0.26652E+02     0.20686E+03     0.20674E+03     0.62256E+00     0.23314E-02     0.40242E-02     0.15276E-01    -0.26789E-02
     0.27434E+00     0.16951E-03    -0.31523E-02     0.10063E+01     0.90672E+00    -0.41727E-03    -0.12217E+00     0.77804E+01     0.26515E+02     0.77804E+01     0.26530E+02     0.20636E+03     0.20624E+03     0.62328E+00     0.23685E-02     0.40137E-02     0.14627E-01    -0.26430E-02
     0.28460E+00     0.17666E-03    -0.32015E-02     0.10129E+01     0.90393E+00    -0.43819E-03    -0.11950E+00     0.77975E+01     0.26393E+02     0.77975E+01     0.26407E+02     0.20585E+03     0.20573E+03     0.62400E+00     0.23995E-02     0.39981E-02     0.14009E-01    -0.26046E-02
     0.29500E+00     0.18371E-03    -0.32334E-02     0.10193E+01     0.90109E+00    -0.45545E-03    -0.11677E+00     0.78149E+01     0.26269E+02     0.78149E+01     0.26283E+02     0.20534E+03     0.20522E+03     0.62474E+00     0.24245E-02     0.39779E-02     0.13420E-01    -0.25639E-02
     0.30551E+00     0.19066E-03    -0.32441E-02     0.10254E+01     0.89821E+00    -0.46914E-03    -0.11403E+00     0.78327E+01     0.26143E+02     0.78327E+01     0.26157E+02     0.20482E+03     0.20470E+03     0.62550E+00     0.24437E-02     0.39534E-02     0.12857E-01    -0.25213E-02
     0.31615E+00     0.19751E-03    -0.32308E-02     0.10313E+01     0.89529E+00    -0.47939E-03    -0.11134E+00     0.78508E+01     0.26017E+02     0.78508E+01     0.26030E+02     0.20429E+03     0.20418E+03     0.62626E+00     0.24573E-02     0.39244E-02     0.12319E-01    -0.24768E-02
     0.32690E+00     0.20426E-03    -0.31917E-02     0.10370E+01     0.89232E+00    -0.48635E-03    -0.10871E+00     0.78692E+01     0.25889E+02     0.78692E+01     0.25901E+02     0.20375E+03     0.20364E+03     0.62704E+00     0.24656E-02     0.38902E-02     0.11805E-01    -0.24309E-02
     0.33777E+00     0.21091E-03    -0.31258E-02     0.10425E+01     0.88931E+00    -0.49017E-03    -0.10614E+00     0.78879E+01     0.25759E+02     0.78879E+01     0.25772E+02     0.20321E+03     0.20310E+03     0.62783E+00     0.24688E-02     0.38505E-02     0.11316E-01    -0.23839E-02
     0.34875E+00     0.21745E-03    -0.30328E-02     0.10479E+01     0.88626E+00    -0.49107E-03    -0.10365E+00     0.79070E+01     0.25628E+02     0.79070E+01     0.25640E+02     0.20266E+03     0.20255E+03     0.62864E+00     0.24673E-02     0.38052E-02     0.10851E-01    -0.23360E-02
     0.35985E+00     0.22390E-03    -0.29139E-02     0.10530E+01     0.88317E+00    -0.48928E-03    -0.10127E+00     0.79264E+01     0.25496E+02     0.79264E+01     0.25508E+02     0.20210E+03     0.20200E+03     0.62945E+00     0.24614E-02     0.37545E-02     0.10409E-01    -0.22874E-02
     0.37105E+00     0.23025E-03    -0.27713E-02     0.10581E+01     0.88003E+00    -0.48506E-03    -0.99015E-01     0.79462E+01     0.25363E+02     0.79462E+01     0.25374E+02     0.20154E+03     0.20144E+03     0.63029E+00     0.24517E-02     0.36996E-02     0.99900E-02    -0.22380E-02
     0.38236E+00     0.23652E-03    -0.26085E-02     0.10629E+01     0.87685E+00    -0.47864E-03    -0.96856E-01     0.79663E+01     0.25228E+02     0.79663E+01     0.25239E+02     0.20096E+03     0.20087E+03     0.63113E+00     0.24384E-02     0.36418E-02     0.95920E-02    -0.21877E-02
     0.39377E+00     0.24269E-03    -0.24291E-02     0.10677E+01     0.87362E+00    -0.47021E-03    -0.94770E-01     0.79868E+01     0.25092E+02     0.79868E+01     0.25102E+02     0.20039E+03     0.20029E+03     0.63199E+00     0.24219E-02     0.35828E-02     0.92150E-02    -0.21367E-02
     0.40528E+00     0.24877E-03    -0.22382E-02     0.10723E+01     0.87035E+00    -0.45995E-03    -0.92762E-01     0.80076E+01     0.24954E+02     0.80076E+01     0.24965E+02     0.19980E+03     0.19971E+03     0.63287E+00     0.24025E-02     0.35233E-02     0.88580E-02    -0.20851E-02
     0.41690E+00     0.25476E-03    -0.20410E-02     0.10768E+01     0.86703E+00    -0.44807E-03    -0.90874E-01     0.80288E+01     0.24816E+02     0.80288E+01     0.24826E+02     0.19921E+03     0.19912E+03     0.63376E+00     0.23805E-02     0.34634E-02     0.85188E-02    -0.20328E-02
     0.42861E+00     0.26068E-03    -0.18426E-02     0.10813E+01     0.86368E+00    -0.43478E-03    -0.89138E-01     0.80503E+01     0.24676E+02     0.80503E+01     0.24686E+02     0.19861E+03     0.19852E+03     0.63466E+00     0.23564E-02     0.34027E-02     0.81952E-02    -0.19799E-02
     0.44042E+00     0.26653E-03    -0.16464E-02     0.10856E+01     0.86027E+00    -0.42033E-03    -0.87555E-01     0.80722E+01     0.24535E+02     0.80722E+01     0.24544E+02     0.19800E+03     0.19791E+03     0.63558E+00     0.23303E-02     0.33406E-02     0.78856E-02    -0.19263E-02
     0.45232E+00     0.27231E-03    -0.14550E-02     0.10898E+01     0.85682E+00    -0.40494E-03    -0.86120E-01     0.80945E+01     0.24392E+02     0.80945E+01     0.24402E+02     0.19739E+03     0.19730E+03     0.63651E+00     0.23028E-02     0.32768E-02     0.75898E-02    -0.18718E-02
     0.46431E+00     0.27804E-03    -0.12698E-02     0.10939E+01     0.85333E+00    -0.38886E-03    -0.84824E-01     0.81172E+01     0.24249E+02     0.81172E+01     0.24258E+02     0.19677E+03     0.19668E+03     0.63746E+00     0.22743E-02     0.32114E-02     0.73076E-02    -0.18168E-02
     0.47639E+00     0.28373E-03    -0.10904E-02     0.10979E+01     0.84979E+00    -0.37229E-03    -0.83647E-01     0.81403E+01     0.24104E+02     0.81403E+01     0.24113E+02     0.19614E+03     0.19606E+03     0.63842E+00     0.22449E-02     0.31448E-02     0.70387E-02    -0.17612E-02
     0.48855E+00     0.28937E-03    -0.91485E-03     0.11018E+01     0.84621E+00    -0.35538E-03    -0.82556E-01     0.81637E+01     0.23958E+02     0.81637E+01     0.23967E+02     0.19550E+03     0.19542E+03     0.63940E+00     0.22150E-02     0.30773E-02     0.67822E-02    -0.17052E-02
     0.50081E+00     0.29497E-03    -0.74090E-03     0.11056E+01     0.84258E+00    -0.33828E-03    -0.81543E-01     0.81876E+01     0.23811E+02     0.81876E+01     0.23820E+02     0.19486E+03     0.19478E+03     0.64040E+00     0.21849E-02     0.30089E-02     0.65373E-02    -0.16488E-02
     0.51314E+00     0.30053E-03    -0.56716E-03     0.11093E+01     0.83890E+00    -0.32113E-03    -0.80625E-01     0.82118E+01     0.23663E+02     0.82118E+01     0.23671E+02     0.19421E+03     0.19413E+03     0.64141E+00     0.21547E-02     0.29400E-02     0.63027E-02    -0.15921E-02
     0.52555E+00     0.30607E-03    -0.39372E-03     0.11129E+01     0.83518E+00    -0.30405E-03    -0.79832E-01     0.82365E+01     0.23514E+02     0.82365E+01     0.23522E+02     0.19356E+03     0.19348E+03     0.64243E+00     0.21246E-02     0.28711E-02     0.60779E-02    -0.15351E-02
     0.53804E+00     0.31158E-03    -0.22225E-03     0.11164E+01     0.83142E+00    -0.28715E-03    -0.79181E-01     0.82615E+01     0.23363E+02     0.82615E+01     0.23371E+02     0.19290E+03     0.19282E+03     0.64348E+00     0.20949E-02     0.28028E-02     0.58622E-02    -0.14779E-02
     0.55061E+00     0.31708E-03    -0.55575E-04     0.11199E+01     0.82760E+00    -0.27048E-03    -0.78667E-01     0.82870E+01     0.23212E+02     0.82870E+01     0.23220E+02     0.19223E+03     0.19215E+03     0.64453E+00     0.20655E-02     0.27361E-02     0.56550E-02    -0.14205E-02
     0.56325E+00     0.32258E-03     0.10314E-03     0.11232E+01     0.82375E+00    -0.25407E-03    -0.78303E-01     0.83129E+01     0.23059E+02     0.83129E+01     0.23067E+02     0.19155E+03     0.19147E+03     0.64561E+00     0.20365E-02     0.26716E-02     0.54557E-02    -0.13629E-02
     0.57596E+00     0.32809E-03     0.25221E-03     0.11265E+01     0.81984E+00    -0.23792E-03    -0.78128E-01     0.83393E+01     0.22906E+02     0.83393E+01     0.22913E+02     0.19087E+03     0.19079E+03     0.64670E+00     0.20080E-02     0.26091E-02     0.52642E-02    -0.13051E-02
     0.58874E+00     0.33362E-03     0.39248E-03     0.11297E+01     0.81589E+00    -0.22205E-03    -0.78179E-01     0.83661E+01     0.22751E+02     0.83661E+01     0.22759E+02     0.19018E+03     0.19010E+03     0.64781E+00     0.19799E-02     0.25482E-02     0.50802E-02    -0.12472E-02
     0.60158E+00     0.33920E-03     0.52633E-03     0.11328E+01     0.81189E+00    -0.20649E-03    -0.78494E-01     0.83933E+01     0.22595E+02     0.83933E+01     0.22603E+02     0.18948E+03     0.18940E+03     0.64894E+00     0.19523E-02     0.24887E-02     0.49035E-02    -0.11893E-02
     0.61449E+00     0.34485E-03     0.65590E-03     0.11357E+01     0.80784E+00    -0.19128E-03    -0.79106E-01     0.84210E+01     0.22439E+02     0.84210E+01     0.22446E+02     0.18878E+03     0.18870E+03     0.65008E+00     0.19253E-02     0.24304E-02     0.47342E-02    -0.11312E-02
     0.62747E+00     0.35059E-03     0.78211E-03     0.11386E+01     0.80375E+00    -0.17649E-03    -0.80015E-01     0.84491E+01     0.22281E+02     0.84491E+01     0.22289E+02     0.18806E+03     0.18798E+03     0.65124E+00     0.18990E-02     0.23736E-02     0.45725E-02    -0.10730E-02
     0.64050E+00     0.35644E-03     0.90531E-03     0.11414E+01     0.79961E+00    -0.16218E-03    -0.81213E-01     0.84777E+01     0.22122E+02     0.84777E+01     0.22130E+02     0.18735E+03     0.18727E+03     0.65242E+00     0.18734E-02     0.23187E-02     0.44181E-02    -0.10146E-02
     0.65359E+00     0.36244E-03     0.10262E-02     0.11441E+01     0.79542E+00    -0.14842E-03    -0.82695E-01     0.85068E+01     0.21963E+02     0.85068E+01     0.21971E+02     0.18662E+03     0.18654E+03     0.65361E+00     0.18487E-02     0.22660E-02     0.42710E-02    -0.95623E-03
     0.66673E+00     0.36859E-03     0.11459E-02     0.11466E+01     0.79119E+00    -0.13532E-03    -0.84457E-01     0.85363E+01     0.21803E+02     0.85363E+01     0.21810E+02     0.18589E+03     0.18581E+03     0.65483E+00     0.18250E-02     0.22156E-02     0.41321E-02    -0.89794E-03
     0.67993E+00     0.37492E-03     0.12652E-02     0.11490E+01     0.78690E+00    -0.12298E-03    -0.86497E-01     0.85664E+01     0.21641E+02     0.85664E+01     0.21649E+02     0.18516E+03     0.18507E+03     0.65606E+00     0.18025E-02     0.21679E-02     0.40018E-02    -0.83990E-03
     0.69318E+00     0.38146E-03     0.13845E-02     0.11513E+01     0.78257E+00    -0.11147E-03    -0.88791E-01     0.85969E+01     0.21479E+02     0.85969E+01     0.21487E+02     0.18441E+03     0.18432E+03     0.65731E+00     0.17812E-02     0.21233E-02     0.38804E-02    -0.78214E-03
     0.70648E+00     0.38822E-03     0.15043E-02     0.11535E+01     0.77820E+00    -0.10083E-03    -0.91307E-01     0.86279E+01     0.21316E+02     0.86279E+01     0.21325E+02     0.18366E+03     0.18357E+03     0.65858E+00     0.17613E-02     0.20820E-02     0.37681E-02    -0.72466E-03
     0.71982E+00     0.39522E-03     0.16261E-02     0.11555E+01     0.77378E+00    -0.91119E-04    -0.94049E-01     0.86593E+01     0.21153E+02     0.86593E+01     0.21161E+02     0.18291E+03     0.18281E+03     0.65987E+00     0.17428E-02     0.20439E-02     0.36652E-02    -0.66745E-03
     0.73321E+00     0.40248E-03     0.17516E-02     0.11574E+01     0.76931E+00    -0.82385E-04    -0.97054E-01     0.86913E+01     0.20988E+02     0.86913E+01     0.20997E+02     0.18214E+03     0.18205E+03     0.66118E+00     0.17258E-02     0.20087E-02     0.35713E-02    -0.61049E-03
     0.74665E+00     0.41002E-03     0.18825E-02     0.11591E+01     0.76480E+00    -0.74709E-04    -0.10033E+00     0.87238E+01     0.20823E+02     0.87238E+01     0.20832E+02     0.18137E+03     0.18127E+03     0.66250E+00     0.17104E-02     0.19761E-02     0.34858E-02    -0.55368E-03
     0.76012E+00     0.41787E-03     0.20207E-02     0.11607E+01     0.76024E+00    -0.68171E-04    -0.10383E+00     0.87568E+01     0.20658E+02     0.87568E+01     0.20667E+02     0.18060E+03     0.18050E+03     0.66385E+00     0.16966E-02     0.19463E-02     0.34086E-02    -0.49694E-03
     0.77363E+00     0.42603E-03     0.21673E-02     0.11622E+01     0.75564E+00    -0.62853E-04    -0.10753E+00     0.87903E+01     0.20491E+02     0.87903E+01     0.20501E+02     0.17982E+03     0.17971E+03     0.66521E+00     0.16847E-02     0.19193E-02     0.33390E-02    -0.44021E-03
     0.78717E+00     0.43454E-03     0.23224E-02     0.11635E+01     0.75099E+00    -0.58825E-04    -0.11140E+00     0.88242E+01     0.20324E+02     0.88242E+01     0.20334E+02     0.17903E+03     0.17892E+03     0.66659E+00     0.16746E-02     0.18950E-02     0.32769E-02    -0.38347E-03
     0.80075E+00     0.44339E-03     0.24844E-02     0.11646E+01     0.74630E+00    -0.56132E-04    -0.11538E+00     0.88587E+01     0.20157E+02     0.88587E+01     0.20168E+02     0.17824E+03     0.17813E+03     0.66799E+00     0.16665E-02     0.18732E-02     0.32219E-02    -0.32670E-03
     0.81436E+00     0.45258E-03     0.26501E-02     0.11656E+01     0.74157E+00    -0.54785E-04    -0.11942E+00     0.88937E+01     0.19989E+02     0.88937E+01     0.20000E+02     0.17744E+03     0.17732E+03     0.66941E+00     0.16604E-02     0.18539E-02     0.31745E-02    -0.26990E-03
     0.82800E+00     0.46213E-03     0.28153E-02     0.11665E+01     0.73680E+00    -0.54766E-04    -0.12347E+00     0.89292E+01     0.19821E+02     0.89292E+01     0.19832E+02     0.17664E+03     0.17652E+03     0.67085E+00     0.16562E-02     0.18367E-02     0.31350E-02    -0.21315E-03
     0.84166E+00     0.47203E-03     0.29753E-02     0.11672E+01     0.73199E+00    -0.56049E-04    -0.12750E+00     0.89652E+01     0.19653E+02     0.89652E+01     0.19664E+02     0.17583E+03     0.17571E+03     0.67230E+00     0.16539E-02     0.18214E-02     0.31040E-02    -0.15654E-03
     0.85535E+00     0.48227E-03     0.31257E-02     0.11677E+01     0.72713E+00    -0.58604E-04    -0.13147E+00     0.90017E+01     0.19484E+02     0.90017E+01     0.19496E+02     0.17502E+03     0.17489E+03     0.67378E+00     0.16534E-02     0.18078E-02     0.30821E-02    -0.10016E-03
     0.86906E+00     0.49285E-03     0.32631E-02     0.11681E+01     0.72225E+00    -0.62396E-04    -0.13535E+00     0.90387E+01     0.19315E+02     0.90387E+01     0.19327E+02     0.17420E+03     0.17407E+03     0.67527E+00     0.16547E-02     0.17963E-02     0.30698E-02    -0.44141E-04
     0.88279E+00     0.50375E-03     0.33856E-02     0.11684E+01     0.71732E+00    -0.67393E-04    -0.13912E+00     0.90762E+01     0.19146E+02     0.90762E+01     0.19159E+02     0.17338E+03     0.17324E+03     0.67678E+00     0.16576E-02     0.17871E-02     0.30672E-02     0.11432E-04
     0.89654E+00     0.51497E-03     0.34923E-02     0.11684E+01     0.71236E+00    -0.73557E-04    -0.14277E+00     0.91142E+01     0.18977E+02     0.91142E+01     0.18990E+02     0.17255E+03     0.17241E+03     0.67831E+00     0.16622E-02     0.17805E-02     0.30742E-02     0.66518E-04
     0.91031E+00     0.52649E-03     0.35830E-02     0.11683E+01     0.70736E+00    -0.80854E-04    -0.14631E+00     0.91527E+01     0.18808E+02     0.91527E+01     0.18821E+02     0.17172E+03     0.17158E+03     0.67986E+00     0.16684E-02     0.17770E-02     0.30904E-02     0.12115E-03
     0.92408E+00     0.53830E-03     0.36578E-02     0.11681E+01     0.70233E+00    -0.89249E-04    -0.14973E+00     0.91917E+01     0.18639E+02     0.91917E+01     0.18652E+02     0.17089E+03     0.17074E+03     0.68142E+00     0.16761E-02     0.17768E-02     0.31155E-02     0.17538E-03
     0.93787E+00     0.55039E-03     0.37169E-02     0.11676E+01     0.69726E+00    -0.98711E-04    -0.15303E+00     0.92312E+01     0.18469E+02     0.92312E+01     0.18483E+02     0.17005E+03     0.16990E+03     0.68300E+00     0.16853E-02     0.17800E-02     0.31492E-02     0.22928E-03
     0.95167E+00     0.56275E-03     0.37612E-02     0.11670E+01     0.69216E+00    -0.10921E-03    -0.15619E+00     0.92712E+01     0.18300E+02     0.92712E+01     0.18314E+02     0.16921E+03     0.16905E+03     0.68460E+00     0.16959E-02     0.17867E-02     0.31913E-02     0.28294E-03
     0.96547E+00     0.57536E-03     0.37926E-02     0.11662E+01     0.68703E+00    -0.12071E-03    -0.15922E+00     0.93117E+01     0.18131E+02     0.93117E+01     0.18145E+02     0.16836E+03     0.16820E+03     0.68622E+00     0.17078E-02     0.17966E-02     0.32414E-02     0.33648E-03
     0.97928E+00     0.58822E-03     0.38132E-02     0.11653E+01     0.68187E+00    -0.13315E-03    -0.16207E+00     0.93527E+01     0.17962E+02     0.93527E+01     0.17976E+02     0.16751E+03     0.16735E+03     0.68785E+00     0.17210E-02     0.18098E-02     0.33000E-02     0.38996E-03
     0.99309E+00     0.60130E-03     0.38257E-02     0.11642E+01     0.67668E+00    -0.14647E-03    -0.16470E+00     0.93942E+01     0.17794E+02     0.93942E+01     0.17808E+02     0.16666E+03     0.16650E+03     0.68950E+00     0.17354E-02     0.18260E-02     0.33671E-02     0.44343E-03
     0.10069E+01     0.61457E-03     0.38335E-02     0.11630E+01     0.67147E+00    -0.16060E-03    -0.16709E+00     0.94361E+01     0.17625E+02     0.94361E+01     0.17639E+02     0.16580E+03     0.16564E+03     0.69117E+00     0.17508E-02     0.18452E-02     0.34427E-02     0.49691E-03
     0.10207E+01     0.62801E-03     0.38394E-02     0.11616E+01     0.66622E+00    -0.17549E-03    -0.16922E+00     0.94786E+01     0.17457E+02     0.94786E+01     0.17471E+02     0.16495E+03     0.16478E+03     0.69286E+00     0.17671E-02     0.18671E-02     0.35266E-02     0.55043E-03
     0.10345E+01     0.64161E-03     0.38444E-02     0.11600E+01     0.66095E+00    -0.19112E-03    -0.17114E+00     0.95215E+01     0.17290E+02     0.95215E+01     0.17304E+02     0.16409E+03     0.16391E+03     0.69456E+00     0.17845E-02     0.18915E-02     0.36181E-02     0.60397E-03
     0.10483E+01     0.65534E-03     0.38475E-02     0.11583E+01     0.65565E+00    -0.20745E-03    -0.17285E+00     0.95649E+01     0.17122E+02     0.95649E+01     0.17136E+02     0.16322E+03     0.16305E+03     0.69628E+00     0.18027E-02     0.19185E-02     0.37165E-02     0.65750E-03
     0.10621E+01     0.66918E-03     0.38456E-02     0.11565E+01     0.65032E+00    -0.22448E-03    -0.17440E+00     0.96088E+01     0.16955E+02     0.96088E+01     0.16969E+02     0.16236E+03     0.16218E+03     0.69801E+00     0.18218E-02     0.19483E-02     0.38210E-02     0.71096E-03
     0.10759E+01     0.68313E-03     0.38339E-02     0.11545E+01     0.64497E+00    -0.24220E-03    -0.17586E+00     0.96532E+01     0.16789E+02     0.96532E+01     0.16803E+02     0.16149E+03     0.16131E+03     0.69976E+00     0.18417E-02     0.19811E-02     0.39307E-02     0.76427E-03
     0.10897E+01     0.69717E-03     0.38079E-02     0.11525E+01     0.63959E+00    -0.26064E-03    -0.17730E+00     0.96981E+01     0.16623E+02     0.96981E+01     0.16637E+02     0.16062E+03     0.16044E+03     0.70153E+00     0.18626E-02     0.20168E-02     0.40443E-02     0.81732E-03
     0.11035E+01     0.71132E-03     0.37646E-02     0.11503E+01     0.63419E+00    -0.27985E-03    -0.17871E+00     0.97435E+01     0.16457E+02     0.97435E+01     0.16471E+02     0.15975E+03     0.15957E+03     0.70332E+00     0.18844E-02     0.20553E-02     0.41610E-02     0.87002E-03
     0.11172E+01     0.72557E-03     0.37033E-02     0.11480E+01     0.62877E+00    -0.29986E-03    -0.18007E+00     0.97894E+01     0.16292E+02     0.97894E+01     0.16306E+02     0.15887E+03     0.15869E+03     0.70512E+00     0.19072E-02     0.20963E-02     0.42802E-02     0.92241E-03
     0.11309E+01     0.73989E-03     0.36249E-02     0.11456E+01     0.62332E+00    -0.32073E-03    -0.18130E+00     0.98358E+01     0.16127E+02     0.98358E+01     0.16141E+02     0.15800E+03     0.15782E+03     0.70694E+00     0.19310E-02     0.21398E-02     0.44018E-02     0.97456E-03
     0.11447E+01     0.75427E-03     0.35301E-02     0.11431E+01     0.61786E+00    -0.34246E-03    -0.18240E+00     0.98827E+01     0.15963E+02     0.98827E+01     0.15977E+02     0.15712E+03     0.15694E+03     0.70878E+00     0.19560E-02     0.21857E-02     0.45255E-02     0.10266E-02
     0.11583E+01     0.76871E-03     0.34193E-02     0.11405E+01     0.61237E+00    -0.36506E-03    -0.18339E+00     0.99301E+01     0.15800E+02     0.99301E+01     0.15814E+02     0.15624E+03     0.15606E+03     0.71063E+00     0.19819E-02     0.22344E-02     0.46509E-02     0.10785E-02
     0.11720E+01     0.78319E-03     0.32915E-02     0.11377E+01     0.60686E+00    -0.38852E-03    -0.18434E+00     0.99780E+01     0.15637E+02     0.99780E+01     0.15651E+02     0.15537E+03     0.15518E+03     0.71250E+00     0.20089E-02     0.22863E-02     0.47775E-02     0.11303E-02
     0.11856E+01     0.79772E-03     0.31450E-02     0.11350E+01     0.60133E+00    -0.41282E-03    -0.18528E+00     0.10026E+02     0.15475E+02     0.10026E+02     0.15489E+02     0.15449E+03     0.15430E+03     0.71439E+00     0.20369E-02     0.23414E-02     0.49048E-02     0.11819E-02
     0.11993E+01     0.81229E-03     0.29786E-02     0.11321E+01     0.59579E+00    -0.43796E-03    -0.18618E+00     0.10075E+02     0.15314E+02     0.10075E+02     0.15328E+02     0.15361E+03     0.15342E+03     0.71629E+00     0.20659E-02     0.23996E-02     0.50324E-02     0.12333E-02
     0.12128E+01     0.82689E-03     0.27928E-02     0.11291E+01     0.59023E+00    -0.46392E-03    -0.18696E+00     0.10125E+02     0.15153E+02     0.10125E+02     0.15167E+02     0.15273E+03     0.15254E+03     0.71820E+00     0.20958E-02     0.24604E-02     0.51598E-02     0.12844E-02
     0.12264E+01     0.84149E-03     0.25905E-02     0.11261E+01     0.58465E+00    -0.49063E-03    -0.18753E+00     0.10174E+02     0.14993E+02     0.10174E+02     0.15007E+02     0.15184E+03     0.15166E+03     0.72014E+00     0.21266E-02     0.25234E-02     0.52869E-02     0.13351E-02
     0.12399E+01     0.85608E-03     0.23770E-02     0.11229E+01     0.57905E+00    -0.51810E-03    -0.18793E+00     0.10225E+02     0.14834E+02     0.10225E+02     0.14848E+02     0.15096E+03     0.15078E+03     0.72208E+00     0.21583E-02     0.25884E-02     0.54136E-02     0.13853E-02
     0.12534E+01     0.87065E-03     0.21583E-02     0.11197E+01     0.57345E+00    -0.54633E-03    -0.18825E+00     0.10275E+02     0.14676E+02     0.10275E+02     0.14690E+02     0.15008E+03     0.14989E+03     0.72405E+00     0.21908E-02     0.26550E-02     0.55397E-02     0.14348E-02
     0.12668E+01     0.88519E-03     0.19393E-02     0.11165E+01     0.56782E+00    -0.57534E-03    -0.18849E+00     0.10327E+02     0.14519E+02     0.10327E+02     0.14532E+02     0.14920E+03     0.14901E+03     0.72603E+00     0.22242E-02     0.27225E-02     0.56657E-02     0.14839E-02
     0.12802E+01     0.89970E-03     0.17225E-02     0.11131E+01     0.56219E+00    -0.60513E-03    -0.18857E+00     0.10378E+02     0.14363E+02     0.10378E+02     0.14376E+02     0.14832E+03     0.14813E+03     0.72802E+00     0.22585E-02     0.27904E-02     0.57922E-02     0.15325E-02
     0.12935E+01     0.91414E-03     0.15084E-02     0.11097E+01     0.55655E+00    -0.63567E-03    -0.18825E+00     0.10431E+02     0.14207E+02     0.10431E+02     0.14220E+02     0.14744E+03     0.14725E+03     0.73003E+00     0.22936E-02     0.28581E-02     0.59195E-02     0.15808E-02
     0.13068E+01     0.92846E-03     0.12964E-02     0.11062E+01     0.55089E+00    -0.66684E-03    -0.18732E+00     0.10483E+02     0.14053E+02     0.10483E+02     0.14065E+02     0.14656E+03     0.14637E+03     0.73205E+00     0.23293E-02     0.29254E-02     0.60480E-02     0.16288E-02
     0.13201E+01     0.94258E-03     0.10868E-02     0.11027E+01     0.54523E+00    -0.69857E-03    -0.18574E+00     0.10536E+02     0.13899E+02     0.10536E+02     0.13912E+02     0.14568E+03     0.14549E+03     0.73409E+00     0.23655E-02     0.29922E-02     0.61781E-02     0.16764E-02
     0.13333E+01     0.95646E-03     0.88105E-03     0.10991E+01     0.53957E+00    -0.73074E-03    -0.18354E+00     0.10590E+02     0.13747E+02     0.10590E+02     0.13759E+02     0.14480E+03     0.14462E+03     0.73614E+00     0.24021E-02     0.30583E-02     0.63103E-02     0.17237E-02
     0.13464E+01     0.97005E-03     0.68174E-03     0.10954E+01     0.53389E+00    -0.76328E-03    -0.18078E+00     0.10644E+02     0.13596E+02     0.10644E+02     0.13607E+02     0.14392E+03     0.14374E+03     0.73820E+00     0.24390E-02     0.31236E-02     0.64445E-02     0.17706E-02
     0.13595E+01     0.98331E-03     0.49177E-03     0.10917E+01     0.52821E+00    -0.79610E-03    -0.17761E+00     0.10698E+02     0.13445E+02     0.10698E+02     0.13456E+02     0.14304E+03     0.14287E+03     0.74027E+00     0.24761E-02     0.31881E-02     0.65802E-02     0.18170E-02
     0.13725E+01     0.99622E-03     0.31299E-03     0.10879E+01     0.52252E+00    -0.82913E-03    -0.17419E+00     0.10753E+02     0.13296E+02     0.10753E+02     0.13307E+02     0.14217E+03     0.14199E+03     0.74237E+00     0.25132E-02     0.32521E-02     0.67168E-02     0.18628E-02
     0.13855E+01     0.10088E-02     0.14609E-03     0.10840E+01     0.51682E+00    -0.86223E-03    -0.17066E+00     0.10808E+02     0.13148E+02     0.10808E+02     0.13158E+02     0.14129E+03     0.14112E+03     0.74447E+00     0.25503E-02     0.33164E-02     0.68538E-02     0.19080E-02
     0.13984E+01     0.10210E-02    -0.88830E-05     0.10801E+01     0.51111E+00    -0.89530E-03    -0.16708E+00     0.10864E+02     0.13000E+02     0.10864E+02     0.13010E+02     0.14042E+03     0.14025E+03     0.74659E+00     0.25870E-02     0.33822E-02     0.69908E-02     0.19525E-02
     0.14113E+01     0.10328E-02    -0.15314E-03     0.10762E+01     0.50540E+00    -0.92825E-03    -0.16350E+00     0.10920E+02     0.12854E+02     0.10920E+02     0.12863E+02     0.13954E+03     0.13938E+03     0.74873E+00     0.26234E-02     0.34505E-02     0.71283E-02     0.19964E-02
     0.14240E+01     0.10443E-02    -0.28925E-03     0.10722E+01     0.49967E+00    -0.96106E-03    -0.15997E+00     0.10977E+02     0.12709E+02     0.10977E+02     0.12717E+02     0.13867E+03     0.13851E+03     0.75088E+00     0.26594E-02     0.35216E-02     0.72666E-02     0.20397E-02
     0.14368E+01     0.10554E-02    -0.42064E-03     0.10681E+01     0.49393E+00    -0.99381E-03    -0.15662E+00     0.11035E+02     0.12564E+02     0.11035E+02     0.12573E+02     0.13780E+03     0.13764E+03     0.75305E+00     0.26951E-02     0.35950E-02     0.74050E-02     0.20823E-02
     0.14494E+01     0.10662E-02    -0.55096E-03     0.10640E+01     0.48819E+00    -0.10266E-02    -0.15346E+00     0.11093E+02     0.12421E+02     0.11093E+02     0.12429E+02     0.13693E+03     0.13677E+03     0.75523E+00     0.27305E-02     0.36694E-02     0.75432E-02     0.21241E-02
     0.14620E+01     0.10768E-02    -0.68205E-03     0.10598E+01     0.48244E+00    -0.10594E-02    -0.15035E+00     0.11151E+02     0.12278E+02     0.11151E+02     0.12286E+02     0.13606E+03     0.13591E+03     0.75743E+00     0.27658E-02     0.37434E-02     0.76820E-02     0.21654E-02
     0.14744E+01     0.10870E-02    -0.81190E-03     0.10556E+01     0.47667E+00    -0.10922E-02    -0.14706E+00     0.11210E+02     0.12137E+02     0.11210E+02     0.12144E+02     0.13519E+03     0.13504E+03     0.75964E+00     0.28009E-02     0.38170E-02     0.78222E-02     0.22064E-02
     0.14869E+01     0.10968E-02    -0.93487E-03     0.10513E+01     0.47090E+00    -0.11250E-02    -0.14338E+00     0.11269E+02     0.11996E+02     0.11269E+02     0.12003E+02     0.13432E+03     0.13418E+03     0.76187E+00     0.28357E-02     0.38906E-02     0.79648E-02     0.22471E-02
     0.14992E+01     0.11063E-02    -0.10451E-02     0.10469E+01     0.46513E+00    -0.11577E-02    -0.13916E+00     0.11329E+02     0.11857E+02     0.11329E+02     0.11863E+02     0.13346E+03     0.13332E+03     0.76412E+00     0.28701E-02     0.39644E-02     0.81113E-02     0.22876E-02
     0.15114E+01     0.11153E-02    -0.11396E-02     0.10425E+01     0.45935E+00    -0.11902E-02    -0.13433E+00     0.11390E+02     0.11719E+02     0.11390E+02     0.11724E+02     0.13260E+03     0.13246E+03     0.76638E+00     0.29040E-02     0.40374E-02     0.82630E-02     0.23278E-02
     0.15236E+01     0.11239E-02    -0.12184E-02     0.10381E+01     0.45357E+00    -0.12223E-02    -0.12893E+00     0.11450E+02     0.11581E+02     0.11450E+02     0.11586E+02     0.13173E+03     0.13160E+03     0.76865E+00     0.29372E-02     0.41083E-02     0.84204E-02     0.23677E-02
     0.15357E+01     0.11319E-02    -0.12828E-02     0.10336E+01     0.44778E+00    -0.12541E-02    -0.12301E+00     0.11512E+02     0.11445E+02     0.11512E+02     0.11450E+02     0.13087E+03     0.13075E+03     0.77094E+00     0.29697E-02     0.41760E-02     0.85840E-02     0.24071E-02
     0.15477E+01     0.11394E-02    -0.13329E-02     0.10290E+01     0.44198E+00    -0.12855E-02    -0.11663E+00     0.11574E+02     0.11310E+02     0.11574E+02     0.11314E+02     0.13001E+03     0.12989E+03     0.77325E+00     0.30015E-02     0.42406E-02     0.87537E-02     0.24457E-02
     0.15596E+01     0.11463E-02    -0.13669E-02     0.10244E+01     0.43618E+00    -0.13167E-02    -0.10976E+00     0.11636E+02     0.11176E+02     0.11636E+02     0.11179E+02     0.12915E+03     0.12904E+03     0.77557E+00     0.30327E-02     0.43026E-02     0.89283E-02     0.24835E-02
     0.15714E+01     0.11526E-02    -0.13835E-02     0.10198E+01     0.43038E+00    -0.13474E-02    -0.10227E+00     0.11699E+02     0.11043E+02     0.11699E+02     0.11045E+02     0.12829E+03     0.12819E+03     0.77791E+00     0.30631E-02     0.43623E-02     0.91072E-02     0.25204E-02
     0.15831E+01     0.11582E-02    -0.13854E-02     0.10152E+01     0.42456E+00    -0.13776E-02    -0.93969E-01     0.11763E+02     0.10911E+02     0.11763E+02     0.10912E+02     0.12744E+03     0.12734E+03     0.78026E+00     0.30927E-02     0.44200E-02     0.92902E-02     0.25564E-02
     0.15947E+01     0.11632E-02    -0.13781E-02     0.10105E+01     0.41875E+00    -0.14072E-02    -0.84655E-01     0.11827E+02     0.10780E+02     0.11827E+02     0.10780E+02     0.12658E+03     0.12650E+03     0.78263E+00     0.31211E-02     0.44755E-02     0.94773E-02     0.25914E-02
     0.16062E+01     0.11673E-02    -0.13657E-02     0.10058E+01     0.41293E+00    -0.14357E-02    -0.74138E-01     0.11892E+02     0.10650E+02     0.11892E+02     0.10649E+02     0.12572E+03     0.12565E+03     0.78501E+00     0.31481E-02     0.45292E-02     0.96689E-02     0.26250E-02
     0.16176E+01     0.11705E-02    -0.13499E-02     0.10010E+01     0.40710E+00    -0.14631E-02    -0.62350E-01     0.11957E+02     0.10521E+02     0.11957E+02     0.10519E+02     0.12487E+03     0.12481E+03     0.78741E+00     0.31734E-02     0.45815E-02     0.98658E-02     0.26571E-02
     0.16290E+01     0.11728E-02    -0.13326E-02     0.99626E+00     0.40127E+00    -0.14891E-02    -0.49408E-01     0.12023E+02     0.10393E+02     0.12023E+02     0.10390E+02     0.12402E+03     0.12397E+03     0.78982E+00     0.31968E-02     0.46331E-02     0.10069E-01     0.26878E-02
     0.16402E+01     0.11740E-02    -0.13152E-02     0.99143E+00     0.39543E+00    -0.15136E-02    -0.35474E-01     0.12089E+02     0.10266E+02     0.12089E+02     0.10262E+02     0.12316E+03     0.12313E+03     0.79226E+00     0.32182E-02     0.46842E-02     0.10279E-01     0.27172E-02
     0.16512E+01     0.11742E-02    -0.12959E-02     0.98655E+00     0.38958E+00    -0.15363E-02    -0.20550E-01     0.12156E+02     0.10140E+02     0.12156E+02     0.10135E+02     0.12231E+03     0.12229E+03     0.79471E+00     0.32372E-02     0.47351E-02     0.10496E-01     0.27455E-02
     0.16622E+01     0.11733E-02    -0.12700E-02     0.98161E+00     0.38372E+00    -0.15571E-02    -0.43630E-02     0.12223E+02     0.10015E+02     0.12223E+02     0.10008E+02     0.12146E+03     0.12145E+03     0.79718E+00     0.32536E-02     0.47857E-02     0.10724E-01     0.27731E-02
     0.16731E+01     0.11711E-02    -0.12337E-02     0.97660E+00     0.37785E+00    -0.15756E-02     0.13437E-01     0.12292E+02     0.98904E+01     0.12292E+02     0.98823E+01     0.12060E+03     0.12061E+03     0.79967E+00     0.32671E-02     0.48353E-02     0.10964E-01     0.28001E-02
     0.16839E+01     0.11677E-02    -0.11854E-02     0.97151E+00     0.37197E+00    -0.15914E-02     0.32985E-01     0.12361E+02     0.97669E+01     0.12361E+02     0.97571E+01     0.11975E+03     0.11978E+03     0.80219E+00     0.32770E-02     0.48833E-02     0.11220E-01     0.28266E-02
     0.16945E+01     0.11628E-02    -0.11252E-02     0.96632E+00     0.36606E+00    -0.16040E-02     0.54292E-01     0.12430E+02     0.96442E+01     0.12430E+02     0.96327E+01     0.11889E+03     0.11894E+03     0.80472E+00     0.32829E-02     0.49289E-02     0.11494E-01     0.28525E-02
     0.17050E+01     0.11564E-02    -0.10549E-02     0.96101E+00     0.36014E+00    -0.16128E-02     0.77361E-01     0.12501E+02     0.95221E+01     0.12501E+02     0.95088E+01     0.11803E+03     0.11811E+03     0.80728E+00     0.32840E-02     0.49721E-02     0.11788E-01     0.28779E-02
     0.17154E+01     0.11484E-02    -0.97736E-03     0.95557E+00     0.35420E+00    -0.16172E-02     0.10223E+00     0.12572E+02     0.94008E+01     0.12572E+02     0.93855E+01     0.11717E+03     0.11727E+03     0.80986E+00     0.32796E-02     0.50136E-02     0.12102E-01     0.29024E-02
     0.17257E+01     0.11388E-02    -0.89489E-03     0.95000E+00     0.34824E+00    -0.16167E-02     0.12887E+00     0.12644E+02     0.92801E+01     0.12644E+02     0.92627E+01     0.11631E+03     0.11644E+03     0.81247E+00     0.32693E-02     0.50541E-02     0.12439E-01     0.29256E-02
     0.17358E+01     0.11274E-02    -0.80798E-03     0.94428E+00     0.34224E+00    -0.16110E-02     0.15735E+00     0.12717E+02     0.91599E+01     0.12717E+02     0.91403E+01     0.11544E+03     0.11560E+03     0.81511E+00     0.32526E-02     0.50937E-02     0.12799E-01     0.29471E-02
     0.17458E+01     0.11142E-02    -0.71631E-03     0.93839E+00     0.33621E+00    -0.15997E-02     0.18784E+00     0.12792E+02     0.90401E+01     0.12792E+02     0.90182E+01     0.11457E+03     0.11476E+03     0.81778E+00     0.32292E-02     0.51319E-02     0.13183E-01     0.29665E-02
     0.17557E+01     0.10991E-02    -0.61935E-03     0.93232E+00     0.33014E+00    -0.15825E-02     0.22042E+00     0.12867E+02     0.89208E+01     0.12867E+02     0.88964E+01     0.11370E+03     0.11392E+03     0.82048E+00     0.31986E-02     0.51683E-02     0.13591E-01     0.29835E-02
     0.17655E+01     0.10820E-02    -0.51634E-03     0.92602E+00     0.32403E+00    -0.15589E-02     0.25502E+00     0.12943E+02     0.88018E+01     0.12943E+02     0.87749E+01     0.11282E+03     0.11307E+03     0.82322E+00     0.31604E-02     0.52018E-02     0.14029E-01     0.29979E-02
     0.17751E+01     0.10628E-02    -0.40691E-03     0.91946E+00     0.31787E+00    -0.15287E-02     0.29144E+00     0.13021E+02     0.86830E+01     0.13021E+02     0.86534E+01     0.11193E+03     0.11222E+03     0.82600E+00     0.31144E-02     0.52317E-02     0.14499E-01     0.30098E-02
     0.17845E+01     0.10415E-02    -0.29192E-03     0.91262E+00     0.31166E+00    -0.14914E-02     0.32953E+00     0.13100E+02     0.85644E+01     0.13100E+02     0.85320E+01     0.11104E+03     0.11137E+03     0.82883E+00     0.30600E-02     0.52573E-02     0.15006E-01     0.30191E-02
     0.17939E+01     0.10180E-02    -0.17321E-03     0.90543E+00     0.30538E+00    -0.14466E-02     0.36919E+00     0.13180E+02     0.84457E+01     0.13180E+02     0.84105E+01     0.11014E+03     0.11051E+03     0.83170E+00     0.29970E-02     0.52783E-02     0.15552E-01     0.30259E-02
     0.18031E+01     0.99237E-03    -0.53479E-04     0.89787E+00     0.29904E+00    -0.13942E-02     0.41022E+00     0.13262E+02     0.83270E+01     0.13262E+02     0.82889E+01     0.10924E+03     0.10965E+03     0.83462E+00     0.29250E-02     0.52939E-02     0.16140E-01     0.30302E-02
     0.18121E+01     0.96456E-03     0.63487E-04     0.88989E+00     0.29262E+00    -0.13339E-02     0.45243E+00     0.13346E+02     0.82081E+01     0.13346E+02     0.81671E+01     0.10833E+03     0.10878E+03     0.83759E+00     0.28440E-02     0.53030E-02     0.16769E-01     0.30316E-02
     0.18210E+01     0.93457E-03     0.17325E-03     0.88143E+00     0.28612E+00    -0.12657E-02     0.49568E+00     0.13432E+02     0.80890E+01     0.13432E+02     0.80449E+01     0.10740E+03     0.10790E+03     0.84063E+00     0.27540E-02     0.53045E-02     0.17438E-01     0.30300E-02
     0.18298E+01     0.90241E-03     0.27118E-03     0.87241E+00     0.27953E+00    -0.11898E-02     0.53976E+00     0.13519E+02     0.79695E+01     0.13519E+02     0.79225E+01     0.10647E+03     0.10701E+03     0.84373E+00     0.26553E-02     0.52975E-02     0.18147E-01     0.30247E-02
     0.18384E+01     0.86813E-03     0.35239E-03     0.86278E+00     0.27284E+00    -0.11061E-02     0.58437E+00     0.13609E+02     0.78495E+01     0.13609E+02     0.77996E+01     0.10553E+03     0.10611E+03     0.84690E+00     0.25479E-02     0.52806E-02     0.18893E-01     0.30153E-02
     0.18468E+01     0.83178E-03     0.41195E-03     0.85242E+00     0.26605E+00    -0.10146E-02     0.62923E+00     0.13701E+02     0.77291E+01     0.13701E+02     0.76762E+01     0.10458E+03     0.10521E+03     0.85014E+00     0.24319E-02     0.52523E-02     0.19677E-01     0.30012E-02
     0.18551E+01     0.79338E-03     0.44620E-03     0.84126E+00     0.25914E+00    -0.91541E-03     0.67401E+00     0.13796E+02     0.76079E+01     0.13796E+02     0.75522E+01     0.10361E+03     0.10429E+03     0.85346E+00     0.23076E-02     0.52115E-02     0.20500E-01     0.29818E-02
     0.18633E+01     0.75301E-03     0.45397E-03     0.82919E+00     0.25211E+00    -0.80900E-03     0.71813E+00     0.13893E+02     0.74861E+01     0.13893E+02     0.74276E+01     0.10264E+03     0.10336E+03     0.85687E+00     0.21755E-02     0.51571E-02     0.21359E-01     0.29560E-02
     0.18713E+01     0.71077E-03     0.43667E-03     0.81609E+00     0.24494E+00    -0.69592E-03     0.76073E+00     0.13993E+02     0.73634E+01     0.13993E+02     0.73024E+01     0.10165E+03     0.10241E+03     0.86037E+00     0.20364E-02     0.50884E-02     0.22248E-01     0.29227E-02
     0.18791E+01     0.66682E-03     0.39747E-03     0.80181E+00     0.23763E+00    -0.57693E-03     0.80076E+00     0.14096E+02     0.72397E+01     0.14096E+02     0.71764E+01     0.10065E+03     0.10145E+03     0.86396E+00     0.18912E-02     0.50044E-02     0.23155E-01     0.28804E-02
     0.18867E+01     0.62134E-03     0.34046E-03     0.78620E+00     0.23016E+00    -0.45291E-03     0.83694E+00     0.14203E+02     0.71150E+01     0.14203E+02     0.70497E+01     0.99638E+02     0.10047E+03     0.86767E+00     0.17410E-02     0.49043E-02     0.24067E-01     0.28278E-02
     0.18942E+01     0.57457E-03     0.26978E-03     0.76906E+00     0.22253E+00    -0.32490E-03     0.86773E+00     0.14313E+02     0.69890E+01     0.14313E+02     0.69222E+01     0.98613E+02     0.99481E+02     0.87149E+00     0.15873E-02     0.47873E-02     0.24959E-01     0.27632E-02
     0.19015E+01     0.52683E-03     0.18939E-03     0.75019E+00     0.21470E+00    -0.19412E-03     0.89140E+00     0.14427E+02     0.68616E+01     0.14427E+02     0.67939E+01     0.97577E+02     0.98468E+02     0.87545E+00     0.14313E-02     0.46529E-02     0.25803E-01     0.26847E-02
     0.19087E+01     0.47842E-03     0.10318E-03     0.72933E+00     0.20667E+00    -0.61969E-04     0.90594E+00     0.14546E+02     0.67328E+01     0.14546E+02     0.66648E+01     0.96529E+02     0.97435E+02     0.87953E+00     0.12748E-02     0.45006E-02     0.26559E-01     0.25902E-02
     0.19157E+01     0.42975E-03     0.14620E-04     0.70623E+00     0.19843E+00     0.69978E-04     0.90893E+00     0.14669E+02     0.66023E+01     0.14669E+02     0.65349E+01     0.95470E+02     0.96379E+02     0.88377E+00     0.11196E-02     0.43300E-02     0.27179E-01     0.24773E-02
     0.19225E+01     0.38122E-03    -0.73029E-04     0.68059E+00     0.18995E+00     0.19997E-03     0.89744E+00     0.14797E+02     0.64700E+01     0.14797E+02     0.64042E+01     0.94401E+02     0.95299E+02     0.88818E+00     0.96783E-03     0.41401E-02     0.27603E-01     0.23437E-02
     0.19291E+01     0.33329E-03    -0.15599E-03     0.65210E+00     0.18121E+00     0.32615E-03     0.86782E+00     0.14931E+02     0.63358E+01     0.14931E+02     0.62728E+01     0.93325E+02     0.94192E+02     0.89276E+00     0.82148E-03     0.39303E-02     0.27762E-01     0.21873E-02
     0.19355E+01     0.28645E-03    -0.22961E-03     0.62045E+00     0.17219E+00     0.44656E-03     0.81543E+00     0.15071E+02     0.61993E+01     0.15071E+02     0.61408E+01     0.92241E+02     0.93057E+02     0.89754E+00     0.68277E-03     0.37003E-02     0.27576E-01     0.20068E-02
     0.19418E+01     0.24124E-03    -0.28901E-03     0.58537E+00     0.16286E+00     0.55928E-03     0.73429E+00     0.15219E+02     0.60605E+01     0.15219E+02     0.60082E+01     0.91155E+02     0.91889E+02     0.90254E+00     0.55379E-03     0.34500E-02     0.26960E-01     0.18021E-02
     0.19479E+01     0.19822E-03    -0.33011E-03     0.54662E+00     0.15317E+00     0.66256E-03     0.61654E+00     0.15374E+02     0.59188E+01     0.15374E+02     0.58751E+01     0.90068E+02     0.90685E+02     0.90779E+00     0.43644E-03     0.31797E-02     0.25828E-01     0.15750E-02
     0.19537E+01     0.15798E-03    -0.35070E-03     0.50408E+00     0.14307E+00     0.75486E-03     0.45170E+00     0.15538E+02     0.57739E+01     0.15538E+02     0.57417E+01     0.88987E+02     0.89439E+02     0.91332E+00     0.33231E-03     0.28901E-02     0.24108E-01     0.13300E-02
     0.19594E+01     0.12111E-03    -0.35098E-03     0.45779E+00     0.13250E+00     0.83502E-03     0.22559E+00     0.15713E+02     0.56250E+01     0.15713E+02     0.56081E+01     0.87919E+02     0.88144E+02     0.91919E+00     0.24256E-03     0.25821E-02     0.21764E-01     0.10748E-02
     0.19650E+01     0.88267E-04    -0.33340E-03     0.40799E+00     0.12138E+00     0.90227E-03    -0.81085E-01     0.15900E+02     0.54715E+01     0.15900E+02     0.54745E+01     0.86873E+02     0.86792E+02     0.92545E+00     0.16789E-03     0.22568E-02     0.18823E-01     0.82091E-03
     0.19703E+01     0.60096E-04    -0.30194E-03     0.35518E+00     0.10957E+00     0.95629E-03    -0.49466E+00     0.16102E+02     0.53122E+01     0.16102E+02     0.53414E+01     0.85864E+02     0.85369E+02     0.93218E+00     0.10845E-03     0.19154E-02     0.15406E-01     0.58277E-03
     0.19754E+01     0.37224E-04    -0.26103E-03     0.30011E+00     0.96947E-01     0.99729E-03    -0.10513E+01     0.16323E+02     0.51457E+01     0.16323E+02     0.52092E+01     0.84913E+02     0.83862E+02     0.93950E+00     0.63820E-04     0.15598E-02     0.11742E-01     0.37564E-03
     0.19803E+01     0.20102E-04    -0.21461E-03     0.24375E+00     0.83299E-01     0.10261E-02    -0.18011E+01     0.16567E+02     0.49703E+01     0.16567E+02     0.50787E+01     0.84050E+02     0.82249E+02     0.94755E+00     0.32901E-04     0.11943E-02     0.81485E-02     0.21238E-03
     0.19850E+01     0.87746E-05    -0.16578E-03     0.18716E+00     0.68372E-01     0.10441E-02    -0.28145E+01     0.16841E+02     0.47840E+01     0.16841E+02     0.49513E+01     0.83319E+02     0.80504E+02     0.95651E+00     0.13871E-04     0.82977E-03     0.49716E-02     0.99555E-04
     0.19896E+01     0.26386E-05    -0.11668E-03     0.13135E+00     0.51821E-01     0.10535E-02    -0.41885E+01     0.17154E+02     0.45839E+01     0.17154E+02     0.48286E+01     0.82783E+02     0.78594E+02     0.96667E+00     0.41621E-05     0.48717E-03     0.24948E-02     0.34756E-04
     0.19939E+01     0.33436E-06    -0.68615E-04     0.77157E-01     0.33188E-01     0.10571E-02    -0.60605E+01     0.17517E+02     0.43666E+01     0.17517E+02     0.47132E+01     0.82536E+02     0.76475E+02     0.97838E+00     0.62403E-06     0.20186E-03     0.86697E-03     0.69222E-05
     0.19980E+01     0.00000E+00    -0.22327E-04     0.25117E-01     0.11876E-01     0.10577E-02    -0.85194E+01     0.17948E+02     0.41283E+01     0.17948E+02     0.46033E+01     0.82612E+02     0.74092E+02     0.99215E+00     0.92195E-08     0.25804E-04     0.92162E-04     0.22781E-06
