     0.20039E-02     0.16710E-03     0.32517E-02     0.68412E-02     0.43980E-03     0.35072E-02     0.52813E+00     0.21615E-01     0.93792E-01     0.53589E-02     0.63383E+00     0.17444E+00     0.56576E-01     0.14289E-01     0.69498E-02    -0.20161E-03    -0.96938E-06     0.95062E-05
     0.61156E-02     0.64534E-03     0.93453E-02     0.21028E-01     0.11513E-02     0.35013E-02     0.35049E+00     0.56152E-01     0.10202E+00     0.78996E-02     0.58245E+00     0.26719E+00     0.58571E-01     0.15051E-01     0.72324E-02    -0.61974E-03    -0.71266E-05     0.64647E-04
     0.10434E-01     0.14008E-02     0.14902E-01     0.35857E-01     0.16943E-02     0.34997E-02     0.24316E+00     0.82159E-01     0.11015E+00     0.10496E-01     0.55751E+00     0.35495E+00     0.59987E-01     0.15801E-01     0.75349E-02    -0.10016E-02    -0.15703E-04     0.13920E-03
     0.14956E-01     0.23981E-02     0.19936E-01     0.51208E-01     0.21235E-02     0.35029E-02     0.19508E+00     0.10251E+00     0.11879E+00     0.12721E-01     0.55427E+00     0.42811E+00     0.61090E-01     0.16651E-01     0.78742E-02    -0.13655E-02    -0.24894E-04     0.21768E-03
     0.19680E-01     0.36024E-02     0.24470E-01     0.66843E-01     0.24791E-02     0.35111E-02     0.18591E+00     0.11925E+00     0.12778E+00     0.14635E-01     0.56505E+00     0.49002E+00     0.61953E-01     0.17585E-01     0.82521E-02    -0.17247E-02    -0.34142E-04     0.29563E-03
     0.24604E-01     0.49808E-02     0.28538E-01     0.82422E-01     0.27898E-02     0.35248E-02     0.19512E+00     0.13379E+00     0.13707E+00     0.16343E-01     0.58496E+00     0.54471E+00     0.62671E-01     0.18602E-01     0.86706E-02    -0.20915E-02    -0.43445E-04     0.37326E-03
     0.29725E-01     0.65034E-02     0.32184E-01     0.97550E-01     0.30758E-02     0.35438E-02     0.21073E+00     0.14711E+00     0.14662E+00     0.17938E-01     0.61069E+00     0.59534E+00     0.63301E-01     0.19696E-01     0.91289E-02    -0.24762E-02    -0.53016E-04     0.45248E-03
     0.35041E-01     0.81434E-02     0.35456E-01     0.11183E+00     0.33504E-02     0.35681E-02     0.22845E+00     0.15985E+00     0.15643E+00     0.19487E-01     0.64022E+00     0.64419E+00     0.63880E-01     0.20860E-01     0.96252E-02    -0.28879E-02    -0.63126E-04     0.53556E-03
     0.40551E-01     0.98773E-02     0.38407E-01     0.12490E+00     0.36226E-02     0.35975E-02     0.24727E+00     0.17243E+00     0.16650E+00     0.21036E-01     0.67232E+00     0.69275E+00     0.64431E-01     0.22089E-01     0.10158E-01    -0.33343E-02    -0.74033E-04     0.62462E-03
     0.46252E-01     0.11684E-01     0.41082E-01     0.13651E+00     0.38978E-02     0.36316E-02     0.26721E+00     0.18509E+00     0.17685E+00     0.22613E-01     0.70633E+00     0.74197E+00     0.64965E-01     0.23381E-01     0.10725E-01    -0.38220E-02    -0.85967E-04     0.72144E-03
     0.52141E-01     0.13547E-01     0.43523E-01     0.14650E+00     0.41793E-02     0.36699E-02     0.28840E+00     0.19800E+00     0.18748E+00     0.24238E-01     0.74190E+00     0.79243E+00     0.65487E-01     0.24732E-01     0.11325E-01    -0.43568E-02    -0.99119E-04     0.82751E-03
     0.58216E-01     0.15449E-01     0.45760E-01     0.15481E+00     0.44690E-02     0.37119E-02     0.31088E+00     0.21123E+00     0.19842E+00     0.25919E-01     0.77887E+00     0.84443E+00     0.65999E-01     0.26140E-01     0.11959E-01    -0.49440E-02    -0.11365E-03     0.94401E-03
     0.64476E-01     0.17375E-01     0.47817E-01     0.16145E+00     0.47678E-02     0.37569E-02     0.33457E+00     0.22483E+00     0.20967E+00     0.27664E-01     0.81720E+00     0.89812E+00     0.66500E-01     0.27603E-01     0.12625E-01    -0.55885E-02    -0.12971E-03     0.10719E-02
     0.70917E-01     0.19314E-01     0.49709E-01     0.16653E+00     0.50761E-02     0.38043E-02     0.35927E+00     0.23879E+00     0.22125E+00     0.29473E-01     0.85686E+00     0.95356E+00     0.66989E-01     0.29117E-01     0.13323E-01    -0.62947E-02    -0.14742E-03     0.12121E-02
     0.77539E-01     0.21251E-01     0.51446E-01     0.17016E+00     0.53940E-02     0.38531E-02     0.38476E+00     0.25313E+00     0.23315E+00     0.31348E-01     0.89790E+00     0.10108E+01     0.67465E-01     0.30679E-01     0.14054E-01    -0.70671E-02    -0.16690E-03     0.13654E-02
     0.84338E-01     0.23175E-01     0.53033E-01     0.17251E+00     0.57212E-02     0.39026E-02     0.41078E+00     0.26782E+00     0.24538E+00     0.33288E-01     0.94034E+00     0.10696E+01     0.67927E-01     0.32286E-01     0.14817E-01    -0.79100E-02    -0.18825E-03     0.15322E-02
     0.91312E-01     0.25075E-01     0.54472E-01     0.17373E+00     0.60575E-02     0.39521E-02     0.43708E+00     0.28285E+00     0.25794E+00     0.35292E-01     0.98420E+00     0.11302E+01     0.68373E-01     0.33933E-01     0.15614E-01    -0.88274E-02    -0.21158E-03     0.17133E-02
     0.98459E-01     0.26939E-01     0.55767E-01     0.17398E+00     0.64026E-02     0.40007E-02     0.46341E+00     0.29820E+00     0.27083E+00     0.37359E-01     0.10295E+01     0.11923E+01     0.68803E-01     0.35616E-01     0.16443E-01    -0.98236E-02    -0.23699E-03     0.19092E-02
     0.10578E+00     0.28759E-01     0.56919E-01     0.17342E+00     0.67562E-02     0.40478E-02     0.48958E+00     0.31385E+00     0.28405E+00     0.39487E-01     0.10763E+01     0.12559E+01     0.69216E-01     0.37329E-01     0.17306E-01    -0.10903E-01    -0.26457E-03     0.21204E-02
     0.11326E+00     0.30525E-01     0.57933E-01     0.17217E+00     0.71179E-02     0.40929E-02     0.51539E+00     0.32977E+00     0.29758E+00     0.41674E-01     0.11246E+01     0.13210E+01     0.69611E-01     0.39069E-01     0.18202E-01    -0.12068E-01    -0.29442E-03     0.23472E-02
     0.12092E+00     0.32229E-01     0.58816E-01     0.17038E+00     0.74873E-02     0.41355E-02     0.54069E+00     0.34595E+00     0.31142E+00     0.43920E-01     0.11744E+01     0.13873E+01     0.69990E-01     0.40829E-01     0.19131E-01    -0.13324E-01    -0.32663E-03     0.25902E-02
     0.12873E+00     0.33864E-01     0.59575E-01     0.16814E+00     0.78642E-02     0.41752E-02     0.56534E+00     0.36236E+00     0.32557E+00     0.46223E-01     0.12258E+01     0.14550E+01     0.70351E-01     0.42604E-01     0.20094E-01    -0.14675E-01    -0.36129E-03     0.28496E-02
     0.13671E+00     0.35426E-01     0.60221E-01     0.16558E+00     0.82481E-02     0.42116E-02     0.58924E+00     0.37899E+00     0.34001E+00     0.48582E-01     0.12787E+01     0.15238E+01     0.70696E-01     0.44390E-01     0.21089E-01    -0.16124E-01    -0.39849E-03     0.31258E-02
     0.14485E+00     0.36908E-01     0.60767E-01     0.16276E+00     0.86389E-02     0.42446E-02     0.61229E+00     0.39581E+00     0.35473E+00     0.50995E-01     0.13331E+01     0.15938E+01     0.71025E-01     0.46180E-01     0.22116E-01    -0.17675E-01    -0.43831E-03     0.34192E-02
     0.15315E+00     0.38309E-01     0.61228E-01     0.15977E+00     0.90362E-02     0.42740E-02     0.63443E+00     0.41281E+00     0.36973E+00     0.53462E-01     0.13891E+01     0.16649E+01     0.71339E-01     0.47971E-01     0.23176E-01    -0.19331E-01    -0.48086E-03     0.37301E-02
     0.16160E+00     0.39624E-01     0.61621E-01     0.15667E+00     0.94399E-02     0.42994E-02     0.65564E+00     0.42998E+00     0.38499E+00     0.55983E-01     0.14466E+01     0.17370E+01     0.71639E-01     0.49757E-01     0.24267E-01    -0.21098E-01    -0.52624E-03     0.40588E-02
     0.17021E+00     0.40852E-01     0.61959E-01     0.15351E+00     0.98500E-02     0.43210E-02     0.67588E+00     0.44731E+00     0.40050E+00     0.58558E-01     0.15056E+01     0.18101E+01     0.71925E-01     0.51533E-01     0.25388E-01    -0.22978E-01    -0.57455E-03     0.44058E-02
     0.17896E+00     0.41993E-01     0.62255E-01     0.15033E+00     0.10266E-01     0.43386E-02     0.69514E+00     0.46478E+00     0.41626E+00     0.61186E-01     0.15662E+01     0.18843E+01     0.72199E-01     0.53296E-01     0.26538E-01    -0.24975E-01    -0.62590E-03     0.47713E-02
     0.18787E+00     0.43044E-01     0.62517E-01     0.14716E+00     0.10689E-01     0.43525E-02     0.71346E+00     0.48239E+00     0.43226E+00     0.63869E-01     0.16282E+01     0.19593E+01     0.72460E-01     0.55042E-01     0.27717E-01    -0.27095E-01    -0.68040E-03     0.51558E-02
     0.19692E+00     0.44008E-01     0.62750E-01     0.14402E+00     0.11117E-01     0.43627E-02     0.73083E+00     0.50013E+00     0.44849E+00     0.66605E-01     0.16918E+01     0.20353E+01     0.72709E-01     0.56767E-01     0.28923E-01    -0.29339E-01    -0.73817E-03     0.55595E-02
     0.20611E+00     0.44886E-01     0.62956E-01     0.14092E+00     0.11551E-01     0.43694E-02     0.74724E+00     0.51799E+00     0.46493E+00     0.69396E-01     0.17568E+01     0.21122E+01     0.72947E-01     0.58467E-01     0.30156E-01    -0.31714E-01    -0.79932E-03     0.59829E-02
     0.21545E+00     0.45680E-01     0.63134E-01     0.13787E+00     0.11991E-01     0.43729E-02     0.76273E+00     0.53596E+00     0.48158E+00     0.72243E-01     0.18233E+01     0.21900E+01     0.73173E-01     0.60139E-01     0.31415E-01    -0.34222E-01    -0.86398E-03     0.64263E-02
     0.22493E+00     0.46391E-01     0.63280E-01     0.13489E+00     0.12437E-01     0.43733E-02     0.77734E+00     0.55404E+00     0.49843E+00     0.75146E-01     0.18913E+01     0.22687E+01     0.73390E-01     0.61781E-01     0.32697E-01    -0.36870E-01    -0.93231E-03     0.68902E-02
     0.23454E+00     0.47025E-01     0.63389E-01     0.13197E+00     0.12889E-01     0.43709E-02     0.79112E+00     0.57223E+00     0.51548E+00     0.78107E-01     0.19606E+01     0.23484E+01     0.73596E-01     0.63390E-01     0.34002E-01    -0.39660E-01    -0.10044E-02     0.73751E-02
     0.24429E+00     0.47582E-01     0.63454E-01     0.12911E+00     0.13348E-01     0.43657E-02     0.80412E+00     0.59053E+00     0.53271E+00     0.81128E-01     0.20314E+01     0.24289E+01     0.73794E-01     0.64964E-01     0.35327E-01    -0.42599E-01    -0.10806E-02     0.78816E-02
     0.25418E+00     0.48068E-01     0.63470E-01     0.12632E+00     0.13813E-01     0.43578E-02     0.81634E+00     0.60893E+00     0.55012E+00     0.84210E-01     0.21035E+01     0.25104E+01     0.73982E-01     0.66502E-01     0.36673E-01    -0.45691E-01    -0.11608E-02     0.84102E-02
     0.26419E+00     0.48484E-01     0.63436E-01     0.12360E+00     0.14284E-01     0.43473E-02     0.82779E+00     0.62744E+00     0.56770E+00     0.87355E-01     0.21770E+01     0.25928E+01     0.74161E-01     0.68001E-01     0.38037E-01    -0.48941E-01    -0.12454E-02     0.89613E-02
     0.27434E+00     0.48834E-01     0.63354E-01     0.12094E+00     0.14761E-01     0.43340E-02     0.83848E+00     0.64605E+00     0.58544E+00     0.90564E-01     0.22517E+01     0.26761E+01     0.74330E-01     0.69460E-01     0.39418E-01    -0.52355E-01    -0.13345E-02     0.95354E-02
     0.28460E+00     0.49120E-01     0.63230E-01     0.11836E+00     0.15245E-01     0.43177E-02     0.84839E+00     0.66474E+00     0.60334E+00     0.93838E-01     0.23278E+01     0.27604E+01     0.74490E-01     0.70879E-01     0.40814E-01    -0.55936E-01    -0.14282E-02     0.10133E-01
     0.29500E+00     0.49344E-01     0.63071E-01     0.11584E+00     0.15735E-01     0.42981E-02     0.85758E+00     0.68352E+00     0.62138E+00     0.97176E-01     0.24051E+01     0.28455E+01     0.74639E-01     0.72256E-01     0.42225E-01    -0.59689E-01    -0.15267E-02     0.10754E-01
     0.30551E+00     0.49510E-01     0.62876E-01     0.11339E+00     0.16231E-01     0.42752E-02     0.86605E+00     0.70237E+00     0.63956E+00     0.10058E+00     0.24837E+01     0.29315E+01     0.74778E-01     0.73591E-01     0.43648E-01    -0.63619E-01    -0.16301E-02     0.11399E-01
     0.31615E+00     0.49620E-01     0.62645E-01     0.11099E+00     0.16734E-01     0.42489E-02     0.87382E+00     0.72128E+00     0.65787E+00     0.10405E+00     0.25635E+01     0.30184E+01     0.74906E-01     0.74885E-01     0.45082E-01    -0.67731E-01    -0.17387E-02     0.12068E-01
     0.32690E+00     0.49677E-01     0.62372E-01     0.10865E+00     0.17243E-01     0.42194E-02     0.88097E+00     0.74026E+00     0.67629E+00     0.10759E+00     0.26446E+01     0.31061E+01     0.75024E-01     0.76136E-01     0.46525E-01    -0.72029E-01    -0.18527E-02     0.12762E-01
     0.33777E+00     0.49685E-01     0.62053E-01     0.10638E+00     0.17758E-01     0.41866E-02     0.88755E+00     0.75930E+00     0.69482E+00     0.11121E+00     0.27269E+01     0.31947E+01     0.75130E-01     0.77346E-01     0.47975E-01    -0.76519E-01    -0.19722E-02     0.13481E-01
     0.34875E+00     0.49648E-01     0.61686E-01     0.10417E+00     0.18279E-01     0.41508E-02     0.89356E+00     0.77840E+00     0.71346E+00     0.11489E+00     0.28103E+01     0.32842E+01     0.75226E-01     0.78516E-01     0.49432E-01    -0.81207E-01    -0.20976E-02     0.14226E-01
     0.35985E+00     0.49569E-01     0.61274E-01     0.10203E+00     0.18808E-01     0.41124E-02     0.89904E+00     0.79755E+00     0.73218E+00     0.11865E+00     0.28948E+01     0.33746E+01     0.75309E-01     0.79645E-01     0.50893E-01    -0.86097E-01    -0.22289E-02     0.14997E-01
     0.37105E+00     0.49452E-01     0.60824E-01     0.99950E-01     0.19342E-01     0.40716E-02     0.90408E+00     0.81674E+00     0.75099E+00     0.12248E+00     0.29805E+01     0.34658E+01     0.75380E-01     0.80735E-01     0.52357E-01    -0.91193E-01    -0.23664E-02     0.15795E-01
     0.38236E+00     0.49301E-01     0.60348E-01     0.97939E-01     0.19883E-01     0.40289E-02     0.90876E+00     0.83597E+00     0.76987E+00     0.12639E+00     0.30672E+01     0.35578E+01     0.75439E-01     0.81787E-01     0.53823E-01    -0.96502E-01    -0.25103E-02     0.16618E-01
     0.39377E+00     0.49118E-01     0.59857E-01     0.95995E-01     0.20431E-01     0.39845E-02     0.91313E+00     0.85523E+00     0.78882E+00     0.13038E+00     0.31550E+01     0.36507E+01     0.75487E-01     0.82802E-01     0.55290E-01    -0.10203E+00    -0.26609E-02     0.17469E-01
     0.40528E+00     0.48906E-01     0.59358E-01     0.94117E-01     0.20985E-01     0.39385E-02     0.91716E+00     0.87450E+00     0.80781E+00     0.13444E+00     0.32438E+01     0.37443E+01     0.75526E-01     0.83782E-01     0.56756E-01    -0.10777E+00    -0.28183E-02     0.18347E-01
     0.41690E+00     0.48669E-01     0.58851E-01     0.92297E-01     0.21545E-01     0.38912E-02     0.92087E+00     0.89379E+00     0.82686E+00     0.13859E+00     0.33336E+01     0.38388E+01     0.75556E-01     0.84728E-01     0.58220E-01    -0.11374E+00    -0.29829E-02     0.19252E-01
     0.42861E+00     0.48410E-01     0.58333E-01     0.90527E-01     0.22111E-01     0.38427E-02     0.92433E+00     0.91309E+00     0.84593E+00     0.14281E+00     0.34244E+01     0.39340E+01     0.75578E-01     0.85642E-01     0.59681E-01    -0.11994E+00    -0.31548E-02     0.20184E-01
     0.44042E+00     0.48132E-01     0.57798E-01     0.88801E-01     0.22684E-01     0.37929E-02     0.92767E+00     0.93239E+00     0.86504E+00     0.14712E+00     0.35161E+01     0.40300E+01     0.75592E-01     0.86524E-01     0.61138E-01    -0.12638E+00    -0.33343E-02     0.21145E-01
     0.45232E+00     0.47840E-01     0.57243E-01     0.87119E-01     0.23264E-01     0.37421E-02     0.93090E+00     0.95171E+00     0.88416E+00     0.15152E+00     0.36087E+01     0.41269E+01     0.75595E-01     0.87377E-01     0.62590E-01    -0.13307E+00    -0.35219E-02     0.22134E-01
     0.46431E+00     0.47536E-01     0.56669E-01     0.85484E-01     0.23851E-01     0.36902E-02     0.93404E+00     0.97101E+00     0.90329E+00     0.15601E+00     0.37021E+01     0.42245E+01     0.75589E-01     0.88203E-01     0.64036E-01    -0.14000E+00    -0.37176E-02     0.23152E-01
     0.47639E+00     0.47223E-01     0.56078E-01     0.83897E-01     0.24443E-01     0.36372E-02     0.93713E+00     0.99030E+00     0.92241E+00     0.16058E+00     0.37963E+01     0.43228E+01     0.75574E-01     0.89002E-01     0.65476E-01    -0.14718E+00    -0.39218E-02     0.24198E-01
     0.48855E+00     0.46904E-01     0.55473E-01     0.82354E-01     0.25042E-01     0.35834E-02     0.94022E+00     0.10096E+01     0.94152E+00     0.16525E+00     0.38914E+01     0.44219E+01     0.75552E-01     0.89777E-01     0.66907E-01    -0.15461E+00    -0.41346E-02     0.25273E-01
     0.50081E+00     0.46581E-01     0.54854E-01     0.80853E-01     0.25648E-01     0.35289E-02     0.94335E+00     0.10288E+01     0.96060E+00     0.17000E+00     0.39872E+01     0.45216E+01     0.75526E-01     0.90529E-01     0.68330E-01    -0.16230E+00    -0.43564E-02     0.26376E-01
     0.51314E+00     0.46256E-01     0.54222E-01     0.79390E-01     0.26259E-01     0.34740E-02     0.94648E+00     0.10479E+01     0.97965E+00     0.17485E+00     0.40838E+01     0.46219E+01     0.75498E-01     0.91259E-01     0.69744E-01    -0.17026E+00    -0.45874E-02     0.27507E-01
     0.52555E+00     0.45932E-01     0.53582E-01     0.77961E-01     0.26876E-01     0.34187E-02     0.94965E+00     0.10671E+01     0.99864E+00     0.17979E+00     0.41810E+01     0.47229E+01     0.75472E-01     0.91970E-01     0.71147E-01    -0.17848E+00    -0.48279E-02     0.28666E-01
     0.53804E+00     0.45608E-01     0.52942E-01     0.76565E-01     0.27499E-01     0.33634E-02     0.95291E+00     0.10861E+01     0.10176E+01     0.18482E+00     0.42790E+01     0.48244E+01     0.75448E-01     0.92662E-01     0.72538E-01    -0.18697E+00    -0.50781E-02     0.29853E-01
     0.55061E+00     0.45287E-01     0.52308E-01     0.75200E-01     0.28128E-01     0.33081E-02     0.95631E+00     0.11051E+01     0.10365E+01     0.18994E+00     0.43775E+01     0.49265E+01     0.75430E-01     0.93339E-01     0.73917E-01    -0.19573E+00    -0.53384E-02     0.31069E-01
     0.56325E+00     0.44969E-01     0.51687E-01     0.73863E-01     0.28763E-01     0.32529E-02     0.95982E+00     0.11240E+01     0.10553E+01     0.19517E+00     0.44766E+01     0.50292E+01     0.75418E-01     0.94000E-01     0.75282E-01    -0.20478E+00    -0.56090E-02     0.32313E-01
     0.57596E+00     0.44653E-01     0.51079E-01     0.72555E-01     0.29404E-01     0.31978E-02     0.96342E+00     0.11428E+01     0.10740E+01     0.20049E+00     0.45762E+01     0.51324E+01     0.75415E-01     0.94648E-01     0.76634E-01    -0.21410E+00    -0.58904E-02     0.33585E-01
     0.58874E+00     0.44340E-01     0.50480E-01     0.71276E-01     0.30051E-01     0.31428E-02     0.96715E+00     0.11615E+01     0.10926E+01     0.20591E+00     0.46763E+01     0.52362E+01     0.75420E-01     0.95285E-01     0.77971E-01    -0.22372E+00    -0.61828E-02     0.34885E-01
     0.60158E+00     0.44031E-01     0.49887E-01     0.70025E-01     0.30703E-01     0.30879E-02     0.97099E+00     0.11801E+01     0.11111E+01     0.21144E+00     0.47768E+01     0.53405E+01     0.75432E-01     0.95912E-01     0.79292E-01    -0.23362E+00    -0.64865E-02     0.36214E-01
     0.61449E+00     0.43727E-01     0.49299E-01     0.68806E-01     0.31362E-01     0.30333E-02     0.97493E+00     0.11987E+01     0.11296E+01     0.21707E+00     0.48778E+01     0.54454E+01     0.75447E-01     0.96531E-01     0.80598E-01    -0.24382E+00    -0.68019E-02     0.37570E-01
     0.62747E+00     0.43429E-01     0.48720E-01     0.67620E-01     0.32026E-01     0.29790E-02     0.97907E+00     0.12171E+01     0.11479E+01     0.22280E+00     0.49791E+01     0.55507E+01     0.75463E-01     0.97145E-01     0.81888E-01    -0.25431E+00    -0.71294E-02     0.38955E-01
     0.64050E+00     0.43138E-01     0.48153E-01     0.66469E-01     0.32696E-01     0.29256E-02     0.98348E+00     0.12354E+01     0.11660E+01     0.22864E+00     0.50807E+01     0.56565E+01     0.75476E-01     0.97754E-01     0.83161E-01    -0.26511E+00    -0.74693E-02     0.40368E-01
     0.65359E+00     0.42857E-01     0.47602E-01     0.65353E-01     0.33372E-01     0.28731E-02     0.98819E+00     0.12536E+01     0.11841E+01     0.23459E+00     0.51826E+01     0.57628E+01     0.75485E-01     0.98360E-01     0.84416E-01    -0.27622E+00    -0.78221E-02     0.41809E-01
     0.66673E+00     0.42586E-01     0.47070E-01     0.64281E-01     0.34054E-01     0.28221E-02     0.99326E+00     0.12717E+01     0.12020E+01     0.24065E+00     0.52847E+01     0.58695E+01     0.75488E-01     0.98966E-01     0.85654E-01    -0.28764E+00    -0.81882E-02     0.43278E-01
     0.67993E+00     0.42328E-01     0.46560E-01     0.63260E-01     0.34742E-01     0.27725E-02     0.99875E+00     0.12897E+01     0.12197E+01     0.24683E+00     0.53868E+01     0.59767E+01     0.75483E-01     0.99573E-01     0.86874E-01    -0.29937E+00    -0.85680E-02     0.44774E-01
     0.69318E+00     0.42085E-01     0.46079E-01     0.62293E-01     0.35435E-01     0.27247E-02     0.10048E+01     0.13075E+01     0.12373E+01     0.25313E+00     0.54891E+01     0.60843E+01     0.75471E-01     0.10018E+00     0.88075E-01    -0.31141E+00    -0.89617E-02     0.46298E-01
     0.70648E+00     0.41856E-01     0.45629E-01     0.61385E-01     0.36134E-01     0.26787E-02     0.10115E+01     0.13252E+01     0.12546E+01     0.25953E+00     0.55913E+01     0.61923E+01     0.75457E-01     0.10079E+00     0.89256E-01    -0.32376E+00    -0.93697E-02     0.47847E-01
     0.71982E+00     0.41643E-01     0.45210E-01     0.60541E-01     0.36838E-01     0.26346E-02     0.10188E+01     0.13426E+01     0.12718E+01     0.26606E+00     0.56934E+01     0.63004E+01     0.75445E-01     0.10141E+00     0.90417E-01    -0.33642E+00    -0.97920E-02     0.49421E-01
     0.73321E+00     0.41447E-01     0.44819E-01     0.59760E-01     0.37545E-01     0.25926E-02     0.10266E+01     0.13599E+01     0.12887E+01     0.27269E+00     0.57953E+01     0.64087E+01     0.75440E-01     0.10203E+00     0.91555E-01    -0.34937E+00    -0.10229E-01     0.51018E-01
     0.74665E+00     0.41271E-01     0.44454E-01     0.59041E-01     0.38257E-01     0.25530E-02     0.10349E+01     0.13770E+01     0.13053E+01     0.27943E+00     0.58969E+01     0.65170E+01     0.75447E-01     0.10266E+00     0.92669E-01    -0.36261E+00    -0.10680E-01     0.52634E-01
     0.76012E+00     0.41114E-01     0.44117E-01     0.58383E-01     0.38970E-01     0.25161E-02     0.10435E+01     0.13938E+01     0.13217E+01     0.28627E+00     0.59982E+01     0.66251E+01     0.75469E-01     0.10329E+00     0.93758E-01    -0.37612E+00    -0.11145E-01     0.54268E-01
     0.77363E+00     0.40980E-01     0.43810E-01     0.57785E-01     0.39685E-01     0.24822E-02     0.10524E+01     0.14103E+01     0.13378E+01     0.29320E+00     0.60989E+01     0.67328E+01     0.75512E-01     0.10394E+00     0.94820E-01    -0.38989E+00    -0.11625E-01     0.55916E-01
     0.78717E+00     0.40870E-01     0.43531E-01     0.57244E-01     0.40401E-01     0.24520E-02     0.10615E+01     0.14264E+01     0.13535E+01     0.30023E+00     0.61991E+01     0.68400E+01     0.75579E-01     0.10458E+00     0.95853E-01    -0.40390E+00    -0.12118E-01     0.57574E-01
     0.80075E+00     0.40783E-01     0.43281E-01     0.56762E-01     0.41116E-01     0.24257E-02     0.10710E+01     0.14422E+01     0.13689E+01     0.30734E+00     0.62985E+01     0.69466E+01     0.75675E-01     0.10524E+00     0.96856E-01    -0.41813E+00    -0.12624E-01     0.59242E-01
     0.81436E+00     0.40719E-01     0.43057E-01     0.56342E-01     0.41831E-01     0.24036E-02     0.10807E+01     0.14576E+01     0.13839E+01     0.31453E+00     0.63970E+01     0.70525E+01     0.75801E-01     0.10590E+00     0.97826E-01    -0.43257E+00    -0.13144E-01     0.60915E-01
     0.82800E+00     0.40680E-01     0.42857E-01     0.55991E-01     0.42545E-01     0.23859E-02     0.10909E+01     0.14727E+01     0.13985E+01     0.32180E+00     0.64946E+01     0.71574E+01     0.75961E-01     0.10658E+00     0.98764E-01    -0.44720E+00    -0.13677E-01     0.62591E-01
     0.84166E+00     0.40662E-01     0.42678E-01     0.55714E-01     0.43256E-01     0.23727E-02     0.11014E+01     0.14873E+01     0.14126E+01     0.32914E+00     0.65910E+01     0.72614E+01     0.76157E-01     0.10726E+00     0.99665E-01    -0.46200E+00    -0.14223E-01     0.64267E-01
     0.85535E+00     0.40667E-01     0.42518E-01     0.55517E-01     0.43964E-01     0.23643E-02     0.11123E+01     0.15015E+01     0.14263E+01     0.33656E+00     0.66861E+01     0.73642E+01     0.76390E-01     0.10795E+00     0.10053E+00    -0.47695E+00    -0.14781E-01     0.65939E-01
     0.86906E+00     0.40693E-01     0.42382E-01     0.55405E-01     0.44667E-01     0.23609E-02     0.11237E+01     0.15151E+01     0.14395E+01     0.34403E+00     0.67799E+01     0.74656E+01     0.76663E-01     0.10864E+00     0.10136E+00    -0.49201E+00    -0.15350E-01     0.67603E-01
     0.88279E+00     0.40740E-01     0.42274E-01     0.55382E-01     0.45366E-01     0.23627E-02     0.11353E+01     0.15283E+01     0.14523E+01     0.35155E+00     0.68721E+01     0.75656E+01     0.76981E-01     0.10935E+00     0.10215E+00    -0.50717E+00    -0.15931E-01     0.69256E-01
     0.89654E+00     0.40806E-01     0.42196E-01     0.55445E-01     0.46058E-01     0.23699E-02     0.11473E+01     0.15410E+01     0.14645E+01     0.35912E+00     0.69627E+01     0.76638E+01     0.77348E-01     0.11006E+00     0.10290E+00    -0.52238E+00    -0.16522E-01     0.70892E-01
     0.91031E+00     0.40891E-01     0.42155E-01     0.55591E-01     0.46742E-01     0.23826E-02     0.11597E+01     0.15531E+01     0.14761E+01     0.36672E+00     0.70516E+01     0.77602E+01     0.77769E-01     0.11078E+00     0.10361E+00    -0.53763E+00    -0.17122E-01     0.72508E-01
     0.92408E+00     0.40994E-01     0.42152E-01     0.55817E-01     0.47418E-01     0.24007E-02     0.11725E+01     0.15646E+01     0.14872E+01     0.37435E+00     0.71386E+01     0.78546E+01     0.78246E-01     0.11150E+00     0.10428E+00    -0.55288E+00    -0.17731E-01     0.74100E-01
     0.93787E+00     0.41115E-01     0.42191E-01     0.56118E-01     0.48085E-01     0.24240E-02     0.11857E+01     0.15755E+01     0.14977E+01     0.38200E+00     0.72235E+01     0.79470E+01     0.78781E-01     0.11222E+00     0.10490E+00    -0.56810E+00    -0.18347E-01     0.75665E-01
     0.95167E+00     0.41251E-01     0.42269E-01     0.56491E-01     0.48743E-01     0.24522E-02     0.11993E+01     0.15858E+01     0.15076E+01     0.38967E+00     0.73063E+01     0.80371E+01     0.79374E-01     0.11295E+00     0.10549E+00    -0.58327E+00    -0.18971E-01     0.77200E-01
     0.96547E+00     0.41404E-01     0.42387E-01     0.56934E-01     0.49390E-01     0.24848E-02     0.12132E+01     0.15956E+01     0.15169E+01     0.39734E+00     0.73869E+01     0.81250E+01     0.80025E-01     0.11368E+00     0.10603E+00    -0.59836E+00    -0.19601E-01     0.78702E-01
     0.97928E+00     0.41570E-01     0.42542E-01     0.57446E-01     0.50026E-01     0.25214E-02     0.12274E+01     0.16046E+01     0.15255E+01     0.40503E+00     0.74651E+01     0.82105E+01     0.80733E-01     0.11441E+00     0.10653E+00    -0.61335E+00    -0.20237E-01     0.80167E-01
     0.99309E+00     0.41748E-01     0.42732E-01     0.58027E-01     0.50650E-01     0.25613E-02     0.12419E+01     0.16131E+01     0.15336E+01     0.41270E+00     0.75409E+01     0.82934E+01     0.81495E-01     0.11513E+00     0.10698E+00    -0.62820E+00    -0.20878E-01     0.81593E-01
     0.10069E+01     0.41938E-01     0.42955E-01     0.58675E-01     0.51261E-01     0.26042E-02     0.12567E+01     0.16209E+01     0.15410E+01     0.42037E+00     0.76142E+01     0.83738E+01     0.82310E-01     0.11586E+00     0.10739E+00    -0.64287E+00    -0.21521E-01     0.82974E-01
     0.10207E+01     0.42139E-01     0.43209E-01     0.59385E-01     0.51859E-01     0.26498E-02     0.12716E+01     0.16280E+01     0.15477E+01     0.42800E+00     0.76849E+01     0.84513E+01     0.83178E-01     0.11657E+00     0.10775E+00    -0.65735E+00    -0.22168E-01     0.84307E-01
     0.10345E+01     0.42349E-01     0.43491E-01     0.60151E-01     0.52442E-01     0.26979E-02     0.12863E+01     0.16344E+01     0.15538E+01     0.43561E+00     0.77531E+01     0.85260E+01     0.84097E-01     0.11728E+00     0.10806E+00    -0.67160E+00    -0.22815E-01     0.85591E-01
     0.10483E+01     0.42569E-01     0.43801E-01     0.60963E-01     0.53011E-01     0.27485E-02     0.13008E+01     0.16402E+01     0.15593E+01     0.44319E+00     0.78185E+01     0.85979E+01     0.85064E-01     0.11799E+00     0.10833E+00    -0.68561E+00    -0.23463E-01     0.86824E-01
     0.10621E+01     0.42798E-01     0.44140E-01     0.61815E-01     0.53566E-01     0.28012E-02     0.13154E+01     0.16454E+01     0.15641E+01     0.45073E+00     0.78813E+01     0.86671E+01     0.86074E-01     0.11868E+00     0.10855E+00    -0.69937E+00    -0.24112E-01     0.88006E-01
     0.10759E+01     0.43035E-01     0.44510E-01     0.62695E-01     0.54107E-01     0.28557E-02     0.13301E+01     0.16499E+01     0.15683E+01     0.45825E+00     0.79414E+01     0.87335E+01     0.87117E-01     0.11937E+00     0.10873E+00    -0.71287E+00    -0.24762E-01     0.89137E-01
     0.10897E+01     0.43282E-01     0.44909E-01     0.63595E-01     0.54636E-01     0.29118E-02     0.13452E+01     0.16538E+01     0.15719E+01     0.46575E+00     0.79986E+01     0.87974E+01     0.88185E-01     0.12004E+00     0.10886E+00    -0.72611E+00    -0.25412E-01     0.90220E-01
     0.11035E+01     0.43539E-01     0.45336E-01     0.64505E-01     0.55152E-01     0.29695E-02     0.13609E+01     0.16572E+01     0.15748E+01     0.47323E+00     0.80530E+01     0.88588E+01     0.89269E-01     0.12071E+00     0.10895E+00    -0.73909E+00    -0.26064E-01     0.91254E-01
     0.11172E+01     0.43806E-01     0.45786E-01     0.65423E-01     0.55655E-01     0.30287E-02     0.13770E+01     0.16599E+01     0.15772E+01     0.48068E+00     0.81045E+01     0.89176E+01     0.90361E-01     0.12136E+00     0.10900E+00    -0.75179E+00    -0.26715E-01     0.92239E-01
     0.11309E+01     0.44084E-01     0.46258E-01     0.66346E-01     0.56144E-01     0.30891E-02     0.13935E+01     0.16621E+01     0.15790E+01     0.48811E+00     0.81533E+01     0.89738E+01     0.91458E-01     0.12201E+00     0.10901E+00    -0.76419E+00    -0.27367E-01     0.93172E-01
     0.11447E+01     0.44371E-01     0.46752E-01     0.67272E-01     0.56620E-01     0.31506E-02     0.14100E+01     0.16638E+01     0.15802E+01     0.49551E+00     0.81992E+01     0.90274E+01     0.92557E-01     0.12263E+00     0.10898E+00    -0.77628E+00    -0.28017E-01     0.94052E-01
     0.11583E+01     0.44669E-01     0.47270E-01     0.68197E-01     0.57082E-01     0.32131E-02     0.14265E+01     0.16648E+01     0.15808E+01     0.50287E+00     0.82424E+01     0.90783E+01     0.93652E-01     0.12325E+00     0.10891E+00    -0.78804E+00    -0.28664E-01     0.94877E-01
     0.11720E+01     0.44975E-01     0.47815E-01     0.69119E-01     0.57529E-01     0.32766E-02     0.14433E+01     0.16653E+01     0.15808E+01     0.51020E+00     0.82827E+01     0.91265E+01     0.94736E-01     0.12385E+00     0.10881E+00    -0.79945E+00    -0.29310E-01     0.95646E-01
     0.11856E+01     0.45291E-01     0.48388E-01     0.70035E-01     0.57963E-01     0.33409E-02     0.14606E+01     0.16652E+01     0.15802E+01     0.51748E+00     0.83202E+01     0.91721E+01     0.95798E-01     0.12444E+00     0.10867E+00    -0.81050E+00    -0.29952E-01     0.96361E-01
     0.11993E+01     0.45615E-01     0.48986E-01     0.70939E-01     0.58382E-01     0.34060E-02     0.14785E+01     0.16646E+01     0.15791E+01     0.52473E+00     0.83548E+01     0.92149E+01     0.96831E-01     0.12500E+00     0.10850E+00    -0.82117E+00    -0.30590E-01     0.97020E-01
     0.12128E+01     0.45947E-01     0.49602E-01     0.71832E-01     0.58786E-01     0.34718E-02     0.14967E+01     0.16634E+01     0.15774E+01     0.53192E+00     0.83866E+01     0.92550E+01     0.97832E-01     0.12555E+00     0.10830E+00    -0.83145E+00    -0.31224E-01     0.97620E-01
     0.12264E+01     0.46285E-01     0.50234E-01     0.72711E-01     0.59173E-01     0.35379E-02     0.15149E+01     0.16617E+01     0.15752E+01     0.53905E+00     0.84156E+01     0.92921E+01     0.98799E-01     0.12609E+00     0.10806E+00    -0.84131E+00    -0.31850E-01     0.98158E-01
     0.12399E+01     0.46631E-01     0.50877E-01     0.73577E-01     0.59545E-01     0.36040E-02     0.15331E+01     0.16594E+01     0.15724E+01     0.54610E+00     0.84419E+01     0.93263E+01     0.99730E-01     0.12660E+00     0.10780E+00    -0.85072E+00    -0.32469E-01     0.98635E-01
     0.12534E+01     0.46983E-01     0.51527E-01     0.74429E-01     0.59900E-01     0.36702E-02     0.15515E+01     0.16565E+01     0.15691E+01     0.55309E+00     0.84653E+01     0.93578E+01     0.10062E+00     0.12709E+00     0.10750E+00    -0.85970E+00    -0.33081E-01     0.99053E-01
     0.12668E+01     0.47342E-01     0.52178E-01     0.75271E-01     0.60242E-01     0.37366E-02     0.15705E+01     0.16532E+01     0.15653E+01     0.56002E+00     0.84858E+01     0.93867E+01     0.10147E+00     0.12756E+00     0.10717E+00    -0.86827E+00    -0.33686E-01     0.99417E-01
     0.12802E+01     0.47707E-01     0.52824E-01     0.76107E-01     0.60570E-01     0.38034E-02     0.15900E+01     0.16495E+01     0.15610E+01     0.56690E+00     0.85034E+01     0.94132E+01     0.10227E+00     0.12801E+00     0.10681E+00    -0.87642E+00    -0.34285E-01     0.99729E-01
     0.12935E+01     0.48076E-01     0.53461E-01     0.76939E-01     0.60883E-01     0.38709E-02     0.16100E+01     0.16452E+01     0.15562E+01     0.57373E+00     0.85181E+01     0.94371E+01     0.10302E+00     0.12843E+00     0.10642E+00    -0.88413E+00    -0.34878E-01     0.99986E-01
     0.13068E+01     0.48449E-01     0.54087E-01     0.77769E-01     0.61181E-01     0.39390E-02     0.16299E+01     0.16405E+01     0.15509E+01     0.58049E+00     0.85299E+01     0.94584E+01     0.10374E+00     0.12883E+00     0.10600E+00    -0.89139E+00    -0.35461E-01     0.10019E+00
     0.13201E+01     0.48824E-01     0.54701E-01     0.78601E-01     0.61463E-01     0.40077E-02     0.16494E+01     0.16352E+01     0.15450E+01     0.58716E+00     0.85390E+01     0.94767E+01     0.10445E+00     0.12920E+00     0.10555E+00    -0.89816E+00    -0.36033E-01     0.10032E+00
     0.13333E+01     0.49199E-01     0.55302E-01     0.79437E-01     0.61726E-01     0.40772E-02     0.16684E+01     0.16295E+01     0.15387E+01     0.59374E+00     0.85452E+01     0.94921E+01     0.10514E+00     0.12954E+00     0.10505E+00    -0.90440E+00    -0.36593E-01     0.10040E+00
     0.13464E+01     0.49574E-01     0.55889E-01     0.80277E-01     0.61972E-01     0.41470E-02     0.16869E+01     0.16232E+01     0.15319E+01     0.60022E+00     0.85486E+01     0.95044E+01     0.10584E+00     0.12985E+00     0.10453E+00    -0.91012E+00    -0.37139E-01     0.10041E+00
     0.13595E+01     0.49947E-01     0.56463E-01     0.81118E-01     0.62200E-01     0.42168E-02     0.17051E+01     0.16165E+01     0.15246E+01     0.60659E+00     0.85491E+01     0.95138E+01     0.10654E+00     0.13013E+00     0.10397E+00    -0.91530E+00    -0.37671E-01     0.10035E+00
     0.13725E+01     0.50317E-01     0.57027E-01     0.81956E-01     0.62410E-01     0.42865E-02     0.17233E+01     0.16092E+01     0.15169E+01     0.61287E+00     0.85468E+01     0.95203E+01     0.10725E+00     0.13039E+00     0.10337E+00    -0.91997E+00    -0.38189E-01     0.10024E+00
     0.13855E+01     0.50682E-01     0.57588E-01     0.82788E-01     0.62605E-01     0.43559E-02     0.17417E+01     0.16015E+01     0.15087E+01     0.61905E+00     0.85417E+01     0.95242E+01     0.10796E+00     0.13062E+00     0.10273E+00    -0.92411E+00    -0.38694E-01     0.10007E+00
     0.13984E+01     0.51042E-01     0.58157E-01     0.83611E-01     0.62783E-01     0.44248E-02     0.17603E+01     0.15934E+01     0.15000E+01     0.62514E+00     0.85337E+01     0.95253E+01     0.10868E+00     0.13083E+00     0.10206E+00    -0.92774E+00    -0.39186E-01     0.99851E-01
     0.14113E+01     0.51395E-01     0.58741E-01     0.84429E-01     0.62945E-01     0.44930E-02     0.17792E+01     0.15849E+01     0.14909E+01     0.63113E+00     0.85230E+01     0.95239E+01     0.10938E+00     0.13102E+00     0.10135E+00    -0.93086E+00    -0.39663E-01     0.99572E-01
     0.14240E+01     0.51742E-01     0.59343E-01     0.85244E-01     0.63092E-01     0.45605E-02     0.17983E+01     0.15760E+01     0.14815E+01     0.63702E+00     0.85096E+01     0.95199E+01     0.11006E+00     0.13119E+00     0.10061E+00    -0.93347E+00    -0.40127E-01     0.99242E-01
     0.14368E+01     0.52085E-01     0.59959E-01     0.86052E-01     0.63223E-01     0.46276E-02     0.18179E+01     0.15667E+01     0.14716E+01     0.64283E+00     0.84935E+01     0.95134E+01     0.11073E+00     0.13133E+00     0.99827E-01    -0.93559E+00    -0.40577E-01     0.98862E-01
     0.14494E+01     0.52423E-01     0.60575E-01     0.86852E-01     0.63341E-01     0.46948E-02     0.18380E+01     0.15571E+01     0.14613E+01     0.64856E+00     0.84747E+01     0.95047E+01     0.11135E+00     0.13146E+00     0.99013E-01    -0.93724E+00    -0.41014E-01     0.98436E-01
     0.14620E+01     0.52758E-01     0.61183E-01     0.87647E-01     0.63444E-01     0.47622E-02     0.18588E+01     0.15471E+01     0.14507E+01     0.65419E+00     0.84534E+01     0.94937E+01     0.11194E+00     0.13157E+00     0.98165E-01    -0.93841E+00    -0.41438E-01     0.97965E-01
     0.14744E+01     0.53088E-01     0.61782E-01     0.88443E-01     0.63533E-01     0.48302E-02     0.18799E+01     0.15369E+01     0.14398E+01     0.65975E+00     0.84295E+01     0.94805E+01     0.11247E+00     0.13166E+00     0.97283E-01    -0.93913E+00    -0.41848E-01     0.97451E-01
     0.14869E+01     0.53413E-01     0.62374E-01     0.89246E-01     0.63609E-01     0.48983E-02     0.19010E+01     0.15263E+01     0.14285E+01     0.66522E+00     0.84031E+01     0.94653E+01     0.11295E+00     0.13172E+00     0.96366E-01    -0.93939E+00    -0.42246E-01     0.96898E-01
     0.14992E+01     0.53732E-01     0.62963E-01     0.90063E-01     0.63673E-01     0.49660E-02     0.19221E+01     0.15155E+01     0.14169E+01     0.67062E+00     0.83740E+01     0.94480E+01     0.11338E+00     0.13177E+00     0.95412E-01    -0.93922E+00    -0.42632E-01     0.96305E-01
     0.15114E+01     0.54043E-01     0.63541E-01     0.90901E-01     0.63724E-01     0.50333E-02     0.19428E+01     0.15043E+01     0.14050E+01     0.67594E+00     0.83424E+01     0.94287E+01     0.11376E+00     0.13179E+00     0.94422E-01    -0.93860E+00    -0.43004E-01     0.95674E-01
     0.15236E+01     0.54346E-01     0.64096E-01     0.91763E-01     0.63761E-01     0.50999E-02     0.19633E+01     0.14929E+01     0.13927E+01     0.68117E+00     0.83081E+01     0.94072E+01     0.11412E+00     0.13179E+00     0.93395E-01    -0.93752E+00    -0.43362E-01     0.95004E-01
     0.15357E+01     0.54641E-01     0.64622E-01     0.92650E-01     0.63784E-01     0.51660E-02     0.19836E+01     0.14812E+01     0.13802E+01     0.68632E+00     0.82711E+01     0.93836E+01     0.11445E+00     0.13176E+00     0.92331E-01    -0.93597E+00    -0.43705E-01     0.94293E-01
     0.15477E+01     0.54929E-01     0.65120E-01     0.93561E-01     0.63791E-01     0.52318E-02     0.20041E+01     0.14692E+01     0.13673E+01     0.69136E+00     0.82314E+01     0.93576E+01     0.11476E+00     0.13170E+00     0.91230E-01    -0.93391E+00    -0.44032E-01     0.93539E-01
     0.15596E+01     0.55208E-01     0.65594E-01     0.94490E-01     0.63782E-01     0.52977E-02     0.20245E+01     0.14568E+01     0.13540E+01     0.69627E+00     0.81890E+01     0.93290E+01     0.11506E+00     0.13162E+00     0.90092E-01    -0.93131E+00    -0.44338E-01     0.92737E-01
     0.15714E+01     0.55480E-01     0.66048E-01     0.95432E-01     0.63754E-01     0.53643E-02     0.20451E+01     0.14441E+01     0.13403E+01     0.70103E+00     0.81438E+01     0.92976E+01     0.11533E+00     0.13150E+00     0.88918E-01    -0.92812E+00    -0.44622E-01     0.91884E-01
     0.15831E+01     0.55741E-01     0.66483E-01     0.96385E-01     0.63705E-01     0.54313E-02     0.20656E+01     0.14309E+01     0.13263E+01     0.70562E+00     0.80959E+01     0.92630E+01     0.11559E+00     0.13135E+00     0.87706E-01    -0.92431E+00    -0.44879E-01     0.90976E-01
     0.15947E+01     0.55989E-01     0.66899E-01     0.97351E-01     0.63634E-01     0.54987E-02     0.20861E+01     0.14173E+01     0.13119E+01     0.71001E+00     0.80450E+01     0.92253E+01     0.11581E+00     0.13116E+00     0.86458E-01    -0.91983E+00    -0.45109E-01     0.90013E-01
     0.16062E+01     0.56223E-01     0.67299E-01     0.98330E-01     0.63541E-01     0.55663E-02     0.21064E+01     0.14033E+01     0.12971E+01     0.71420E+00     0.79912E+01     0.91844E+01     0.11602E+00     0.13093E+00     0.85173E-01    -0.91469E+00    -0.45309E-01     0.88993E-01
     0.16176E+01     0.56439E-01     0.67687E-01     0.99327E-01     0.63424E-01     0.56340E-02     0.21262E+01     0.13889E+01     0.12819E+01     0.71817E+00     0.79343E+01     0.91400E+01     0.11621E+00     0.13067E+00     0.83853E-01    -0.90886E+00    -0.45478E-01     0.87917E-01
     0.16290E+01     0.56637E-01     0.68067E-01     0.10034E+00     0.63285E-01     0.57020E-02     0.21455E+01     0.13740E+01     0.12663E+01     0.72192E+00     0.78743E+01     0.90924E+01     0.11640E+00     0.13035E+00     0.82496E-01    -0.90235E+00    -0.45614E-01     0.86786E-01
     0.16402E+01     0.56815E-01     0.68441E-01     0.10138E+00     0.63122E-01     0.57708E-02     0.21644E+01     0.13588E+01     0.12503E+01     0.72544E+00     0.78110E+01     0.90415E+01     0.11658E+00     0.13000E+00     0.81102E-01    -0.89517E+00    -0.45719E-01     0.85602E-01
     0.16512E+01     0.56972E-01     0.68812E-01     0.10245E+00     0.62937E-01     0.58406E-02     0.21834E+01     0.13431E+01     0.12339E+01     0.72873E+00     0.77445E+01     0.89874E+01     0.11676E+00     0.12959E+00     0.79673E-01    -0.88731E+00    -0.45792E-01     0.84369E-01
     0.16622E+01     0.57103E-01     0.69179E-01     0.10356E+00     0.62728E-01     0.59115E-02     0.22028E+01     0.13271E+01     0.12171E+01     0.73179E+00     0.76746E+01     0.89301E+01     0.11693E+00     0.12913E+00     0.78208E-01    -0.87878E+00    -0.45833E-01     0.83089E-01
     0.16731E+01     0.57206E-01     0.69536E-01     0.10471E+00     0.62497E-01     0.59829E-02     0.22221E+01     0.13107E+01     0.11999E+01     0.73461E+00     0.76014E+01     0.88695E+01     0.11710E+00     0.12862E+00     0.76708E-01    -0.86957E+00    -0.45839E-01     0.81760E-01
     0.16839E+01     0.57276E-01     0.69881E-01     0.10593E+00     0.62240E-01     0.60546E-02     0.22411E+01     0.12939E+01     0.11823E+01     0.73716E+00     0.75249E+01     0.88055E+01     0.11725E+00     0.12805E+00     0.75173E-01    -0.85968E+00    -0.45810E-01     0.80382E-01
     0.16945E+01     0.57307E-01     0.70206E-01     0.10721E+00     0.61958E-01     0.61261E-02     0.22593E+01     0.12767E+01     0.11643E+01     0.73945E+00     0.74452E+01     0.87379E+01     0.11740E+00     0.12742E+00     0.73603E-01    -0.84910E+00    -0.45744E-01     0.78952E-01
     0.17050E+01     0.57293E-01     0.70513E-01     0.10857E+00     0.61649E-01     0.61969E-02     0.22769E+01     0.12591E+01     0.11460E+01     0.74144E+00     0.73623E+01     0.86667E+01     0.11754E+00     0.12673E+00     0.71999E-01    -0.83783E+00    -0.45639E-01     0.77473E-01
     0.17154E+01     0.57230E-01     0.70807E-01     0.11001E+00     0.61314E-01     0.62663E-02     0.22943E+01     0.12410E+01     0.11272E+01     0.74316E+00     0.72761E+01     0.85920E+01     0.11767E+00     0.12597E+00     0.70361E-01    -0.82589E+00    -0.45497E-01     0.75948E-01
     0.17257E+01     0.57112E-01     0.71093E-01     0.11153E+00     0.60955E-01     0.63337E-02     0.23116E+01     0.12226E+01     0.11081E+01     0.74462E+00     0.71866E+01     0.85139E+01     0.11777E+00     0.12514E+00     0.68690E-01    -0.81333E+00    -0.45320E-01     0.74383E-01
     0.17358E+01     0.56937E-01     0.71370E-01     0.11313E+00     0.60571E-01     0.63986E-02     0.23291E+01     0.12038E+01     0.10887E+01     0.74581E+00     0.70939E+01     0.84326E+01     0.11785E+00     0.12424E+00     0.66986E-01    -0.80015E+00    -0.45107E-01     0.72781E-01
     0.17458E+01     0.56699E-01     0.71638E-01     0.11482E+00     0.60164E-01     0.64607E-02     0.23465E+01     0.11847E+01     0.10689E+01     0.74672E+00     0.69978E+01     0.83480E+01     0.11790E+00     0.12327E+00     0.65251E-01    -0.78639E+00    -0.44859E-01     0.71144E-01
     0.17557E+01     0.56396E-01     0.71891E-01     0.11658E+00     0.59731E-01     0.65201E-02     0.23630E+01     0.11652E+01     0.10487E+01     0.74734E+00     0.68984E+01     0.82600E+01     0.11795E+00     0.12222E+00     0.63486E-01    -0.77203E+00    -0.44574E-01     0.69471E-01
     0.17655E+01     0.56022E-01     0.72124E-01     0.11844E+00     0.59271E-01     0.65764E-02     0.23784E+01     0.11453E+01     0.10282E+01     0.74765E+00     0.67958E+01     0.81685E+01     0.11798E+00     0.12108E+00     0.61691E-01    -0.75708E+00    -0.44250E-01     0.67762E-01
     0.17751E+01     0.55572E-01     0.72331E-01     0.12041E+00     0.58784E-01     0.66293E-02     0.23928E+01     0.11251E+01     0.10073E+01     0.74765E+00     0.66899E+01     0.80734E+01     0.11800E+00     0.11985E+00     0.59868E-01    -0.74155E+00    -0.43887E-01     0.66019E-01
     0.17845E+01     0.55042E-01     0.72508E-01     0.12250E+00     0.58271E-01     0.66783E-02     0.24064E+01     0.11045E+01     0.98615E+00     0.74732E+00     0.65806E+01     0.79748E+01     0.11802E+00     0.11854E+00     0.58018E-01    -0.72546E+00    -0.43485E-01     0.64245E-01
     0.17939E+01     0.54425E-01     0.72652E-01     0.12471E+00     0.57729E-01     0.67228E-02     0.24191E+01     0.10835E+01     0.96461E+00     0.74666E+00     0.64680E+01     0.78725E+01     0.11802E+00     0.11713E+00     0.56144E-01    -0.70882E+00    -0.43043E-01     0.62440E-01
     0.18031E+01     0.53718E-01     0.72759E-01     0.12704E+00     0.57159E-01     0.67628E-02     0.24306E+01     0.10621E+01     0.94272E+00     0.74565E+00     0.63521E+01     0.77665E+01     0.11803E+00     0.11561E+00     0.54247E-01    -0.69164E+00    -0.42561E-01     0.60605E-01
     0.18121E+01     0.52916E-01     0.72822E-01     0.12950E+00     0.56558E-01     0.67983E-02     0.24410E+01     0.10403E+01     0.92047E+00     0.74427E+00     0.62327E+01     0.76564E+01     0.11803E+00     0.11399E+00     0.52330E-01    -0.67390E+00    -0.42036E-01     0.58739E-01
     0.18210E+01     0.52017E-01     0.72832E-01     0.13205E+00     0.55924E-01     0.68292E-02     0.24501E+01     0.10181E+01     0.89786E+00     0.74248E+00     0.61100E+01     0.75422E+01     0.11803E+00     0.11225E+00     0.50395E-01    -0.65560E+00    -0.41467E-01     0.56842E-01
     0.18298E+01     0.51017E-01     0.72784E-01     0.13471E+00     0.55256E-01     0.68553E-02     0.24572E+01     0.99540E+00     0.87488E+00     0.74027E+00     0.59839E+01     0.74234E+01     0.11803E+00     0.11039E+00     0.48446E-01    -0.63675E+00    -0.40849E-01     0.54911E-01
     0.18384E+01     0.49910E-01     0.72668E-01     0.13745E+00     0.54550E-01     0.68761E-02     0.24624E+01     0.97220E+00     0.85151E+00     0.73758E+00     0.58542E+01     0.72998E+01     0.11804E+00     0.10840E+00     0.46485E-01    -0.61732E+00    -0.40182E-01     0.52947E-01
     0.18468E+01     0.48691E-01     0.72473E-01     0.14028E+00     0.53804E-01     0.68905E-02     0.24655E+01     0.94846E+00     0.82775E+00     0.73437E+00     0.57210E+01     0.71711E+01     0.11804E+00     0.10629E+00     0.44514E-01    -0.59732E+00    -0.39462E-01     0.50950E-01
     0.18551E+01     0.47355E-01     0.72191E-01     0.14318E+00     0.53017E-01     0.68975E-02     0.24663E+01     0.92416E+00     0.80359E+00     0.73061E+00     0.55842E+01     0.70370E+01     0.11805E+00     0.10403E+00     0.42536E-01    -0.57674E+00    -0.38685E-01     0.48920E-01
     0.18633E+01     0.45899E-01     0.71813E-01     0.14615E+00     0.52183E-01     0.68966E-02     0.24643E+01     0.89927E+00     0.77901E+00     0.72623E+00     0.54436E+01     0.68972E+01     0.11805E+00     0.10162E+00     0.40556E-01    -0.55558E+00    -0.37850E-01     0.46855E-01
     0.18713E+01     0.44322E-01     0.71333E-01     0.14916E+00     0.51300E-01     0.68872E-02     0.24591E+01     0.87375E+00     0.75400E+00     0.72116E+00     0.52992E+01     0.67511E+01     0.11805E+00     0.99072E-01     0.38576E-01    -0.53382E+00    -0.36951E-01     0.44756E-01
     0.18791E+01     0.42622E-01     0.70742E-01     0.15217E+00     0.50362E-01     0.68693E-02     0.24504E+01     0.84752E+00     0.72854E+00     0.71532E+00     0.51510E+01     0.65982E+01     0.11805E+00     0.96365E-01     0.36600E-01    -0.51145E+00    -0.35982E-01     0.42621E-01
     0.18867E+01     0.40799E-01     0.70031E-01     0.15513E+00     0.49364E-01     0.68423E-02     0.24378E+01     0.82052E+00     0.70260E+00     0.70862E+00     0.49989E+01     0.64377E+01     0.11804E+00     0.93502E-01     0.34633E-01    -0.48845E+00    -0.34939E-01     0.40446E-01
     0.18942E+01     0.38852E-01     0.69190E-01     0.15798E+00     0.48298E-01     0.68059E-02     0.24209E+01     0.79267E+00     0.67618E+00     0.70093E+00     0.48431E+01     0.62690E+01     0.11802E+00     0.90481E-01     0.32679E-01    -0.46480E+00    -0.33815E-01     0.38231E-01
     0.19015E+01     0.36783E-01     0.68212E-01     0.16063E+00     0.47159E-01     0.67600E-02     0.23994E+01     0.76389E+00     0.64926E+00     0.69213E+00     0.46835E+01     0.60912E+01     0.11799E+00     0.87302E-01     0.30742E-01    -0.44050E+00    -0.32604E-01     0.35976E-01
     0.19087E+01     0.34597E-01     0.67087E-01     0.16297E+00     0.45939E-01     0.67046E-02     0.23728E+01     0.73412E+00     0.62181E+00     0.68209E+00     0.45203E+01     0.59035E+01     0.11793E+00     0.83968E-01     0.28829E-01    -0.41555E+00    -0.31300E-01     0.33681E-01
     0.19157E+01     0.32298E-01     0.65803E-01     0.16486E+00     0.44629E-01     0.66401E-02     0.23407E+01     0.70327E+00     0.59383E+00     0.67066E+00     0.43537E+01     0.57051E+01     0.11782E+00     0.80483E-01     0.26944E-01    -0.38997E+00    -0.29899E-01     0.31347E-01
     0.19225E+01     0.29897E-01     0.64344E-01     0.16614E+00     0.43222E-01     0.65671E-02     0.23028E+01     0.67128E+00     0.56531E+00     0.65766E+00     0.41838E+01     0.54951E+01     0.11767E+00     0.76855E-01     0.25094E-01    -0.36379E+00    -0.28396E-01     0.28979E-01
     0.19291E+01     0.27405E-01     0.62692E-01     0.16662E+00     0.41709E-01     0.64866E-02     0.22585E+01     0.63808E+00     0.53627E+00     0.64292E+00     0.40109E+01     0.52725E+01     0.11744E+00     0.73093E-01     0.23286E-01    -0.33706E+00    -0.26789E-01     0.26583E-01
     0.19355E+01     0.24838E-01     0.60830E-01     0.16606E+00     0.40080E-01     0.64001E-02     0.22074E+01     0.60358E+00     0.50669E+00     0.62621E+00     0.38355E+01     0.50364E+01     0.11713E+00     0.69210E-01     0.21527E-01    -0.30985E+00    -0.25074E-01     0.24165E-01
     0.19418E+01     0.22216E-01     0.58737E-01     0.16420E+00     0.38322E-01     0.63096E-02     0.21485E+01     0.56769E+00     0.47660E+00     0.60727E+00     0.36581E+01     0.47855E+01     0.11671E+00     0.65221E-01     0.19824E-01    -0.28225E+00    -0.23250E-01     0.21732E-01
     0.19479E+01     0.19561E-01     0.56389E-01     0.16071E+00     0.36420E-01     0.62175E-02     0.20800E+01     0.53028E+00     0.44602E+00     0.58577E+00     0.34795E+01     0.45181E+01     0.11616E+00     0.61146E-01     0.18184E-01    -0.25435E+00    -0.21315E-01     0.19294E-01
     0.19537E+01     0.16899E-01     0.53759E-01     0.15527E+00     0.34354E-01     0.61263E-02     0.19995E+01     0.49117E+00     0.41499E+00     0.56129E+00     0.33007E+01     0.42321E+01     0.11545E+00     0.57009E-01     0.16614E-01    -0.22628E+00    -0.19266E-01     0.16858E-01
     0.19594E+01     0.14259E-01     0.50814E-01     0.14753E+00     0.32099E-01     0.60387E-02     0.19035E+01     0.45013E+00     0.38356E+00     0.53329E+00     0.31230E+01     0.39250E+01     0.11453E+00     0.52835E-01     0.15119E-01    -0.19818E+00    -0.17105E-01     0.14437E-01
     0.19650E+01     0.11674E-01     0.47505E-01     0.13720E+00     0.29625E-01     0.59572E-02     0.17877E+01     0.40688E+00     0.35181E+00     0.50109E+00     0.29483E+01     0.35935E+01     0.11334E+00     0.48659E-01     0.13704E-01    -0.17026E+00    -0.14833E-01     0.12045E-01
     0.19703E+01     0.91835E-02     0.43765E-01     0.12412E+00     0.26891E-01     0.58844E-02     0.16484E+01     0.36111E+00     0.31986E+00     0.46381E+00     0.27788E+01     0.32335E+01     0.11179E+00     0.44518E-01     0.12375E-01    -0.14277E+00    -0.12463E-01     0.97044E-02
     0.19754E+01     0.68369E-02     0.39494E-01     0.10836E+00     0.23857E-01     0.58226E-02     0.14862E+01     0.31254E+00     0.28790E+00     0.42041E+00     0.26179E+01     0.28412E+01     0.10977E+00     0.40461E-01     0.11133E-01    -0.11602E+00    -0.10022E-01     0.74523E-02
     0.19803E+01     0.46950E-02     0.34559E-01     0.90269E-01     0.20481E-01     0.57735E-02     0.13158E+01     0.26103E+00     0.25622E+00     0.36968E+00     0.24707E+01     0.24130E+01     0.10710E+00     0.36538E-01     0.99843E-02    -0.90434E-01    -0.75656E-02     0.53439E-02
     0.19850E+01     0.28351E-02     0.28806E-01     0.70510E-01     0.16728E-01     0.57386E-02     0.11853E+01     0.20669E+00     0.22521E+00     0.31027E+00     0.23455E+01     0.19470E+01     0.10360E+00     0.32814E-01     0.89313E-02    -0.66473E-01    -0.51854E-02     0.34564E-02
     0.19896E+01     0.13534E-02     0.22072E-01     0.49948E-01     0.12568E-01     0.57186E-02     0.11971E+01     0.14993E+00     0.19535E+00     0.24054E+00     0.22559E+01     0.14427E+01     0.99009E-01     0.29327E-01     0.79756E-02    -0.44573E-01    -0.30192E-02     0.18840E-02
     0.19939E+01     0.36504E-03     0.14208E-01     0.29444E-01     0.79616E-02     0.57134E-02     0.14596E+01     0.91242E-01     0.16740E+00     0.15817E+00     0.22263E+01     0.89995E+00     0.93191E-01     0.26207E-01     0.71204E-02    -0.25059E-01    -0.12557E-02     0.72638E-03
     0.19980E+01     0.00000E+00     0.50798E-02     0.96001E-02     0.28193E-02     0.57218E-02     0.19751E+01     0.30856E-01     0.14043E+00     0.59532E-01     0.22640E+01     0.31581E+00     0.85531E-01     0.22906E-01     0.63283E-02    -0.77619E-02    -0.16434E-03     0.86989E-04
