     0.23093E-02    -0.48843E-19     0.17693E-04     0.26717E-01     0.99097E+00     0.00000E+00     0.40490E+01     0.30421E+02     0.10000E+01     0.26372E+02     0.26372E+02     0.30421E+02     0.25767E+01     0.10157E-04    -0.58059E-04     0.94681E-08     0.26171E-04     0.97687E-04    -0.23084E-06
     0.70633E-02    -0.17654E-18     0.54627E-04     0.82319E-01     0.97428E+00     0.00000E+00     0.32988E+01     0.29613E+02     0.10000E+01     0.26315E+02     0.26315E+02     0.29613E+02     0.25939E+01     0.10299E-04    -0.58792E-04     0.65857E-06     0.20518E-03     0.92602E-03    -0.71496E-05
     0.12087E-01    -0.18986E-18     0.93260E-04     0.14054E+00     0.95936E+00     0.00000E+00     0.26497E+01     0.28906E+02     0.10000E+01     0.26257E+02     0.26257E+02     0.28906E+02     0.26086E+01     0.10290E-04    -0.58569E-04     0.44369E-05     0.49524E-03     0.26855E-02    -0.36419E-04
     0.17376E-01    -0.30079E-18     0.13265E-03     0.20078E+00     0.94616E+00     0.00000E+00     0.20957E+01     0.28291E+02     0.10000E+01     0.26195E+02     0.26195E+02     0.28291E+02     0.26211E+01     0.10280E-04    -0.59770E-04     0.14893E-04     0.84228E-03     0.53923E-02    -0.10573E-03
     0.22928E-01    -0.31806E-18     0.17110E-03     0.26213E+00     0.93456E+00     0.00000E+00     0.16286E+01     0.27759E+02     0.10000E+01     0.26130E+02     0.26130E+02     0.27759E+02     0.26315E+01     0.10233E-04    -0.60666E-04     0.35518E-04     0.12091E-02     0.88944E-02    -0.22822E-03
     0.28739E-01    -0.12281E-18     0.20604E-03     0.32341E+00     0.92448E+00     0.00000E+00     0.12402E+01     0.27302E+02     0.10000E+01     0.26062E+02     0.26062E+02     0.27302E+02     0.26398E+01     0.10139E-04    -0.61814E-04     0.69174E-04     0.15739E-02     0.12870E-01    -0.40733E-03
     0.34807E-01     0.31663E-19     0.23399E-03     0.38336E+00     0.91578E+00     0.00000E+00     0.92221E+00     0.26913E+02     0.10000E+01     0.25991E+02     0.25991E+02     0.26913E+02     0.26463E+01     0.99796E-05    -0.63078E-04     0.11788E-03     0.19263E-02     0.16912E-01    -0.63577E-03
     0.41127E-01    -0.48357E-18     0.25094E-03     0.44082E+00     0.90833E+00     0.00000E+00     0.66572E+00     0.26583E+02     0.10000E+01     0.25917E+02     0.25917E+02     0.26583E+02     0.26513E+01     0.97552E-05    -0.64481E-04     0.18284E-03     0.22627E-02     0.20637E-01    -0.89836E-03
     0.47696E-01    -0.38571E-18     0.25329E-03     0.49488E+00     0.90194E+00     0.00000E+00     0.46166E+00     0.26302E+02     0.10000E+01     0.25841E+02     0.25841E+02     0.26302E+02     0.26550E+01     0.94840E-05    -0.66017E-04     0.26447E-03     0.25822E-02     0.23773E-01    -0.11768E-02
     0.54512E-01    -0.80020E-18     0.23906E-03     0.54491E+00     0.89645E+00     0.00000E+00     0.30121E+00     0.26063E+02     0.10000E+01     0.25762E+02     0.25762E+02     0.26063E+02     0.26576E+01     0.91801E-05    -0.67688E-04     0.36251E-03     0.28840E-02     0.26179E-01    -0.14538E-02
     0.61570E-01    -0.71385E-18     0.20894E-03     0.59062E+00     0.89170E+00     0.00000E+00     0.17620E+00     0.25857E+02     0.10000E+01     0.25681E+02     0.25681E+02     0.25857E+02     0.26593E+01     0.88394E-05    -0.69496E-04     0.47609E-03     0.31660E-02     0.27832E-01    -0.17159E-02
     0.68868E-01    -0.26865E-19     0.16631E-03     0.63197E+00     0.88752E+00     0.00000E+00     0.79503E-01     0.25677E+02     0.10000E+01     0.25598E+02     0.25598E+02     0.25677E+02     0.26602E+01     0.84649E-05    -0.71425E-04     0.60374E-03     0.34255E-02     0.28786E-01    -0.19541E-02
     0.76401E-01    -0.43368E-18     0.11646E-03     0.66912E+00     0.88380E+00     0.00000E+00     0.51635E-02     0.25518E+02     0.10000E+01     0.25512E+02     0.25512E+02     0.25518E+02     0.26605E+01     0.80741E-05    -0.73468E-04     0.74350E-03     0.36600E-02     0.29142E-01    -0.21637E-02
     0.84168E-01    -0.96715E-18     0.65184E-04     0.70234E+00     0.88043E+00     0.00000E+00    -0.51630E-01     0.25374E+02     0.10000E+01     0.25425E+02     0.25425E+02     0.25374E+02     0.26603E+01     0.76349E-05    -0.75615E-04     0.89301E-03     0.38681E-02     0.29014E-01    -0.23434E-02
     0.92164E-01    -0.17942E-17     0.17595E-04     0.73199E+00     0.87734E+00     0.00000E+00    -0.94667E-01     0.25242E+02     0.10000E+01     0.25337E+02     0.25337E+02     0.25242E+02     0.26597E+01     0.71367E-05    -0.77838E-04     0.10497E-02     0.40499E-02     0.28514E-01    -0.24939E-02
     0.10039E+00     0.11399E-17    -0.22320E-04     0.75844E+00     0.87444E+00     0.00000E+00    -0.12689E+00     0.25120E+02     0.10000E+01     0.25246E+02     0.25246E+02     0.25120E+02     0.26588E+01     0.65962E-05    -0.80124E-04     0.12108E-02     0.42069E-02     0.27741E-01    -0.26175E-02
     0.10883E+00     0.40490E-18    -0.51810E-04     0.78206E+00     0.87170E+00     0.00000E+00    -0.15055E+00     0.25004E+02     0.10000E+01     0.25155E+02     0.25155E+02     0.25004E+02     0.26577E+01     0.60127E-05    -0.82446E-04     0.13735E-02     0.43414E-02     0.26782E-01    -0.27171E-02
     0.11749E+00     0.14776E-18    -0.69625E-04     0.80319E+00     0.86908E+00     0.00000E+00    -0.16743E+00     0.24894E+02     0.10000E+01     0.25061E+02     0.25061E+02     0.24894E+02     0.26563E+01     0.53993E-05    -0.84759E-04     0.15354E-02     0.44560E-02     0.25705E-01    -0.27955E-02
     0.12637E+00    -0.49988E-18    -0.76367E-04     0.82216E+00     0.86655E+00     0.00000E+00    -0.17888E+00     0.24788E+02     0.10000E+01     0.24967E+02     0.24967E+02     0.24788E+02     0.26547E+01     0.47766E-05    -0.87072E-04     0.16942E-02     0.45534E-02     0.24565E-01    -0.28555E-02
     0.13547E+00     0.10415E-17    -0.73943E-04     0.83925E+00     0.86408E+00     0.00000E+00    -0.18599E+00     0.24685E+02     0.10000E+01     0.24871E+02     0.24871E+02     0.24685E+02     0.26531E+01     0.41407E-05    -0.89369E-04     0.18477E-02     0.46357E-02     0.23404E-01    -0.28998E-02
     0.14477E+00    -0.22308E-18    -0.64095E-04     0.85472E+00     0.86166E+00     0.00000E+00    -0.18961E+00     0.24584E+02     0.10000E+01     0.24774E+02     0.24774E+02     0.24584E+02     0.26513E+01     0.34600E-05    -0.91678E-04     0.19942E-02     0.47052E-02     0.22251E-01    -0.29306E-02
     0.15428E+00     0.70809E-18    -0.47750E-04     0.86881E+00     0.85927E+00     0.00000E+00    -0.19041E+00     0.24485E+02     0.10000E+01     0.24675E+02     0.24675E+02     0.24485E+02     0.26495E+01     0.27521E-05    -0.94003E-04     0.21323E-02     0.47639E-02     0.21129E-01    -0.29499E-02
     0.16399E+00    -0.58336E-18    -0.25823E-04     0.88170E+00     0.85690E+00     0.00000E+00    -0.18896E+00     0.24387E+02     0.10000E+01     0.24576E+02     0.24576E+02     0.24387E+02     0.26477E+01     0.20163E-05    -0.96328E-04     0.22608E-02     0.48127E-02     0.20053E-01    -0.29593E-02
     0.17390E+00     0.13135E-17     0.70289E-06     0.89356E+00     0.85454E+00     0.00000E+00    -0.18572E+00     0.24289E+02     0.10000E+01     0.24475E+02     0.24475E+02     0.24289E+02     0.26458E+01     0.12432E-05    -0.98580E-04     0.23788E-02     0.48521E-02     0.19033E-01    -0.29604E-02
     0.18401E+00    -0.81939E-18     0.32094E-04     0.90454E+00     0.85218E+00     0.00000E+00    -0.18108E+00     0.24192E+02     0.10000E+01     0.24373E+02     0.24373E+02     0.24192E+02     0.26439E+01     0.45471E-06    -0.10080E-03     0.24857E-02     0.48814E-02     0.18074E-01    -0.29543E-02
     0.19431E+00     0.77621E-18     0.70376E-04     0.91475E+00     0.84981E+00     0.00000E+00    -0.17537E+00     0.24095E+02     0.10000E+01     0.24271E+02     0.24271E+02     0.24095E+02     0.26421E+01    -0.34689E-06    -0.10310E-03     0.25812E-02     0.49006E-02     0.17176E-01    -0.29422E-02
     0.20480E+00    -0.45095E-18     0.11840E-03     0.92431E+00     0.84744E+00     0.00000E+00    -0.16882E+00     0.23998E+02     0.10000E+01     0.24167E+02     0.24167E+02     0.23998E+02     0.26403E+01    -0.11714E-05    -0.10552E-03     0.26650E-02     0.49101E-02     0.16339E-01    -0.29251E-02
     0.21547E+00     0.17462E-18     0.17863E-03     0.93329E+00     0.84504E+00     0.00000E+00    -0.16163E+00     0.23901E+02     0.10000E+01     0.24062E+02     0.24062E+02     0.23901E+02     0.26385E+01    -0.19985E-05    -0.10808E-03     0.27373E-02     0.49108E-02     0.15561E-01    -0.29035E-02
     0.22633E+00     0.49509E-18     0.25206E-03     0.94177E+00     0.84263E+00     0.00000E+00    -0.15400E+00     0.23803E+02     0.10000E+01     0.23957E+02     0.23957E+02     0.23803E+02     0.26368E+01    -0.28481E-05    -0.11074E-03     0.27982E-02     0.49030E-02     0.14839E-01    -0.28782E-02
     0.23737E+00     0.76374E-18     0.33661E-03     0.94982E+00     0.84020E+00     0.00000E+00    -0.14606E+00     0.23704E+02     0.10000E+01     0.23850E+02     0.23850E+02     0.23704E+02     0.26351E+01    -0.36884E-05    -0.11341E-03     0.28481E-02     0.48871E-02     0.14171E-01    -0.28497E-02
     0.24859E+00     0.11686E-17     0.42737E-03     0.95750E+00     0.83774E+00     0.00000E+00    -0.13797E+00     0.23605E+02     0.10000E+01     0.23743E+02     0.23743E+02     0.23605E+02     0.26335E+01    -0.45245E-05    -0.11603E-03     0.28875E-02     0.48635E-02     0.13555E-01    -0.28185E-02
     0.25997E+00    -0.50660E-18     0.51935E-03     0.96485E+00     0.83525E+00     0.00000E+00    -0.12982E+00     0.23505E+02     0.10000E+01     0.23635E+02     0.23635E+02     0.23505E+02     0.26320E+01    -0.53203E-05    -0.11853E-03     0.29168E-02     0.48330E-02     0.12984E-01    -0.27849E-02
     0.27153E+00    -0.36076E-18     0.61017E-03     0.97192E+00     0.83273E+00     0.00000E+00    -0.12174E+00     0.23404E+02     0.10000E+01     0.23525E+02     0.23525E+02     0.23404E+02     0.26305E+01    -0.60632E-05    -0.12092E-03     0.29368E-02     0.47964E-02     0.12455E-01    -0.27490E-02
     0.28325E+00     0.50468E-18     0.70028E-03     0.97875E+00     0.83017E+00     0.00000E+00    -0.11379E+00     0.23302E+02     0.10000E+01     0.23416E+02     0.23416E+02     0.23302E+02     0.26291E+01    -0.67666E-05    -0.12317E-03     0.29482E-02     0.47542E-02     0.11962E-01    -0.27111E-02
     0.29514E+00    -0.20149E-18     0.79056E-03     0.98536E+00     0.82759E+00     0.00000E+00    -0.10604E+00     0.23199E+02     0.10000E+01     0.23305E+02     0.23305E+02     0.23199E+02     0.26278E+01    -0.74257E-05    -0.12528E-03     0.29520E-02     0.47065E-02     0.11499E-01    -0.26714E-02
     0.30719E+00     0.15083E-17     0.88132E-03     0.99178E+00     0.82497E+00     0.00000E+00    -0.98490E-01     0.23095E+02     0.10000E+01     0.23193E+02     0.23193E+02     0.23095E+02     0.26266E+01    -0.80678E-05    -0.12732E-03     0.29488E-02     0.46532E-02     0.11064E-01    -0.26299E-02
     0.31939E+00     0.21895E-17     0.97183E-03     0.99804E+00     0.82231E+00     0.00000E+00    -0.91175E-01     0.22989E+02     0.10000E+01     0.23081E+02     0.23081E+02     0.22989E+02     0.26254E+01    -0.86752E-05    -0.12931E-03     0.29394E-02     0.45946E-02     0.10653E-01    -0.25868E-02
     0.33174E+00     0.10305E-17     0.10590E-02     0.10041E+01     0.81962E+00     0.00000E+00    -0.84117E-01     0.22883E+02     0.10000E+01     0.22967E+02     0.22967E+02     0.22883E+02     0.26243E+01    -0.92299E-05    -0.13122E-03     0.29246E-02     0.45303E-02     0.10263E-01    -0.25421E-02
     0.34425E+00     0.84817E-18     0.11389E-02     0.10101E+01     0.81689E+00     0.00000E+00    -0.77337E-01     0.22776E+02     0.10000E+01     0.22853E+02     0.22853E+02     0.22776E+02     0.26233E+01    -0.97500E-05    -0.13302E-03     0.29051E-02     0.44604E-02     0.98932E-02    -0.24962E-02
     0.35690E+00    -0.49892E-18     0.12085E-02     0.10160E+01     0.81413E+00     0.00000E+00    -0.70844E-01     0.22668E+02     0.10000E+01     0.22739E+02     0.22739E+02     0.22668E+02     0.26224E+01    -0.10214E-04    -0.13469E-03     0.28814E-02     0.43849E-02     0.95443E-02    -0.24493E-02
     0.36969E+00     0.24390E-17     0.12676E-02     0.10217E+01     0.81132E+00     0.00000E+00    -0.64650E-01     0.22559E+02     0.10000E+01     0.22623E+02     0.22623E+02     0.22559E+02     0.26215E+01    -0.10615E-04    -0.13625E-03     0.28541E-02     0.43041E-02     0.92165E-02    -0.24015E-02
     0.38262E+00     0.15505E-17     0.13166E-02     0.10274E+01     0.80849E+00     0.00000E+00    -0.58756E-01     0.22448E+02     0.10000E+01     0.22507E+02     0.22507E+02     0.22448E+02     0.26207E+01    -0.10953E-04    -0.13775E-03     0.28233E-02     0.42194E-02     0.89089E-02    -0.23527E-02
     0.39569E+00     0.13433E-18     0.13550E-02     0.10329E+01     0.80561E+00     0.00000E+00    -0.53149E-01     0.22337E+02     0.10000E+01     0.22390E+02     0.22390E+02     0.22337E+02     0.26200E+01    -0.11247E-04    -0.13925E-03     0.27895E-02     0.41318E-02     0.86191E-02    -0.23031E-02
     0.40890E+00    -0.14027E-17     0.13814E-02     0.10384E+01     0.80270E+00     0.00000E+00    -0.47834E-01     0.22224E+02     0.10000E+01     0.22272E+02     0.22272E+02     0.22224E+02     0.26193E+01    -0.11523E-04    -0.14075E-03     0.27529E-02     0.40421E-02     0.83449E-02    -0.22527E-02
     0.42223E+00    -0.15927E-18     0.13953E-02     0.10438E+01     0.79975E+00     0.00000E+00    -0.42813E-01     0.22111E+02     0.10000E+01     0.22154E+02     0.22154E+02     0.22111E+02     0.26187E+01    -0.11761E-04    -0.14225E-03     0.27139E-02     0.39504E-02     0.80849E-02    -0.22018E-02
     0.43569E+00    -0.23219E-18     0.13995E-02     0.10491E+01     0.79677E+00     0.00000E+00    -0.38103E-01     0.21997E+02     0.10000E+01     0.22035E+02     0.22035E+02     0.21997E+02     0.26181E+01    -0.11988E-04    -0.14366E-03     0.26727E-02     0.38570E-02     0.78384E-02    -0.21502E-02
     0.44927E+00    -0.47014E-18     0.13984E-02     0.10543E+01     0.79374E+00     0.00000E+00    -0.33740E-01     0.21881E+02     0.10000E+01     0.21915E+02     0.21915E+02     0.21881E+02     0.26176E+01    -0.12209E-04    -0.14497E-03     0.26297E-02     0.37626E-02     0.76044E-02    -0.20981E-02
     0.46297E+00     0.15927E-18     0.13971E-02     0.10594E+01     0.79068E+00     0.00000E+00    -0.29733E-01     0.21765E+02     0.10000E+01     0.21795E+02     0.21795E+02     0.21765E+02     0.26172E+01    -0.12436E-04    -0.14619E-03     0.25851E-02     0.36678E-02     0.73808E-02    -0.20452E-02
     0.47679E+00    -0.15121E-17     0.13999E-02     0.10645E+01     0.78757E+00     0.00000E+00    -0.26073E-01     0.21648E+02     0.10000E+01     0.21674E+02     0.21674E+02     0.21648E+02     0.26168E+01    -0.12724E-04    -0.14730E-03     0.25393E-02     0.35734E-02     0.71656E-02    -0.19915E-02
     0.49072E+00     0.77525E-18     0.14083E-02     0.10694E+01     0.78443E+00     0.00000E+00    -0.22754E-01     0.21529E+02     0.10000E+01     0.21552E+02     0.21552E+02     0.21529E+02     0.26165E+01    -0.13042E-04    -0.14823E-03     0.24926E-02     0.34797E-02     0.69580E-02    -0.19372E-02
     0.50476E+00    -0.97866E-19     0.14206E-02     0.10743E+01     0.78125E+00     0.00000E+00    -0.19775E-01     0.21410E+02     0.10000E+01     0.21429E+02     0.21429E+02     0.21410E+02     0.26162E+01    -0.13339E-04    -0.14896E-03     0.24451E-02     0.33869E-02     0.67574E-02    -0.18823E-02
     0.51891E+00     0.20168E-17     0.14339E-02     0.10791E+01     0.77803E+00     0.00000E+00    -0.17124E-01     0.21289E+02     0.10000E+01     0.21307E+02     0.21307E+02     0.21289E+02     0.26159E+01    -0.13613E-04    -0.14951E-03     0.23973E-02     0.32943E-02     0.65634E-02    -0.18271E-02
     0.53316E+00     0.25829E-17     0.14485E-02     0.10838E+01     0.77478E+00     0.00000E+00    -0.14752E-01     0.21168E+02     0.10000E+01     0.21183E+02     0.21183E+02     0.21168E+02     0.26157E+01    -0.13820E-04    -0.14994E-03     0.23495E-02     0.32021E-02     0.63751E-02    -0.17714E-02
     0.54751E+00     0.10823E-17     0.14672E-02     0.10884E+01     0.77148E+00     0.00000E+00    -0.12632E-01     0.21046E+02     0.10000E+01     0.21059E+02     0.21059E+02     0.21046E+02     0.26154E+01    -0.13990E-04    -0.15027E-03     0.23022E-02     0.31101E-02     0.61916E-02    -0.17153E-02
     0.56196E+00     0.18115E-17     0.14916E-02     0.10930E+01     0.76815E+00     0.00000E+00    -0.10771E-01     0.20923E+02     0.10000E+01     0.20934E+02     0.20934E+02     0.20923E+02     0.26153E+01    -0.14208E-04    -0.15049E-03     0.22556E-02     0.30186E-02     0.60128E-02    -0.16590E-02
     0.57649E+00    -0.43368E-18     0.15205E-02     0.10974E+01     0.76479E+00     0.00000E+00    -0.91798E-02     0.20799E+02     0.10000E+01     0.20809E+02     0.20809E+02     0.20799E+02     0.26151E+01    -0.14552E-04    -0.15059E-03     0.22099E-02     0.29283E-02     0.58394E-02    -0.16024E-02
     0.59112E+00    -0.27633E-18     0.15515E-02     0.11017E+01     0.76138E+00     0.00000E+00    -0.78812E-02     0.20675E+02     0.10000E+01     0.20683E+02     0.20683E+02     0.20675E+02     0.26150E+01    -0.15024E-04    -0.15061E-03     0.21652E-02     0.28399E-02     0.56714E-02    -0.15458E-02
     0.60584E+00     0.71001E-19     0.15817E-02     0.11060E+01     0.75794E+00     0.00000E+00    -0.68666E-02     0.20549E+02     0.10000E+01     0.20556E+02     0.20556E+02     0.20549E+02     0.26149E+01    -0.15619E-04    -0.15050E-03     0.21216E-02     0.27536E-02     0.55078E-02    -0.14891E-02
     0.62064E+00     0.13241E-18     0.16085E-02     0.11101E+01     0.75445E+00     0.00000E+00    -0.61005E-02     0.20423E+02     0.10000E+01     0.20429E+02     0.20429E+02     0.20423E+02     0.26148E+01    -0.16247E-04    -0.15017E-03     0.20793E-02     0.26695E-02     0.53471E-02    -0.14325E-02
     0.63552E+00     0.19439E-17     0.16285E-02     0.11141E+01     0.75094E+00     0.00000E+00    -0.55447E-02     0.20296E+02     0.10000E+01     0.20302E+02     0.20302E+02     0.20296E+02     0.26147E+01    -0.16872E-04    -0.14965E-03     0.20382E-02     0.25879E-02     0.51876E-02    -0.13756E-02
     0.65047E+00    -0.25522E-18     0.16386E-02     0.11180E+01     0.74739E+00     0.00000E+00    -0.51737E-02     0.20169E+02     0.10000E+01     0.20174E+02     0.20174E+02     0.20169E+02     0.26146E+01    -0.17449E-04    -0.14891E-03     0.19983E-02     0.25090E-02     0.50282E-02    -0.13181E-02
     0.66550E+00     0.17347E-17     0.16368E-02     0.11218E+01     0.74380E+00     0.00000E+00    -0.49869E-02     0.20041E+02     0.10000E+01     0.20046E+02     0.20046E+02     0.20041E+02     0.26145E+01    -0.17929E-04    -0.14796E-03     0.19595E-02     0.24325E-02     0.48687E-02    -0.12599E-02
     0.68060E+00     0.51236E-18     0.16228E-02     0.11255E+01     0.74018E+00     0.00000E+00    -0.50181E-02     0.19912E+02     0.10000E+01     0.19917E+02     0.19917E+02     0.19912E+02     0.26144E+01    -0.18289E-04    -0.14683E-03     0.19219E-02     0.23586E-02     0.47089E-02    -0.12011E-02
     0.69576E+00     0.47014E-18     0.15972E-02     0.11291E+01     0.73651E+00     0.00000E+00    -0.53096E-02     0.19782E+02     0.10000E+01     0.19788E+02     0.19788E+02     0.19782E+02     0.26143E+01    -0.18487E-04    -0.14557E-03     0.18855E-02     0.22874E-02     0.45496E-02    -0.11418E-02
     0.71099E+00     0.25349E-17     0.15618E-02     0.11325E+01     0.73282E+00     0.00000E+00    -0.58773E-02     0.19652E+02     0.10000E+01     0.19658E+02     0.19658E+02     0.19652E+02     0.26143E+01    -0.18546E-04    -0.14422E-03     0.18504E-02     0.22190E-02     0.43919E-02    -0.10826E-02
     0.72628E+00     0.14047E-17     0.15199E-02     0.11358E+01     0.72908E+00     0.00000E+00    -0.67125E-02     0.19521E+02     0.10000E+01     0.19528E+02     0.19528E+02     0.19521E+02     0.26142E+01    -0.18545E-04    -0.14278E-03     0.18168E-02     0.21531E-02     0.42366E-02    -0.10235E-02
     0.74162E+00     0.20840E-17     0.14747E-02     0.11390E+01     0.72531E+00     0.00000E+00    -0.77791E-02     0.19390E+02     0.10000E+01     0.19398E+02     0.19398E+02     0.19390E+02     0.26140E+01    -0.18509E-04    -0.14116E-03     0.17847E-02     0.20898E-02     0.40846E-02    -0.96463E-03
     0.75702E+00    -0.86544E-18     0.14287E-02     0.11420E+01     0.72150E+00     0.00000E+00    -0.90324E-02     0.19258E+02     0.10000E+01     0.19267E+02     0.19267E+02     0.19258E+02     0.26139E+01    -0.18503E-04    -0.13931E-03     0.17541E-02     0.20292E-02     0.39367E-02    -0.90589E-03
     0.77247E+00     0.79444E-18     0.13850E-02     0.11448E+01     0.71766E+00     0.00000E+00    -0.10447E-01     0.19125E+02     0.10000E+01     0.19136E+02     0.19136E+02     0.19125E+02     0.26137E+01    -0.18519E-04    -0.13722E-03     0.17252E-02     0.19713E-02     0.37935E-02    -0.84715E-03
     0.78796E+00     0.25100E-17     0.13467E-02     0.11475E+01     0.71379E+00     0.00000E+00    -0.12043E-01     0.18992E+02     0.10000E+01     0.19004E+02     0.19004E+02     0.18992E+02     0.26136E+01    -0.18532E-04    -0.13481E-03     0.16978E-02     0.19163E-02     0.36558E-02    -0.78837E-03
     0.80350E+00    -0.20053E-17     0.13142E-02     0.11500E+01     0.70988E+00     0.00000E+00    -0.13850E-01     0.18859E+02     0.10000E+01     0.18873E+02     0.18873E+02     0.18859E+02     0.26134E+01    -0.18561E-04    -0.13211E-03     0.16721E-02     0.18644E-02     0.35241E-02    -0.72954E-03
     0.81907E+00    -0.41564E-17     0.12856E-02     0.11524E+01     0.70593E+00     0.00000E+00    -0.15878E-01     0.18725E+02     0.10000E+01     0.18741E+02     0.18741E+02     0.18725E+02     0.26131E+01    -0.18681E-04    -0.12904E-03     0.16484E-02     0.18154E-02     0.33987E-02    -0.67061E-03
     0.83469E+00     0.26731E-17     0.12583E-02     0.11546E+01     0.70195E+00     0.00000E+00    -0.18137E-01     0.18590E+02     0.10000E+01     0.18609E+02     0.18609E+02     0.18590E+02     0.26128E+01    -0.18873E-04    -0.12559E-03     0.16267E-02     0.17698E-02     0.32806E-02    -0.61152E-03
     0.85033E+00     0.33543E-17     0.12308E-02     0.11565E+01     0.69794E+00     0.00000E+00    -0.20628E-01     0.18456E+02     0.10000E+01     0.18476E+02     0.18476E+02     0.18456E+02     0.26125E+01    -0.19135E-04    -0.12179E-03     0.16072E-02     0.17276E-02     0.31709E-02    -0.55227E-03
     0.86601E+00    -0.23200E-17     0.12030E-02     0.11583E+01     0.69389E+00     0.00000E+00    -0.23334E-01     0.18320E+02     0.10000E+01     0.18344E+02     0.18344E+02     0.18320E+02     0.26122E+01    -0.19464E-04    -0.11757E-03     0.15900E-02     0.16892E-02     0.30705E-02    -0.49288E-03
     0.88171E+00    -0.52003E-18     0.11762E-02     0.11599E+01     0.68980E+00     0.00000E+00    -0.26216E-01     0.18185E+02     0.10000E+01     0.18211E+02     0.18211E+02     0.18185E+02     0.26118E+01    -0.19766E-04    -0.11291E-03     0.15752E-02     0.16551E-02     0.29798E-02    -0.43338E-03
     0.89744E+00    -0.80020E-18     0.11514E-02     0.11613E+01     0.68569E+00     0.00000E+00    -0.29221E-01     0.18049E+02     0.10000E+01     0.18078E+02     0.18078E+02     0.18049E+02     0.26113E+01    -0.20057E-04    -0.10789E-03     0.15628E-02     0.16254E-02     0.28991E-02    -0.37378E-03
     0.91319E+00     0.84050E-18     0.11292E-02     0.11625E+01     0.68155E+00     0.00000E+00    -0.32289E-01     0.17913E+02     0.10000E+01     0.17945E+02     0.17945E+02     0.17913E+02     0.26108E+01    -0.20274E-04    -0.10257E-03     0.15528E-02     0.16002E-02     0.28289E-02    -0.31412E-03
     0.92895E+00     0.12377E-17     0.11105E-02     0.11635E+01     0.67738E+00     0.00000E+00    -0.35353E-01     0.17777E+02     0.10000E+01     0.17812E+02     0.17812E+02     0.17777E+02     0.26103E+01    -0.20445E-04    -0.96989E-04     0.15450E-02     0.15794E-02     0.27699E-02    -0.25444E-03
     0.94473E+00    -0.69082E-18     0.10951E-02     0.11643E+01     0.67318E+00     0.00000E+00    -0.38367E-01     0.17641E+02     0.10000E+01     0.17679E+02     0.17679E+02     0.17641E+02     0.26097E+01    -0.20650E-04    -0.91213E-04     0.15394E-02     0.15631E-02     0.27226E-02    -0.19480E-03
     0.96051E+00    -0.29149E-17     0.10827E-02     0.11648E+01     0.66897E+00     0.00000E+00    -0.41311E-01     0.17505E+02     0.10000E+01     0.17546E+02     0.17546E+02     0.17505E+02     0.26091E+01    -0.20909E-04    -0.85280E-04     0.15358E-02     0.15517E-02     0.26872E-02    -0.13519E-03
     0.97631E+00     0.52579E-18     0.10719E-02     0.11651E+01     0.66473E+00     0.00000E+00    -0.44186E-01     0.17368E+02     0.10000E+01     0.17413E+02     0.17413E+02     0.17368E+02     0.26084E+01    -0.21217E-04    -0.79189E-04     0.15341E-02     0.15453E-02     0.26636E-02    -0.75623E-04
     0.99210E+00    -0.29935E-18     0.10613E-02     0.11653E+01     0.66047E+00     0.00000E+00    -0.47009E-01     0.17233E+02     0.10000E+01     0.17280E+02     0.17280E+02     0.17233E+02     0.26077E+01    -0.21547E-04    -0.72855E-04     0.15342E-02     0.15439E-02     0.26517E-02    -0.16120E-04
     0.10079E+01     0.21607E-17     0.10499E-02     0.11652E+01     0.65618E+00     0.00000E+00    -0.49811E-01     0.17097E+02     0.10000E+01     0.17146E+02     0.17146E+02     0.17097E+02     0.26069E+01    -0.21935E-04    -0.66175E-04     0.15360E-02     0.15476E-02     0.26511E-02     0.43297E-04
     0.10237E+01    -0.81939E-18     0.10369E-02     0.11648E+01     0.65187E+00     0.00000E+00    -0.52637E-01     0.16961E+02     0.10000E+01     0.17013E+02     0.17013E+02     0.16961E+02     0.26061E+01    -0.22359E-04    -0.59239E-04     0.15396E-02     0.15564E-02     0.26615E-02     0.10264E-03
     0.10395E+01    -0.24754E-18     0.10221E-02     0.11643E+01     0.64754E+00     0.00000E+00    -0.55521E-01     0.16825E+02     0.10000E+01     0.16881E+02     0.16881E+02     0.16825E+02     0.26052E+01    -0.22814E-04    -0.52195E-04     0.15449E-02     0.15702E-02     0.26827E-02     0.16191E-03
     0.10553E+01     0.12665E-17     0.10059E-02     0.11635E+01     0.64318E+00     0.00000E+00    -0.58448E-01     0.16689E+02     0.10000E+01     0.16748E+02     0.16748E+02     0.16689E+02     0.26043E+01    -0.23299E-04    -0.45127E-04     0.15520E-02     0.15891E-02     0.27145E-02     0.22114E-03
     0.10711E+01    -0.12665E-18     0.98951E-03     0.11626E+01     0.63879E+00     0.00000E+00    -0.61353E-01     0.16554E+02     0.10000E+01     0.16615E+02     0.16615E+02     0.16554E+02     0.26033E+01    -0.23830E-04    -0.38126E-04     0.15608E-02     0.16130E-02     0.27569E-02     0.28043E-03
     0.10868E+01     0.24179E-17     0.97469E-03     0.11614E+01     0.63439E+00     0.00000E+00    -0.64191E-01     0.16418E+02     0.10000E+01     0.16482E+02     0.16482E+02     0.16418E+02     0.26023E+01    -0.24426E-04    -0.31169E-04     0.15714E-02     0.16419E-02     0.28101E-02     0.33983E-03
     0.11026E+01    -0.57760E-18     0.96316E-03     0.11600E+01     0.62997E+00     0.00000E+00    -0.66965E-01     0.16283E+02     0.10000E+01     0.16350E+02     0.16350E+02     0.16283E+02     0.26013E+01    -0.25045E-04    -0.24212E-04     0.15838E-02     0.16754E-02     0.28744E-02     0.39935E-03
     0.11183E+01    -0.23661E-17     0.95611E-03     0.11584E+01     0.62553E+00     0.00000E+00    -0.69697E-01     0.16148E+02     0.10000E+01     0.16218E+02     0.16218E+02     0.16148E+02     0.26002E+01    -0.25603E-04    -0.17344E-04     0.15982E-02     0.17132E-02     0.29499E-02     0.45895E-03
     0.11340E+01    -0.52387E-18     0.95356E-03     0.11566E+01     0.62107E+00     0.00000E+00    -0.72389E-01     0.16013E+02     0.10000E+01     0.16086E+02     0.16086E+02     0.16013E+02     0.25991E+01    -0.26130E-04    -0.10618E-04     0.16146E-02     0.17544E-02     0.30358E-02     0.51859E-03
     0.11497E+01     0.12185E-17     0.95436E-03     0.11546E+01     0.61659E+00     0.00000E+00    -0.75019E-01     0.15879E+02     0.10000E+01     0.15954E+02     0.15954E+02     0.15879E+02     0.25979E+01    -0.26646E-04    -0.40702E-05     0.16332E-02     0.17986E-02     0.31310E-02     0.57818E-03
     0.11653E+01    -0.21703E-17     0.95694E-03     0.11524E+01     0.61209E+00     0.00000E+00    -0.77560E-01     0.15745E+02     0.10000E+01     0.15823E+02     0.15823E+02     0.15745E+02     0.25967E+01    -0.27157E-04     0.23278E-05     0.16539E-02     0.18453E-02     0.32340E-02     0.63765E-03
     0.11809E+01    -0.63133E-18     0.96004E-03     0.11501E+01     0.60759E+00     0.00000E+00    -0.79980E-01     0.15611E+02     0.10000E+01     0.15691E+02     0.15691E+02     0.15611E+02     0.25955E+01    -0.27705E-04     0.85820E-05     0.16768E-02     0.18946E-02     0.33438E-02     0.69697E-03
     0.11965E+01    -0.25560E-17     0.96282E-03     0.11476E+01     0.60306E+00     0.00000E+00    -0.82232E-01     0.15478E+02     0.10000E+01     0.15561E+02     0.15561E+02     0.15478E+02     0.25942E+01    -0.28297E-04     0.14661E-04     0.17019E-02     0.19465E-02     0.34599E-02     0.75627E-03
     0.12120E+01     0.43560E-18     0.96391E-03     0.11449E+01     0.59853E+00     0.00000E+00    -0.84270E-01     0.15346E+02     0.10000E+01     0.15430E+02     0.15430E+02     0.15346E+02     0.25929E+01    -0.28958E-04     0.20530E-04     0.17292E-02     0.20008E-02     0.35816E-02     0.81567E-03
     0.12275E+01    -0.77717E-18     0.96138E-03     0.11421E+01     0.59400E+00     0.00000E+00    -0.86035E-01     0.15214E+02     0.10000E+01     0.15300E+02     0.15300E+02     0.15214E+02     0.25916E+01    -0.29608E-04     0.26220E-04     0.17585E-02     0.20573E-02     0.37087E-02     0.87529E-03
     0.12430E+01     0.20187E-17     0.95329E-03     0.11391E+01     0.58945E+00     0.00000E+00    -0.87471E-01     0.15083E+02     0.10000E+01     0.15170E+02     0.15170E+02     0.15083E+02     0.25902E+01    -0.30189E-04     0.31669E-04     0.17896E-02     0.21159E-02     0.38404E-02     0.93497E-03
     0.12584E+01    -0.12914E-17     0.93750E-03     0.11360E+01     0.58491E+00     0.00000E+00    -0.88571E-01     0.14953E+02     0.10000E+01     0.15041E+02     0.15041E+02     0.14953E+02     0.25888E+01    -0.30723E-04     0.36806E-04     0.18224E-02     0.21772E-02     0.39759E-02     0.99447E-03
     0.12737E+01    -0.15620E-17     0.91169E-03     0.11327E+01     0.58036E+00     0.00000E+00    -0.89364E-01     0.14823E+02     0.10000E+01     0.14912E+02     0.14912E+02     0.14823E+02     0.25875E+01    -0.31168E-04     0.41558E-04     0.18568E-02     0.22417E-02     0.41146E-02     0.10536E-02
     0.12890E+01     0.17462E-18     0.87449E-03     0.11293E+01     0.57581E+00     0.00000E+00    -0.89841E-01     0.14694E+02     0.10000E+01     0.14784E+02     0.14784E+02     0.14694E+02     0.25861E+01    -0.31436E-04     0.45976E-04     0.18926E-02     0.23098E-02     0.42561E-02     0.11124E-02
     0.13042E+01     0.31451E-17     0.82759E-03     0.11258E+01     0.57126E+00     0.00000E+00    -0.89971E-01     0.14566E+02     0.10000E+01     0.14656E+02     0.14656E+02     0.14566E+02     0.25847E+01    -0.31532E-04     0.50139E-04     0.19299E-02     0.23816E-02     0.44007E-02     0.11708E-02
     0.13194E+01     0.21089E-17     0.77617E-03     0.11222E+01     0.56671E+00     0.00000E+00    -0.89743E-01     0.14439E+02     0.10000E+01     0.14529E+02     0.14529E+02     0.14439E+02     0.25833E+01    -0.31446E-04     0.54225E-04     0.19688E-02     0.24564E-02     0.45488E-02     0.12289E-02
     0.13345E+01     0.21108E-18     0.72592E-03     0.11184E+01     0.56216E+00     0.00000E+00    -0.89138E-01     0.14313E+02     0.10000E+01     0.14402E+02     0.14402E+02     0.14313E+02     0.25820E+01    -0.31194E-04     0.58296E-04     0.20090E-02     0.25334E-02     0.47006E-02     0.12867E-02
     0.13495E+01    -0.99401E-18     0.67999E-03     0.11146E+01     0.55762E+00     0.00000E+00    -0.88142E-01     0.14187E+02     0.10000E+01     0.14275E+02     0.14275E+02     0.14187E+02     0.25806E+01    -0.30792E-04     0.62323E-04     0.20506E-02     0.26122E-02     0.48563E-02     0.13442E-02
     0.13645E+01    -0.14565E-17     0.63986E-03     0.11106E+01     0.55308E+00     0.00000E+00    -0.86793E-01     0.14063E+02     0.10000E+01     0.14150E+02     0.14150E+02     0.14063E+02     0.25793E+01    -0.30357E-04     0.66290E-04     0.20932E-02     0.26927E-02     0.50165E-02     0.14016E-02
     0.13794E+01     0.42792E-18     0.60690E-03     0.11065E+01     0.54854E+00     0.00000E+00    -0.85096E-01     0.13939E+02     0.10000E+01     0.14024E+02     0.14024E+02     0.13939E+02     0.25780E+01    -0.29874E-04     0.70129E-04     0.21366E-02     0.27751E-02     0.51808E-02     0.14588E-02
     0.13942E+01     0.11091E-17     0.58289E-03     0.11023E+01     0.54401E+00     0.00000E+00    -0.83005E-01     0.13817E+02     0.10000E+01     0.13900E+02     0.13900E+02     0.13817E+02     0.25768E+01    -0.29375E-04     0.73770E-04     0.21805E-02     0.28591E-02     0.53487E-02     0.15158E-02
     0.14089E+01    -0.13010E-17     0.56893E-03     0.10981E+01     0.53948E+00     0.00000E+00    -0.80534E-01     0.13695E+02     0.10000E+01     0.13776E+02     0.13776E+02     0.13695E+02     0.25756E+01    -0.28840E-04     0.77079E-04     0.22248E-02     0.29446E-02     0.55197E-02     0.15727E-02
     0.14235E+01    -0.52291E-18     0.56414E-03     0.10937E+01     0.53496E+00     0.00000E+00    -0.77703E-01     0.13574E+02     0.10000E+01     0.13652E+02     0.13652E+02     0.13574E+02     0.25744E+01    -0.28278E-04     0.79984E-04     0.22695E-02     0.30316E-02     0.56937E-02     0.16296E-02
     0.14380E+01     0.16589E-17     0.56601E-03     0.10892E+01     0.53045E+00     0.00000E+00    -0.74457E-01     0.13455E+02     0.10000E+01     0.13529E+02     0.13529E+02     0.13455E+02     0.25733E+01    -0.27625E-04     0.82429E-04     0.23144E-02     0.31197E-02     0.58723E-02     0.16863E-02
     0.14525E+01     0.57568E-18     0.57036E-03     0.10847E+01     0.52595E+00     0.00000E+00    -0.70738E-01     0.13336E+02     0.10000E+01     0.13407E+02     0.13407E+02     0.13336E+02     0.25722E+01    -0.26919E-04     0.84454E-04     0.23594E-02     0.32087E-02     0.60564E-02     0.17427E-02
     0.14668E+01    -0.95947E-19     0.57277E-03     0.10800E+01     0.52147E+00     0.00000E+00    -0.66530E-01     0.13219E+02     0.10000E+01     0.13285E+02     0.13285E+02     0.13219E+02     0.25713E+01    -0.26158E-04     0.86122E-04     0.24047E-02     0.32983E-02     0.62460E-02     0.17987E-02
     0.14811E+01     0.25013E-17     0.57166E-03     0.10754E+01     0.51699E+00     0.00000E+00    -0.61845E-01     0.13102E+02     0.10000E+01     0.13164E+02     0.13164E+02     0.13102E+02     0.25703E+01    -0.25350E-04     0.87505E-04     0.24501E-02     0.33884E-02     0.64404E-02     0.18540E-02
     0.14952E+01    -0.33807E-17     0.56849E-03     0.10706E+01     0.51253E+00     0.00000E+00    -0.56715E-01     0.12987E+02     0.10000E+01     0.13044E+02     0.13044E+02     0.12987E+02     0.25695E+01    -0.24497E-04     0.88730E-04     0.24956E-02     0.34789E-02     0.66396E-02     0.19088E-02
     0.15093E+01     0.28986E-17     0.56407E-03     0.10658E+01     0.50809E+00     0.00000E+00    -0.51175E-01     0.12873E+02     0.10000E+01     0.12924E+02     0.12924E+02     0.12873E+02     0.25687E+01    -0.23617E-04     0.89820E-04     0.25411E-02     0.35696E-02     0.68443E-02     0.19630E-02
     0.15232E+01    -0.18575E-17     0.55653E-03     0.10609E+01     0.50365E+00     0.00000E+00    -0.45249E-01     0.12760E+02     0.10000E+01     0.12805E+02     0.12805E+02     0.12760E+02     0.25681E+01    -0.22718E-04     0.90790E-04     0.25863E-02     0.36605E-02     0.70556E-02     0.20166E-02
     0.15370E+01     0.13385E-17     0.54388E-03     0.10559E+01     0.49923E+00     0.00000E+00    -0.38919E-01     0.12648E+02     0.10000E+01     0.12687E+02     0.12687E+02     0.12648E+02     0.25675E+01    -0.21794E-04     0.91624E-04     0.26310E-02     0.37514E-02     0.72744E-02     0.20696E-02
     0.15507E+01     0.13624E-17     0.52572E-03     0.10509E+01     0.49483E+00     0.00000E+00    -0.32185E-01     0.12537E+02     0.10000E+01     0.12569E+02     0.12569E+02     0.12537E+02     0.25670E+01    -0.20816E-04     0.92259E-04     0.26750E-02     0.38421E-02     0.75005E-02     0.21218E-02
     0.15643E+01    -0.10602E-17     0.50326E-03     0.10457E+01     0.49043E+00     0.00000E+00    -0.25088E-01     0.12427E+02     0.10000E+01     0.12452E+02     0.12452E+02     0.12427E+02     0.25666E+01    -0.19813E-04     0.92708E-04     0.27180E-02     0.39327E-02     0.77346E-02     0.21735E-02
     0.15778E+01     0.40835E-17     0.47758E-03     0.10405E+01     0.48605E+00     0.00000E+00    -0.17658E-01     0.12318E+02     0.10000E+01     0.12336E+02     0.12336E+02     0.12318E+02     0.25663E+01    -0.18766E-04     0.92927E-04     0.27596E-02     0.40230E-02     0.79782E-02     0.22247E-02
     0.15911E+01    -0.10650E-17     0.44764E-03     0.10352E+01     0.48168E+00     0.00000E+00    -0.99037E-02     0.12211E+02     0.10000E+01     0.12220E+02     0.12220E+02     0.12211E+02     0.25661E+01    -0.17646E-04     0.92887E-04     0.27994E-02     0.41122E-02     0.82333E-02     0.22754E-02
     0.16043E+01    -0.22260E-17     0.41142E-03     0.10298E+01     0.47733E+00     0.00000E+00    -0.18165E-02     0.12104E+02     0.10000E+01     0.12106E+02     0.12106E+02     0.12104E+02     0.25660E+01    -0.16481E-04     0.92577E-04     0.28372E-02     0.41991E-02     0.85009E-02     0.23253E-02
     0.16174E+01     0.10017E-17     0.36786E-03     0.10243E+01     0.47299E+00     0.00000E+00     0.66146E-02     0.11998E+02     0.10000E+01     0.11991E+02     0.11991E+02     0.11998E+02     0.25661E+01    -0.15297E-04     0.92077E-04     0.28724E-02     0.42822E-02     0.87814E-02     0.23742E-02
     0.16303E+01    -0.44635E-17     0.31910E-03     0.10188E+01     0.46866E+00     0.00000E+00     0.15417E-01     0.11893E+02     0.10000E+01     0.11878E+02     0.11878E+02     0.11893E+02     0.25662E+01    -0.14146E-04     0.91478E-04     0.29047E-02     0.43609E-02     0.90760E-02     0.24220E-02
     0.16431E+01     0.28017E-17     0.26860E-03     0.10131E+01     0.46435E+00     0.00000E+00     0.24619E-01     0.11790E+02     0.10000E+01     0.11765E+02     0.11765E+02     0.11790E+02     0.25665E+01    -0.13057E-04     0.90879E-04     0.29336E-02     0.44346E-02     0.93866E-02     0.24688E-02
     0.16558E+01    -0.32296E-17     0.21951E-03     0.10073E+01     0.46006E+00     0.00000E+00     0.34208E-01     0.11687E+02     0.10000E+01     0.11653E+02     0.11653E+02     0.11687E+02     0.25668E+01    -0.12047E-04     0.90288E-04     0.29587E-02     0.45025E-02     0.97157E-02     0.25144E-02
     0.16683E+01    -0.98442E-18     0.17554E-03     0.10014E+01     0.45579E+00     0.00000E+00     0.44121E-01     0.11586E+02     0.10000E+01     0.11542E+02     0.11542E+02     0.11586E+02     0.25673E+01    -0.11105E-04     0.89683E-04     0.29791E-02     0.45646E-02     0.10066E-01     0.25589E-02
     0.16806E+01     0.36767E-17     0.14076E-03     0.99534E+00     0.45153E+00     0.00000E+00     0.54276E-01     0.11485E+02     0.10000E+01     0.11431E+02     0.11431E+02     0.11485E+02     0.25679E+01    -0.10164E-04     0.89072E-04     0.29943E-02     0.46216E-02     0.10443E-01     0.26023E-02
     0.16928E+01    -0.33889E-17     0.11817E-03     0.98916E+00     0.44728E+00     0.00000E+00     0.64588E-01     0.11386E+02     0.10000E+01     0.11321E+02     0.11321E+02     0.11386E+02     0.25687E+01    -0.92167E-05     0.88382E-04     0.30034E-02     0.46743E-02     0.10849E-01     0.26448E-02
     0.17049E+01     0.14008E-17     0.10752E-03     0.98282E+00     0.44304E+00     0.00000E+00     0.74980E-01     0.11287E+02     0.10000E+01     0.11212E+02     0.11212E+02     0.11287E+02     0.25695E+01    -0.82829E-05     0.87570E-04     0.30056E-02     0.47229E-02     0.11287E-01     0.26862E-02
     0.17167E+01     0.69466E-18     0.10689E-03     0.97631E+00     0.43880E+00     0.00000E+00     0.85374E-01     0.11189E+02     0.10000E+01     0.11104E+02     0.11104E+02     0.11189E+02     0.25704E+01    -0.73616E-05     0.86627E-04     0.30002E-02     0.47682E-02     0.11759E-01     0.27265E-02
     0.17285E+01     0.20302E-17     0.11489E-03     0.96961E+00     0.43456E+00     0.00000E+00     0.95670E-01     0.11092E+02     0.10000E+01     0.10996E+02     0.10996E+02     0.11092E+02     0.25715E+01    -0.64299E-05     0.85608E-04     0.29866E-02     0.48103E-02     0.12268E-01     0.27653E-02
     0.17400E+01     0.36959E-17     0.13067E-03     0.96269E+00     0.43031E+00     0.00000E+00     0.10572E+00     0.10995E+02     0.10000E+01     0.10889E+02     0.10889E+02     0.10995E+02     0.25727E+01    -0.55200E-05     0.84526E-04     0.29641E-02     0.48487E-02     0.12815E-01     0.28023E-02
     0.17514E+01     0.37227E-18     0.15335E-03     0.95550E+00     0.42605E+00     0.00000E+00     0.11534E+00     0.10898E+02     0.10000E+01     0.10783E+02     0.10783E+02     0.10898E+02     0.25739E+01    -0.46628E-05     0.83320E-04     0.29322E-02     0.48822E-02     0.13402E-01     0.28368E-02
     0.17626E+01     0.12128E-17     0.18127E-03     0.94801E+00     0.42177E+00     0.00000E+00     0.12429E+00     0.10802E+02     0.10000E+01     0.10678E+02     0.10678E+02     0.10802E+02     0.25753E+01    -0.38388E-05     0.82022E-04     0.28905E-02     0.49095E-02     0.14032E-01     0.28685E-02
     0.17737E+01    -0.51121E-17     0.21216E-03     0.94015E+00     0.41745E+00     0.00000E+00     0.13230E+00     0.10706E+02     0.10000E+01     0.10573E+02     0.10573E+02     0.10706E+02     0.25767E+01    -0.29583E-05     0.80660E-04     0.28383E-02     0.49301E-02     0.14710E-01     0.28972E-02
     0.17845E+01    -0.79444E-18     0.24526E-03     0.93185E+00     0.41308E+00     0.00000E+00     0.13907E+00     0.10609E+02     0.10000E+01     0.10470E+02     0.10470E+02     0.10609E+02     0.25782E+01    -0.20522E-05     0.79258E-04     0.27754E-02     0.49439E-02     0.15441E-01     0.29225E-02
     0.17952E+01    -0.22951E-17     0.28110E-03     0.92306E+00     0.40865E+00     0.00000E+00     0.14429E+00     0.10511E+02     0.10000E+01     0.10367E+02     0.10367E+02     0.10511E+02     0.25797E+01    -0.11614E-05     0.77882E-04     0.27013E-02     0.49505E-02     0.16227E-01     0.29440E-02
     0.18057E+01     0.25330E-18     0.31865E-03     0.91369E+00     0.40413E+00     0.00000E+00     0.14758E+00     0.10413E+02     0.10000E+01     0.10265E+02     0.10265E+02     0.10413E+02     0.25812E+01    -0.30928E-06     0.76573E-04     0.26159E-02     0.49496E-02     0.17070E-01     0.29610E-02
     0.18160E+01     0.83282E-18     0.35579E-03     0.90366E+00     0.39952E+00     0.00000E+00     0.14852E+00     0.10312E+02     0.10000E+01     0.10164E+02     0.10164E+02     0.10312E+02     0.25827E+01     0.51408E-06     0.75245E-04     0.25192E-02     0.49408E-02     0.17971E-01     0.29726E-02
     0.18261E+01    -0.60639E-18     0.39155E-03     0.89285E+00     0.39478E+00     0.00000E+00     0.14657E+00     0.10210E+02     0.10000E+01     0.10064E+02     0.10064E+02     0.10210E+02     0.25842E+01     0.12923E-05     0.73812E-04     0.24111E-02     0.49247E-02     0.18929E-01     0.29782E-02
     0.18360E+01     0.23027E-19     0.42555E-03     0.88113E+00     0.38988E+00     0.00000E+00     0.14107E+00     0.10106E+02     0.10000E+01     0.99648E+01     0.99648E+01     0.10106E+02     0.25856E+01     0.19899E-05     0.72211E-04     0.22919E-02     0.49012E-02     0.19943E-01     0.29768E-02
     0.18457E+01    -0.37995E-18     0.45702E-03     0.86838E+00     0.38478E+00     0.00000E+00     0.13128E+00     0.99980E+01     0.10000E+01     0.98667E+01     0.98667E+01     0.99980E+01     0.25870E+01     0.25976E-05     0.70420E-04     0.21621E-02     0.48692E-02     0.21009E-01     0.29673E-02
     0.18552E+01     0.56417E-18     0.48516E-03     0.85442E+00     0.37944E+00     0.00000E+00     0.11631E+00     0.98861E+01     0.10000E+01     0.97698E+01     0.97698E+01     0.98861E+01     0.25881E+01     0.30896E-05     0.68408E-04     0.20226E-02     0.48262E-02     0.22118E-01     0.29485E-02
     0.18645E+01    -0.25714E-18     0.50951E-03     0.83907E+00     0.37381E+00     0.00000E+00     0.95108E-01     0.97691E+01     0.10000E+01     0.96740E+01     0.96740E+01     0.97691E+01     0.25891E+01     0.34490E-05     0.66157E-04     0.18748E-02     0.47697E-02     0.23256E-01     0.29184E-02
     0.18736E+01    -0.76374E-18     0.52956E-03     0.82211E+00     0.36782E+00     0.00000E+00     0.66360E-01     0.96457E+01     0.10000E+01     0.95794E+01     0.95794E+01     0.96457E+01     0.25898E+01     0.36696E-05     0.63625E-04     0.17200E-02     0.46970E-02     0.24401E-01     0.28748E-02
     0.18825E+01     0.11897E-18     0.54445E-03     0.80329E+00     0.36138E+00     0.00000E+00     0.28479E-01     0.95146E+01     0.10000E+01     0.94861E+01     0.94861E+01     0.95146E+01     0.25903E+01     0.37824E-05     0.60816E-04     0.15601E-02     0.46056E-02     0.25524E-01     0.28156E-02
     0.18912E+01     0.52195E-18     0.55253E-03     0.78231E+00     0.35439E+00     0.00000E+00    -0.20449E-01     0.93738E+01     0.10000E+01     0.93942E+01     0.93942E+01     0.93738E+01     0.25903E+01     0.38512E-05     0.57774E-04     0.13971E-02     0.44929E-02     0.26581E-01     0.27379E-02
     0.18996E+01     0.29935E-18     0.55109E-03     0.75886E+00     0.34673E+00     0.00000E+00    -0.82719E-01     0.92211E+01     0.10000E+01     0.93038E+01     0.93038E+01     0.92211E+01     0.25899E+01     0.39028E-05     0.54562E-04     0.12331E-02     0.43568E-02     0.27522E-01     0.26392E-02
     0.19078E+01     0.37611E-18     0.53755E-03     0.73258E+00     0.33823E+00     0.00000E+00    -0.16107E+00     0.90540E+01     0.10000E+01     0.92150E+01     0.92150E+01     0.90540E+01     0.25889E+01     0.39428E-05     0.51203E-04     0.10707E-02     0.41956E-02     0.28278E-01     0.25164E-02
     0.19158E+01     0.66395E-18     0.51089E-03     0.70311E+00     0.32871E+00     0.00000E+00    -0.25871E+00     0.88692E+01     0.10000E+01     0.91280E+01     0.91280E+01     0.88692E+01     0.25872E+01     0.39664E-05     0.47713E-04     0.91239E-03     0.40080E-02     0.28766E-01     0.23666E-02
     0.19236E+01     0.11917E-17     0.47214E-03     0.67006E+00     0.31794E+00     0.00000E+00    -0.37933E+00     0.86634E+01     0.10000E+01     0.90428E+01     0.90428E+01     0.86634E+01     0.25847E+01     0.39551E-05     0.44091E-04     0.76085E-03     0.37935E-02     0.28892E-01     0.21876E-02
     0.19311E+01     0.46438E-18     0.42387E-03     0.63307E+00     0.30566E+00     0.00000E+00    -0.52694E+00     0.84326E+01     0.10000E+01     0.89596E+01     0.89596E+01     0.84326E+01     0.25813E+01     0.38805E-05     0.40368E-04     0.61876E-03     0.35522E-02     0.28545E-01     0.19784E-02
     0.19384E+01     0.17175E-18     0.36953E-03     0.59187E+00     0.29155E+00     0.00000E+00    -0.70559E+00     0.81730E+01     0.10000E+01     0.88786E+01     0.88786E+01     0.81730E+01     0.25768E+01     0.38192E-05     0.36590E-04     0.48861E-03     0.32851E-02     0.27612E-01     0.17400E-02
     0.19455E+01     0.34541E-19     0.31288E-03     0.54628E+00     0.27532E+00     0.00000E+00    -0.91893E+00     0.78810E+01     0.10000E+01     0.87999E+01     0.87999E+01     0.78810E+01     0.25711E+01     0.37943E-05     0.32863E-04     0.37251E-03     0.29943E-02     0.25994E-01     0.14768E-02
     0.19523E+01     0.11226E-18     0.25762E-03     0.49633E+00     0.25667E+00     0.00000E+00    -0.11695E+01     0.75543E+01     0.10000E+01     0.87238E+01     0.87238E+01     0.75543E+01     0.25640E+01     0.38075E-05     0.29250E-04     0.27208E-03     0.26823E-02     0.23632E-01     0.11976E-02
     0.19589E+01    -0.43176E-20     0.20681E-03     0.44230E+00     0.23536E+00     0.00000E+00    -0.14577E+01     0.71927E+01     0.10000E+01     0.86504E+01     0.86504E+01     0.71927E+01     0.25554E+01     0.38399E-05     0.25832E-04     0.18833E-03     0.23509E-02     0.20543E-01     0.91601E-03
     0.19652E+01    -0.23987E-19     0.16250E-03     0.38479E+00     0.21126E+00     0.00000E+00    -0.17815E+01     0.67985E+01     0.10000E+01     0.85800E+01     0.85800E+01     0.67985E+01     0.25452E+01     0.38720E-05     0.22691E-04     0.12158E-03     0.20015E-02     0.16861E-01     0.64943E-03
     0.19713E+01     0.16551E-18     0.12542E-03     0.32472E+00     0.18437E+00     0.00000E+00    -0.21352E+01     0.63774E+01     0.10000E+01     0.85126E+01     0.85126E+01     0.63774E+01     0.25333E+01     0.38945E-05     0.19902E-04     0.71439E-04     0.16353E-02     0.12851E-01     0.41675E-03
     0.19771E+01     0.11178E-18     0.95024E-04     0.26326E+00     0.15488E+00     0.00000E+00    -0.25103E+01     0.59382E+01     0.10000E+01     0.84485E+01     0.84485E+01     0.59382E+01     0.25198E+01     0.39082E-05     0.17430E-04     0.36736E-04     0.12562E-02     0.88933E-02     0.23378E-03
     0.19826E+01     0.27585E-20     0.69812E-04     0.20168E+00     0.12312E+00     0.00000E+00    -0.28965E+01     0.54913E+01     0.10000E+01     0.83878E+01     0.83878E+01     0.54913E+01     0.25048E+01     0.39460E-05     0.15594E-04     0.15428E-04     0.87508E-03     0.53967E-02     0.10839E-03
     0.19879E+01     0.46414E-19     0.47936E-04     0.14118E+00     0.89499E-01     0.00000E+00    -0.32836E+01     0.50471E+01     0.10000E+01     0.83307E+01     0.83307E+01     0.50471E+01     0.24885E+01     0.40264E-05     0.13153E-04     0.46039E-05     0.51457E-03     0.26890E-02     0.37337E-04
     0.19929E+01    -0.53925E-19     0.27909E-04     0.82696E-01     0.54445E-01     0.00000E+00    -0.36626E+01     0.46143E+01     0.10000E+01     0.82769E+01     0.82769E+01     0.46143E+01     0.24711E+01     0.41444E-05     0.13864E-04     0.68443E-06     0.21320E-03     0.92736E-03     0.73254E-05
     0.19977E+01     0.00000E+00     0.90447E-05     0.26839E-01     0.18341E-01     0.00000E+00    -0.40272E+01     0.41994E+01     0.10000E+01     0.82266E+01     0.82266E+01     0.41994E+01     0.24533E+01     0.39750E-05     0.13867E-04     0.98572E-08     0.27197E-04     0.97834E-04     0.23617E-06
