     0.23093E-02    -0.43810E-19    -0.27561E-04     0.26761E-01     0.99117E+00     0.00000E+00     0.40174E+01     0.30431E+02     0.10000E+01     0.26413E+02     0.26413E+02     0.30431E+02     0.25584E+01    -0.91340E-05    -0.31522E-04     0.92778E-08     0.26096E-04     0.96232E-04    -0.22677E-06
     0.70633E-02    -0.16016E-18    -0.85393E-04     0.82457E-01     0.97489E+00     0.00000E+00     0.32858E+01     0.29643E+02     0.10000E+01     0.26357E+02     0.26357E+02     0.29643E+02     0.25755E+01    -0.92283E-05    -0.31882E-04     0.64817E-06     0.20489E-03     0.91228E-03    -0.70418E-05
     0.12087E-01    -0.16782E-18    -0.14725E-03     0.14078E+00     0.96039E+00     0.00000E+00     0.26547E+01     0.28955E+02     0.10000E+01     0.26300E+02     0.26300E+02     0.28955E+02     0.25902E+01    -0.91324E-05    -0.31764E-04     0.43771E-05     0.49528E-03     0.26460E-02    -0.35954E-04
     0.17376E-01    -0.20836E-18    -0.21352E-03     0.20113E+00     0.94759E+00     0.00000E+00     0.21177E+01     0.28357E+02     0.10000E+01     0.26239E+02     0.26239E+02     0.28357E+02     0.26028E+01    -0.91238E-05    -0.32409E-04     0.14719E-04     0.84352E-03     0.53143E-02    -0.10464E-03
     0.22928E-01    -0.11361E-18    -0.28383E-03     0.26260E+00     0.93637E+00     0.00000E+00     0.16658E+01     0.27841E+02     0.10000E+01     0.26175E+02     0.26175E+02     0.27841E+02     0.26133E+01    -0.91566E-05    -0.32910E-04     0.35151E-04     0.12124E-02     0.87665E-02    -0.22633E-03
     0.28739E-01    -0.29792E-18    -0.35679E-03     0.32402E+00     0.92662E+00     0.00000E+00     0.12903E+01     0.27398E+02     0.10000E+01     0.26108E+02     0.26108E+02     0.27398E+02     0.26219E+01    -0.92434E-05    -0.33579E-04     0.68528E-04     0.15799E-02     0.12683E-01    -0.40453E-03
     0.34807E-01    -0.22627E-19    -0.43006E-03     0.38412E+00     0.91820E+00     0.00000E+00     0.98234E+00     0.27020E+02     0.10000E+01     0.26038E+02     0.26038E+02     0.27020E+02     0.26287E+01    -0.93919E-05    -0.34349E-04     0.11688E-03     0.19356E-02     0.16660E-01    -0.63185E-03
     0.41127E-01     0.41483E-19    -0.50104E-03     0.44176E+00     0.91095E+00     0.00000E+00     0.73313E+00     0.26698E+02     0.10000E+01     0.25965E+02     0.25965E+02     0.26698E+02     0.26341E+01    -0.96021E-05    -0.35243E-04     0.18139E-03     0.22760E-02     0.20324E-01    -0.89306E-03
     0.47696E-01    -0.37994E-18    -0.56739E-03     0.49601E+00     0.90472E+00     0.00000E+00     0.53402E+00     0.26423E+02     0.10000E+01     0.25889E+02     0.25889E+02     0.26423E+02     0.26383E+01    -0.98663E-05    -0.36242E-04     0.26254E-03     0.26003E-02     0.23410E-01    -0.11699E-02
     0.54512E-01     0.22061E-18    -0.62774E-03     0.54627E+00     0.89934E+00     0.00000E+00     0.37677E+00     0.26188E+02     0.10000E+01     0.25811E+02     0.25811E+02     0.26188E+02     0.26414E+01    -0.10134E-04    -0.37328E-04     0.36009E-03     0.29079E-02     0.25784E-01    -0.14452E-02
     0.61570E-01    -0.27906E-18    -0.68207E-03     0.59224E+00     0.89467E+00     0.00000E+00     0.25378E+00     0.25985E+02     0.10000E+01     0.25731E+02     0.25731E+02     0.25985E+02     0.26436E+01    -0.10368E-04    -0.38465E-04     0.47318E-03     0.31971E-02     0.27426E-01    -0.17058E-02
     0.68868E-01    -0.32055E-18    -0.73151E-03     0.63388E+00     0.89056E+00     0.00000E+00     0.15839E+00     0.25807E+02     0.10000E+01     0.25648E+02     0.25648E+02     0.25807E+02     0.26451E+01    -0.10594E-04    -0.39624E-04     0.60033E-03     0.34656E-02     0.28393E-01    -0.19430E-02
     0.76401E-01    -0.39597E-19    -0.77750E-03     0.67133E+00     0.88690E+00     0.00000E+00     0.84911E-01     0.25649E+02     0.10000E+01     0.25564E+02     0.25564E+02     0.25649E+02     0.26460E+01    -0.10840E-04    -0.40809E-04     0.73959E-03     0.37104E-02     0.28780E-01    -0.21524E-02
     0.84168E-01     0.47752E-18    -0.82076E-03     0.70486E+00     0.88358E+00     0.00000E+00     0.28674E-01     0.25507E+02     0.10000E+01     0.25478E+02     0.25478E+02     0.25507E+02     0.26465E+01    -0.11104E-04    -0.42007E-04     0.88857E-03     0.39289E-02     0.28697E-01    -0.23326E-02
     0.92164E-01    -0.15367E-18    -0.86100E-03     0.73481E+00     0.88052E+00     0.00000E+00    -0.14066E-01     0.25376E+02     0.10000E+01     0.25390E+02     0.25390E+02     0.25376E+02     0.26465E+01    -0.11366E-04    -0.43250E-04     0.10446E-02     0.41194E-02     0.28252E-01    -0.24848E-02
     0.10039E+00     0.41954E-18    -0.89726E-03     0.76152E+00     0.87765E+00     0.00000E+00    -0.46249E-01     0.25254E+02     0.10000E+01     0.25300E+02     0.25300E+02     0.25254E+02     0.26463E+01    -0.11615E-04    -0.44547E-04     0.12051E-02     0.42819E-02     0.27540E-01    -0.26109E-02
     0.10883E+00    -0.86736E-19    -0.92828E-03     0.78536E+00     0.87494E+00     0.00000E+00    -0.70161E-01     0.25139E+02     0.10000E+01     0.25209E+02     0.25209E+02     0.25139E+02     0.26458E+01    -0.11884E-04    -0.45940E-04     0.13672E-02     0.44179E-02     0.26644E-01    -0.27138E-02
     0.11749E+00     0.83719E-18    -0.95297E-03     0.80666E+00     0.87234E+00     0.00000E+00    -0.87567E-01     0.25029E+02     0.10000E+01     0.25117E+02     0.25117E+02     0.25029E+02     0.26451E+01    -0.12138E-04    -0.47437E-04     0.15286E-02     0.45306E-02     0.25627E-01    -0.27961E-02
     0.12637E+00     0.11313E-18    -0.97092E-03     0.82574E+00     0.86981E+00     0.00000E+00    -0.99841E-01     0.24923E+02     0.10000E+01     0.25023E+02     0.25023E+02     0.24923E+02     0.26442E+01    -0.12388E-04    -0.49050E-04     0.16870E-02     0.46235E-02     0.24540E-01    -0.28600E-02
     0.13547E+00    -0.19987E-18    -0.98236E-03     0.84288E+00     0.86734E+00     0.00000E+00    -0.10805E+00     0.24819E+02     0.10000E+01     0.24927E+02     0.24927E+02     0.24819E+02     0.26433E+01    -0.12617E-04    -0.50707E-04     0.18404E-02     0.46995E-02     0.23421E-01    -0.29078E-02
     0.14477E+00     0.33940E-18    -0.98787E-03     0.85834E+00     0.86491E+00     0.00000E+00    -0.11305E+00     0.24718E+02     0.10000E+01     0.24831E+02     0.24831E+02     0.24718E+02     0.26422E+01    -0.12844E-04    -0.52427E-04     0.19871E-02     0.47605E-02     0.22298E-01    -0.29416E-02
     0.15428E+00    -0.17347E-18    -0.98897E-03     0.87235E+00     0.86250E+00     0.00000E+00    -0.11547E+00     0.24617E+02     0.10000E+01     0.24733E+02     0.24733E+02     0.24617E+02     0.26412E+01    -0.13136E-04    -0.54200E-04     0.21255E-02     0.48082E-02     0.21196E-01    -0.29634E-02
     0.16399E+00    -0.13048E-17    -0.98902E-03     0.88511E+00     0.86011E+00     0.00000E+00    -0.11584E+00     0.24518E+02     0.10000E+01     0.24634E+02     0.24634E+02     0.24518E+02     0.26400E+01    -0.13499E-04    -0.56007E-04     0.22545E-02     0.48443E-02     0.20129E-01    -0.29752E-02
     0.17390E+00    -0.47516E-18    -0.99240E-03     0.89679E+00     0.85772E+00     0.00000E+00    -0.11459E+00     0.24419E+02     0.10000E+01     0.24534E+02     0.24534E+02     0.24419E+02     0.26389E+01    -0.13938E-04    -0.57826E-04     0.23732E-02     0.48702E-02     0.19109E-01    -0.29782E-02
     0.18401E+00    -0.17272E-17    -0.10034E-02     0.90755E+00     0.85533E+00     0.00000E+00    -0.11208E+00     0.24320E+02     0.10000E+01     0.24432E+02     0.24432E+02     0.24320E+02     0.26377E+01    -0.14435E-04    -0.59704E-04     0.24809E-02     0.48869E-02     0.18139E-01    -0.29737E-02
     0.19431E+00    -0.38466E-18    -0.10256E-02     0.91751E+00     0.85293E+00     0.00000E+00    -0.10859E+00     0.24221E+02     0.10000E+01     0.24330E+02     0.24330E+02     0.24221E+02     0.26366E+01    -0.14964E-04    -0.61602E-04     0.25775E-02     0.48953E-02     0.17223E-01    -0.29627E-02
     0.20480E+00    -0.16593E-18    -0.10617E-02     0.92680E+00     0.85051E+00     0.00000E+00    -0.10438E+00     0.24122E+02     0.10000E+01     0.24226E+02     0.24226E+02     0.24122E+02     0.26355E+01    -0.15489E-04    -0.63441E-04     0.26628E-02     0.48963E-02     0.16361E-01    -0.29459E-02
     0.21547E+00     0.29415E-18    -0.11133E-02     0.93552E+00     0.84807E+00     0.00000E+00    -0.99646E-01     0.24022E+02     0.10000E+01     0.24122E+02     0.24122E+02     0.24022E+02     0.26344E+01    -0.15977E-04    -0.65198E-04     0.27369E-02     0.48907E-02     0.15552E-01    -0.29241E-02
     0.22633E+00     0.14179E-17    -0.11807E-02     0.94376E+00     0.84561E+00     0.00000E+00    -0.94558E-01     0.23922E+02     0.10000E+01     0.24016E+02     0.24016E+02     0.23922E+02     0.26333E+01    -0.16432E-04    -0.66820E-04     0.28000E-02     0.48788E-02     0.14798E-01    -0.28981E-02
     0.23737E+00     0.76177E-18    -0.12630E-02     0.95160E+00     0.84312E+00     0.00000E+00    -0.89234E-01     0.23821E+02     0.10000E+01     0.23910E+02     0.23910E+02     0.23821E+02     0.26323E+01    -0.16842E-04    -0.68332E-04     0.28523E-02     0.48604E-02     0.14098E-01    -0.28686E-02
     0.24859E+00     0.40728E-18    -0.13591E-02     0.95909E+00     0.84061E+00     0.00000E+00    -0.83766E-01     0.23719E+02     0.10000E+01     0.23802E+02     0.23802E+02     0.23719E+02     0.26313E+01    -0.17233E-04    -0.69696E-04     0.28942E-02     0.48350E-02     0.13451E-01    -0.28365E-02
     0.25997E+00    -0.75423E-18    -0.14660E-02     0.96627E+00     0.83806E+00     0.00000E+00    -0.78235E-01     0.23616E+02     0.10000E+01     0.23694E+02     0.23694E+02     0.23616E+02     0.26304E+01    -0.17602E-04    -0.70937E-04     0.29264E-02     0.48030E-02     0.12854E-01    -0.28024E-02
     0.27153E+00     0.24135E-17    -0.15779E-02     0.97318E+00     0.83549E+00     0.00000E+00    -0.72728E-01     0.23512E+02     0.10000E+01     0.23585E+02     0.23585E+02     0.23512E+02     0.26295E+01    -0.17917E-04    -0.72098E-04     0.29495E-02     0.47653E-02     0.12300E-01    -0.27664E-02
     0.28325E+00     0.11012E-17    -0.16902E-02     0.97986E+00     0.83288E+00     0.00000E+00    -0.67312E-01     0.23407E+02     0.10000E+01     0.23475E+02     0.23475E+02     0.23407E+02     0.26287E+01    -0.18194E-04    -0.73216E-04     0.29644E-02     0.47227E-02     0.11784E-01    -0.27288E-02
     0.29514E+00    -0.85982E-18    -0.18030E-02     0.98632E+00     0.83023E+00     0.00000E+00    -0.62030E-01     0.23302E+02     0.10000E+01     0.23364E+02     0.23364E+02     0.23302E+02     0.26279E+01    -0.18506E-04    -0.74295E-04     0.29719E-02     0.46754E-02     0.11302E-01    -0.26896E-02
     0.30719E+00    -0.26398E-18    -0.19187E-02     0.99260E+00     0.82756E+00     0.00000E+00    -0.56905E-01     0.23195E+02     0.10000E+01     0.23252E+02     0.23252E+02     0.23195E+02     0.26272E+01    -0.18841E-04    -0.75320E-04     0.29725E-02     0.46231E-02     0.10853E-01    -0.26488E-02
     0.31939E+00    -0.28284E-17    -0.20368E-02     0.99870E+00     0.82485E+00     0.00000E+00    -0.51942E-01     0.23087E+02     0.10000E+01     0.23139E+02     0.23139E+02     0.23087E+02     0.26265E+01    -0.19217E-04    -0.76339E-04     0.29667E-02     0.45660E-02     0.10438E-01    -0.26065E-02
     0.33174E+00    -0.60338E-19    -0.21535E-02     0.10046E+01     0.82210E+00     0.00000E+00    -0.47149E-01     0.22978E+02     0.10000E+01     0.23026E+02     0.23026E+02     0.22978E+02     0.26259E+01    -0.19585E-04    -0.77317E-04     0.29550E-02     0.45052E-02     0.10052E-01    -0.25627E-02
     0.34425E+00     0.73914E-18    -0.22628E-02     0.10104E+01     0.81932E+00     0.00000E+00    -0.42560E-01     0.22869E+02     0.10000E+01     0.22911E+02     0.22911E+02     0.22869E+02     0.26254E+01    -0.19958E-04    -0.78232E-04     0.29381E-02     0.44407E-02     0.96923E-02    -0.25175E-02
     0.35690E+00     0.20968E-17    -0.23594E-02     0.10161E+01     0.81650E+00     0.00000E+00    -0.38219E-01     0.22758E+02     0.10000E+01     0.22796E+02     0.22796E+02     0.22758E+02     0.26249E+01    -0.20401E-04    -0.79130E-04     0.29165E-02     0.43724E-02     0.93544E-02    -0.24707E-02
     0.36969E+00     0.15839E-18    -0.24399E-02     0.10217E+01     0.81365E+00     0.00000E+00    -0.34141E-01     0.22646E+02     0.10000E+01     0.22680E+02     0.22680E+02     0.22646E+02     0.26244E+01    -0.20903E-04    -0.79962E-04     0.28908E-02     0.43005E-02     0.90353E-02    -0.24227E-02
     0.38262E+00     0.37711E-17    -0.25035E-02     0.10271E+01     0.81075E+00     0.00000E+00    -0.30318E-01     0.22533E+02     0.10000E+01     0.22564E+02     0.22564E+02     0.22533E+02     0.26240E+01    -0.21401E-04    -0.80758E-04     0.28615E-02     0.42250E-02     0.87337E-02    -0.23734E-02
     0.39569E+00     0.49779E-18    -0.25497E-02     0.10325E+01     0.80783E+00     0.00000E+00    -0.26755E-01     0.22419E+02     0.10000E+01     0.22446E+02     0.22446E+02     0.22419E+02     0.26236E+01    -0.21917E-04    -0.81496E-04     0.28292E-02     0.41468E-02     0.84490E-02    -0.23234E-02
     0.40890E+00     0.13878E-17    -0.25782E-02     0.10377E+01     0.80486E+00     0.00000E+00    -0.23456E-01     0.22305E+02     0.10000E+01     0.22328E+02     0.22328E+02     0.22305E+02     0.26233E+01    -0.22413E-04    -0.82173E-04     0.27942E-02     0.40667E-02     0.81795E-02    -0.22728E-02
     0.42223E+00    -0.13576E-17    -0.25921E-02     0.10429E+01     0.80186E+00     0.00000E+00    -0.20423E-01     0.22189E+02     0.10000E+01     0.22209E+02     0.22209E+02     0.22189E+02     0.26230E+01    -0.22822E-04    -0.82761E-04     0.27570E-02     0.39849E-02     0.79229E-02    -0.22215E-02
     0.43569E+00    -0.14557E-17    -0.25978E-02     0.10480E+01     0.79882E+00     0.00000E+00    -0.17643E-01     0.22072E+02     0.10000E+01     0.22090E+02     0.22090E+02     0.22072E+02     0.26227E+01    -0.23074E-04    -0.83276E-04     0.27180E-02     0.39010E-02     0.76779E-02    -0.21698E-02
     0.44927E+00     0.42161E-17    -0.26015E-02     0.10530E+01     0.79575E+00     0.00000E+00    -0.15088E-01     0.21954E+02     0.10000E+01     0.21969E+02     0.21969E+02     0.21954E+02     0.26225E+01    -0.23160E-04    -0.83758E-04     0.26774E-02     0.38140E-02     0.74435E-02    -0.21177E-02
     0.46297E+00     0.16291E-17    -0.26047E-02     0.10579E+01     0.79264E+00     0.00000E+00    -0.12722E-01     0.21836E+02     0.10000E+01     0.21848E+02     0.21848E+02     0.21836E+02     0.26223E+01    -0.23125E-04    -0.84223E-04     0.26357E-02     0.37244E-02     0.72178E-02    -0.20649E-02
     0.47679E+00     0.58830E-18    -0.26057E-02     0.10628E+01     0.78949E+00     0.00000E+00    -0.10534E-01     0.21716E+02     0.10000E+01     0.21727E+02     0.21727E+02     0.21716E+02     0.26221E+01    -0.23006E-04    -0.84749E-04     0.25929E-02     0.36334E-02     0.69997E-02    -0.20114E-02
     0.49072E+00     0.20364E-18    -0.26019E-02     0.10676E+01     0.78631E+00     0.00000E+00    -0.85250E-02     0.21596E+02     0.10000E+01     0.21604E+02     0.21604E+02     0.21596E+02     0.26220E+01    -0.22809E-04    -0.85302E-04     0.25494E-02     0.35419E-02     0.67885E-02    -0.19573E-02
     0.50476E+00    -0.17423E-17    -0.25875E-02     0.10724E+01     0.78310E+00     0.00000E+00    -0.66976E-02     0.21475E+02     0.10000E+01     0.21482E+02     0.21482E+02     0.21475E+02     0.26219E+01    -0.22631E-04    -0.85946E-04     0.25051E-02     0.34493E-02     0.65838E-02    -0.19028E-02
     0.51891E+00     0.99558E-18    -0.25570E-02     0.10771E+01     0.77985E+00     0.00000E+00    -0.50420E-02     0.21353E+02     0.10000E+01     0.21358E+02     0.21358E+02     0.21353E+02     0.26218E+01    -0.22465E-04    -0.86654E-04     0.24604E-02     0.33557E-02     0.63852E-02    -0.18483E-02
     0.53316E+00     0.51250E-17    -0.25090E-02     0.10817E+01     0.77656E+00     0.00000E+00    -0.35313E-02     0.21230E+02     0.10000E+01     0.21234E+02     0.21234E+02     0.21230E+02     0.26218E+01    -0.22363E-04    -0.87408E-04     0.24151E-02     0.32613E-02     0.61927E-02    -0.17938E-02
     0.54751E+00    -0.13161E-17    -0.24458E-02     0.10862E+01     0.77324E+00     0.00000E+00    -0.21670E-02     0.21107E+02     0.10000E+01     0.21109E+02     0.21109E+02     0.21107E+02     0.26217E+01    -0.22315E-04    -0.88155E-04     0.23694E-02     0.31672E-02     0.60066E-02    -0.17391E-02
     0.56196E+00    -0.16329E-17    -0.23713E-02     0.10907E+01     0.76989E+00     0.00000E+00    -0.97359E-03     0.20983E+02     0.10000E+01     0.20984E+02     0.20984E+02     0.20983E+02     0.26217E+01    -0.22290E-04    -0.88878E-04     0.23234E-02     0.30736E-02     0.58269E-02    -0.16841E-02
     0.57649E+00     0.54493E-17    -0.22899E-02     0.10950E+01     0.76650E+00     0.00000E+00     0.27873E-04     0.20858E+02     0.10000E+01     0.20858E+02     0.20858E+02     0.20858E+02     0.26217E+01    -0.22278E-04    -0.89528E-04     0.22774E-02     0.29806E-02     0.56535E-02    -0.16285E-02
     0.59112E+00    -0.80702E-18    -0.22037E-02     0.10994E+01     0.76308E+00     0.00000E+00     0.82439E-03     0.20732E+02     0.10000E+01     0.20732E+02     0.20732E+02     0.20732E+02     0.26217E+01    -0.22255E-04    -0.90065E-04     0.22316E-02     0.28883E-02     0.54851E-02    -0.15722E-02
     0.60584E+00    -0.19534E-17    -0.21129E-02     0.11036E+01     0.75962E+00     0.00000E+00     0.14020E-02     0.20606E+02     0.10000E+01     0.20605E+02     0.20605E+02     0.20606E+02     0.26217E+01    -0.22230E-04    -0.90509E-04     0.21864E-02     0.27971E-02     0.53198E-02    -0.15152E-02
     0.62064E+00     0.82965E-19    -0.20174E-02     0.11077E+01     0.75612E+00     0.00000E+00     0.17666E-02     0.20479E+02     0.10000E+01     0.20477E+02     0.20477E+02     0.20479E+02     0.26217E+01    -0.22124E-04    -0.90938E-04     0.21418E-02     0.27070E-02     0.51555E-02    -0.14575E-02
     0.63552E+00    -0.14330E-17    -0.19204E-02     0.11118E+01     0.75259E+00     0.00000E+00     0.19682E-02     0.20351E+02     0.10000E+01     0.20349E+02     0.20349E+02     0.20351E+02     0.26218E+01    -0.22045E-04    -0.91403E-04     0.20982E-02     0.26189E-02     0.49911E-02    -0.13992E-02
     0.65047E+00     0.14858E-17    -0.18270E-02     0.11158E+01     0.74903E+00     0.00000E+00     0.20289E-02     0.20223E+02     0.10000E+01     0.20221E+02     0.20221E+02     0.20223E+02     0.26218E+01    -0.22048E-04    -0.91904E-04     0.20557E-02     0.25330E-02     0.48261E-02    -0.13405E-02
     0.66550E+00    -0.36278E-17    -0.17401E-02     0.11197E+01     0.74543E+00     0.00000E+00     0.19241E-02     0.20094E+02     0.10000E+01     0.20092E+02     0.20092E+02     0.20094E+02     0.26218E+01    -0.22115E-04    -0.92403E-04     0.20143E-02     0.24496E-02     0.46610E-02    -0.12815E-02
     0.68060E+00    -0.25795E-17    -0.16599E-02     0.11235E+01     0.74180E+00     0.00000E+00     0.16400E-02     0.19964E+02     0.10000E+01     0.19963E+02     0.19963E+02     0.19964E+02     0.26218E+01    -0.22205E-04    -0.92841E-04     0.19742E-02     0.23689E-02     0.44971E-02    -0.12224E-02
     0.69576E+00    -0.21873E-18    -0.15857E-02     0.11271E+01     0.73813E+00     0.00000E+00     0.11798E-02     0.19834E+02     0.10000E+01     0.19833E+02     0.19833E+02     0.19834E+02     0.26219E+01    -0.22216E-04    -0.93191E-04     0.19355E-02     0.22909E-02     0.43353E-02    -0.11635E-02
     0.71099E+00     0.25040E-17    -0.15175E-02     0.11307E+01     0.73443E+00     0.00000E+00     0.57388E-03     0.19703E+02     0.10000E+01     0.19703E+02     0.19703E+02     0.19703E+02     0.26219E+01    -0.22176E-04    -0.93379E-04     0.18982E-02     0.22158E-02     0.41765E-02    -0.11048E-02
     0.72628E+00     0.29641E-17    -0.14551E-02     0.11341E+01     0.73069E+00     0.00000E+00    -0.13991E-03     0.19572E+02     0.10000E+01     0.19572E+02     0.19572E+02     0.19572E+02     0.26219E+01    -0.22082E-04    -0.93455E-04     0.18625E-02     0.21443E-02     0.40215E-02    -0.10463E-02
     0.74162E+00     0.82965E-18    -0.13978E-02     0.11373E+01     0.72693E+00     0.00000E+00    -0.95308E-03     0.19441E+02     0.10000E+01     0.19442E+02     0.19442E+02     0.19441E+02     0.26219E+01    -0.21976E-04    -0.93336E-04     0.18284E-02     0.20767E-02     0.38712E-02    -0.98778E-03
     0.75702E+00    -0.48271E-18    -0.13440E-02     0.11404E+01     0.72313E+00     0.00000E+00    -0.18858E-02     0.19308E+02     0.10000E+01     0.19310E+02     0.19310E+02     0.19308E+02     0.26219E+01    -0.21929E-04    -0.93038E-04     0.17959E-02     0.20130E-02     0.37265E-02    -0.92926E-03
     0.77247E+00    -0.15537E-17    -0.12917E-02     0.11433E+01     0.71930E+00     0.00000E+00    -0.29546E-02     0.19176E+02     0.10000E+01     0.19179E+02     0.19179E+02     0.19176E+02     0.26218E+01    -0.21958E-04    -0.92577E-04     0.17652E-02     0.19530E-02     0.35879E-02    -0.87063E-03
     0.78796E+00    -0.24437E-17    -0.12398E-02     0.11461E+01     0.71543E+00     0.00000E+00    -0.41552E-02     0.19043E+02     0.10000E+01     0.19047E+02     0.19047E+02     0.19043E+02     0.26218E+01    -0.22060E-04    -0.92005E-04     0.17362E-02     0.18965E-02     0.34555E-02    -0.81173E-03
     0.80350E+00     0.40728E-18    -0.11886E-02     0.11487E+01     0.71154E+00     0.00000E+00    -0.54829E-02     0.18909E+02     0.10000E+01     0.18915E+02     0.18915E+02     0.18909E+02     0.26217E+01    -0.22226E-04    -0.91302E-04     0.17090E-02     0.18436E-02     0.33297E-02    -0.75250E-03
     0.81907E+00     0.96541E-18    -0.11378E-02     0.11512E+01     0.70761E+00     0.00000E+00    -0.69368E-02     0.18776E+02     0.10000E+01     0.18782E+02     0.18782E+02     0.18776E+02     0.26216E+01    -0.22371E-04    -0.90512E-04     0.16837E-02     0.17945E-02     0.32109E-02    -0.69291E-03
     0.83469E+00     0.53399E-17    -0.10867E-02     0.11534E+01     0.70365E+00     0.00000E+00    -0.85213E-02     0.18641E+02     0.10000E+01     0.18650E+02     0.18650E+02     0.18641E+02     0.26215E+01    -0.22552E-04    -0.89651E-04     0.16604E-02     0.17492E-02     0.30993E-02    -0.63307E-03
     0.85033E+00     0.11917E-17    -0.10343E-02     0.11555E+01     0.69965E+00     0.00000E+00    -0.10236E-01     0.18507E+02     0.10000E+01     0.18517E+02     0.18517E+02     0.18507E+02     0.26213E+01    -0.22733E-04    -0.88685E-04     0.16391E-02     0.17078E-02     0.29955E-02    -0.57319E-03
     0.86601E+00    -0.45254E-18    -0.98042E-03     0.11574E+01     0.69563E+00     0.00000E+00    -0.12074E-01     0.18372E+02     0.10000E+01     0.18384E+02     0.18384E+02     0.18372E+02     0.26211E+01    -0.22972E-04    -0.87616E-04     0.16199E-02     0.16705E-02     0.29004E-02    -0.51347E-03
     0.88171E+00     0.90507E-18    -0.92473E-03     0.11591E+01     0.69157E+00     0.00000E+00    -0.14029E-01     0.18237E+02     0.10000E+01     0.18251E+02     0.18251E+02     0.18237E+02     0.26209E+01    -0.23272E-04    -0.86414E-04     0.16028E-02     0.16375E-02     0.28141E-02    -0.45411E-03
     0.89744E+00     0.34393E-17    -0.86596E-03     0.11606E+01     0.68749E+00     0.00000E+00    -0.16101E-01     0.18101E+02     0.10000E+01     0.18118E+02     0.18118E+02     0.18101E+02     0.26207E+01    -0.23591E-04    -0.85049E-04     0.15878E-02     0.16088E-02     0.27369E-02    -0.39524E-03
     0.91319E+00    -0.54304E-18    -0.80248E-03     0.11619E+01     0.68337E+00     0.00000E+00    -0.18290E-01     0.17966E+02     0.10000E+01     0.17984E+02     0.17984E+02     0.17966E+02     0.26204E+01    -0.23958E-04    -0.83541E-04     0.15752E-02     0.15841E-02     0.26688E-02    -0.33669E-03
     0.92895E+00    -0.19308E-17    -0.73342E-03     0.11630E+01     0.67923E+00     0.00000E+00    -0.20578E-01     0.17830E+02     0.10000E+01     0.17851E+02     0.17851E+02     0.17830E+02     0.26201E+01    -0.24298E-04    -0.81932E-04     0.15650E-02     0.15630E-02     0.26103E-02    -0.27820E-03
     0.94473E+00     0.11615E-17    -0.65853E-03     0.11639E+01     0.67505E+00     0.00000E+00    -0.22923E-01     0.17694E+02     0.10000E+01     0.17717E+02     0.17717E+02     0.17694E+02     0.26197E+01    -0.24665E-04    -0.80211E-04     0.15571E-02     0.15456E-02     0.25615E-02    -0.21958E-03
     0.96051E+00     0.12369E-17    -0.57742E-03     0.11645E+01     0.67085E+00     0.00000E+00    -0.25269E-01     0.17558E+02     0.10000E+01     0.17583E+02     0.17583E+02     0.17558E+02     0.26194E+01    -0.25106E-04    -0.78324E-04     0.15514E-02     0.15321E-02     0.25225E-02    -0.16074E-03
     0.97631E+00    -0.23683E-17    -0.49005E-03     0.11650E+01     0.66663E+00     0.00000E+00    -0.27571E-01     0.17422E+02     0.10000E+01     0.17450E+02     0.17450E+02     0.17422E+02     0.26189E+01    -0.25559E-04    -0.76274E-04     0.15478E-02     0.15231E-02     0.24941E-02    -0.10171E-03
     0.99210E+00    -0.96541E-18    -0.39710E-03     0.11652E+01     0.66239E+00     0.00000E+00    -0.29815E-01     0.17286E+02     0.10000E+01     0.17316E+02     0.17316E+02     0.17286E+02     0.26185E+01    -0.26106E-04    -0.74033E-04     0.15462E-02     0.15188E-02     0.24773E-02    -0.42566E-04
     0.10079E+01    -0.22778E-17    -0.29947E-03     0.11651E+01     0.65812E+00     0.00000E+00    -0.32002E-01     0.17150E+02     0.10000E+01     0.17182E+02     0.17182E+02     0.17150E+02     0.26180E+01    -0.26681E-04    -0.71568E-04     0.15466E-02     0.15191E-02     0.24730E-02     0.16623E-04
     0.10237E+01    -0.12068E-18    -0.19808E-03     0.11649E+01     0.65383E+00     0.00000E+00    -0.34142E-01     0.17015E+02     0.10000E+01     0.17049E+02     0.17049E+02     0.17015E+02     0.26174E+01    -0.27299E-04    -0.68875E-04     0.15489E-02     0.15240E-02     0.24814E-02     0.75821E-04
     0.10395E+01    -0.20968E-17    -0.93599E-04     0.11644E+01     0.64951E+00     0.00000E+00    -0.36255E-01     0.16879E+02     0.10000E+01     0.16915E+02     0.16915E+02     0.16879E+02     0.26169E+01    -0.27879E-04    -0.65941E-04     0.15531E-02     0.15333E-02     0.25024E-02     0.13495E-03
     0.10553E+01    -0.23984E-17     0.13547E-04     0.11637E+01     0.64517E+00     0.00000E+00    -0.38361E-01     0.16744E+02     0.10000E+01     0.16782E+02     0.16782E+02     0.16744E+02     0.26163E+01    -0.28371E-04    -0.62752E-04     0.15593E-02     0.15470E-02     0.25352E-02     0.19392E-03
     0.10711E+01     0.33035E-17     0.12201E-03     0.11628E+01     0.64081E+00     0.00000E+00    -0.40461E-01     0.16608E+02     0.10000E+01     0.16648E+02     0.16648E+02     0.16608E+02     0.26156E+01    -0.28816E-04    -0.59263E-04     0.15676E-02     0.15655E-02     0.25787E-02     0.25282E-03
     0.10868E+01     0.72406E-18     0.22964E-03     0.11617E+01     0.63643E+00     0.00000E+00    -0.42513E-01     0.16473E+02     0.10000E+01     0.16515E+02     0.16515E+02     0.16473E+02     0.26150E+01    -0.29235E-04    -0.55468E-04     0.15779E-02     0.15887E-02     0.26325E-02     0.31189E-03
     0.11026E+01     0.13576E-18     0.33480E-03     0.11604E+01     0.63202E+00     0.00000E+00    -0.44468E-01     0.16338E+02     0.10000E+01     0.16382E+02     0.16382E+02     0.16338E+02     0.26143E+01    -0.29627E-04    -0.51464E-04     0.15900E-02     0.16165E-02     0.26970E-02     0.37127E-03
     0.11183E+01    -0.19007E-17     0.43773E-03     0.11588E+01     0.62760E+00     0.00000E+00    -0.46298E-01     0.16203E+02     0.10000E+01     0.16249E+02     0.16249E+02     0.16203E+02     0.26136E+01    -0.30022E-04    -0.47299E-04     0.16039E-02     0.16489E-02     0.27717E-02     0.43094E-03
     0.11340E+01    -0.60338E-19     0.54018E-03     0.11571E+01     0.62316E+00     0.00000E+00    -0.47990E-01     0.16068E+02     0.10000E+01     0.16116E+02     0.16116E+02     0.16068E+02     0.26128E+01    -0.30492E-04    -0.43015E-04     0.16192E-02     0.16859E-02     0.28563E-02     0.49081E-03
     0.11497E+01    -0.96541E-18     0.64349E-03     0.11552E+01     0.61871E+00     0.00000E+00    -0.49555E-01     0.15934E+02     0.10000E+01     0.15984E+02     0.15984E+02     0.15934E+02     0.26120E+01    -0.30999E-04    -0.38646E-04     0.16360E-02     0.17271E-02     0.29500E-02     0.55077E-03
     0.11653E+01    -0.14632E-17     0.74730E-03     0.11531E+01     0.61424E+00     0.00000E+00    -0.51034E-01     0.15801E+02     0.10000E+01     0.15852E+02     0.15852E+02     0.15801E+02     0.26112E+01    -0.31559E-04    -0.34215E-04     0.16541E-02     0.17724E-02     0.30520E-02     0.61070E-03
     0.11809E+01     0.38466E-18     0.85023E-03     0.11509E+01     0.60975E+00     0.00000E+00    -0.52465E-01     0.15667E+02     0.10000E+01     0.15720E+02     0.15720E+02     0.15667E+02     0.26104E+01    -0.32167E-04    -0.29783E-04     0.16737E-02     0.18213E-02     0.31617E-02     0.67055E-03
     0.11965E+01    -0.37711E-19     0.95113E-03     0.11485E+01     0.60524E+00     0.00000E+00    -0.53847E-01     0.15534E+02     0.10000E+01     0.15588E+02     0.15588E+02     0.15534E+02     0.26096E+01    -0.32826E-04    -0.25373E-04     0.16949E-02     0.18730E-02     0.32786E-02     0.73038E-03
     0.12120E+01    -0.28208E-17     0.10496E-02     0.11459E+01     0.60072E+00     0.00000E+00    -0.55155E-01     0.15401E+02     0.10000E+01     0.15456E+02     0.15456E+02     0.15401E+02     0.26087E+01    -0.33489E-04    -0.21070E-04     0.17178E-02     0.19272E-02     0.34023E-02     0.79020E-03
     0.12275E+01    -0.14858E-17     0.11475E-02     0.11432E+01     0.59618E+00     0.00000E+00    -0.56365E-01     0.15269E+02     0.10000E+01     0.15325E+02     0.15325E+02     0.15269E+02     0.26078E+01    -0.34060E-04    -0.16848E-04     0.17423E-02     0.19838E-02     0.35328E-02     0.84996E-03
     0.12430E+01    -0.16593E-17     0.12489E-02     0.11403E+01     0.59162E+00     0.00000E+00    -0.57459E-01     0.15137E+02     0.10000E+01     0.15194E+02     0.15194E+02     0.15137E+02     0.26069E+01    -0.34505E-04    -0.12798E-04     0.17685E-02     0.20426E-02     0.36701E-02     0.90947E-03
     0.12584E+01     0.81457E-18     0.13570E-02     0.11373E+01     0.58706E+00     0.00000E+00    -0.58417E-01     0.15005E+02     0.10000E+01     0.15064E+02     0.15064E+02     0.15005E+02     0.26060E+01    -0.34855E-04    -0.88753E-05     0.17964E-02     0.21039E-02     0.38139E-02     0.96853E-03
     0.12737E+01     0.15462E-17     0.14735E-02     0.11341E+01     0.58248E+00     0.00000E+00    -0.59229E-01     0.14875E+02     0.10000E+01     0.14934E+02     0.14934E+02     0.14875E+02     0.26051E+01    -0.35041E-04    -0.51170E-05     0.18258E-02     0.21679E-02     0.39634E-02     0.10270E-02
     0.12890E+01     0.52796E-18     0.15984E-02     0.11308E+01     0.57789E+00     0.00000E+00    -0.59901E-01     0.14744E+02     0.10000E+01     0.14804E+02     0.14804E+02     0.14744E+02     0.26042E+01    -0.35069E-04    -0.14251E-05     0.18567E-02     0.22349E-02     0.41180E-02     0.10850E-02
     0.13042E+01    -0.98050E-19     0.17280E-02     0.11274E+01     0.57329E+00     0.00000E+00    -0.60449E-01     0.14615E+02     0.10000E+01     0.14675E+02     0.14675E+02     0.14615E+02     0.26032E+01    -0.35038E-04     0.22479E-05     0.18890E-02     0.23055E-02     0.42770E-02     0.11425E-02
     0.13194E+01    -0.84851E-18     0.18564E-02     0.11239E+01     0.56868E+00     0.00000E+00    -0.60890E-01     0.14485E+02     0.10000E+01     0.14546E+02     0.14546E+02     0.14485E+02     0.26023E+01    -0.35005E-04     0.59163E-05     0.19228E-02     0.23796E-02     0.44392E-02     0.11998E-02
     0.13345E+01     0.82588E-18     0.19778E-02     0.11202E+01     0.56406E+00     0.00000E+00    -0.61227E-01     0.14357E+02     0.10000E+01     0.14418E+02     0.14418E+02     0.14357E+02     0.26014E+01    -0.35006E-04     0.95617E-05     0.19581E-02     0.24571E-02     0.46040E-02     0.12571E-02
     0.13495E+01     0.22891E-17     0.20878E-02     0.11164E+01     0.55943E+00     0.00000E+00    -0.61442E-01     0.14229E+02     0.10000E+01     0.14290E+02     0.14290E+02     0.14229E+02     0.26004E+01    -0.35030E-04     0.12994E-04     0.19951E-02     0.25374E-02     0.47711E-02     0.13150E-02
     0.13645E+01     0.25474E-17     0.21841E-02     0.11125E+01     0.55479E+00     0.00000E+00    -0.61508E-01     0.14101E+02     0.10000E+01     0.14163E+02     0.14163E+02     0.14101E+02     0.25995E+01    -0.35006E-04     0.16232E-04     0.20333E-02     0.26206E-02     0.49411E-02     0.13733E-02
     0.13794E+01    -0.31564E-17     0.22643E-02     0.11085E+01     0.55015E+00     0.00000E+00    -0.61395E-01     0.13974E+02     0.10000E+01     0.14036E+02     0.14036E+02     0.13974E+02     0.25986E+01    -0.34969E-04     0.19359E-04     0.20728E-02     0.27065E-02     0.51143E-02     0.14317E-02
     0.13942E+01    -0.21495E-17     0.23262E-02     0.11044E+01     0.54550E+00     0.00000E+00    -0.61084E-01     0.13848E+02     0.10000E+01     0.13909E+02     0.13909E+02     0.13848E+02     0.25977E+01    -0.34916E-04     0.22457E-04     0.21132E-02     0.27940E-02     0.52913E-02     0.14901E-02
     0.14089E+01    -0.17536E-17     0.23698E-02     0.11002E+01     0.54085E+00     0.00000E+00    -0.60558E-01     0.13723E+02     0.10000E+01     0.13784E+02     0.13784E+02     0.13723E+02     0.25967E+01    -0.34704E-04     0.25566E-04     0.21544E-02     0.28820E-02     0.54728E-02     0.15482E-02
     0.14235E+01     0.16593E-18     0.23957E-02     0.10959E+01     0.53619E+00     0.00000E+00    -0.59804E-01     0.13599E+02     0.10000E+01     0.13658E+02     0.13658E+02     0.13599E+02     0.25959E+01    -0.34331E-04     0.28791E-04     0.21961E-02     0.29703E-02     0.56593E-02     0.16060E-02
     0.14380E+01    -0.30169E-18     0.24058E-02     0.10914E+01     0.53154E+00     0.00000E+00    -0.58820E-01     0.13475E+02     0.10000E+01     0.13534E+02     0.13534E+02     0.13475E+02     0.25950E+01    -0.33874E-04     0.32195E-04     0.22381E-02     0.30593E-02     0.58506E-02     0.16633E-02
     0.14525E+01     0.63657E-17     0.24029E-02     0.10870E+01     0.52688E+00     0.00000E+00    -0.57588E-01     0.13352E+02     0.10000E+01     0.13410E+02     0.13410E+02     0.13352E+02     0.25941E+01    -0.33342E-04     0.35668E-04     0.22803E-02     0.31484E-02     0.60462E-02     0.17198E-02
     0.14668E+01     0.88245E-18     0.23903E-02     0.10824E+01     0.52222E+00     0.00000E+00    -0.56107E-01     0.13230E+02     0.10000E+01     0.13286E+02     0.13286E+02     0.13230E+02     0.25933E+01    -0.32781E-04     0.38977E-04     0.23230E-02     0.32379E-02     0.62449E-02     0.17751E-02
     0.14811E+01     0.35826E-17     0.23701E-02     0.10777E+01     0.51757E+00     0.00000E+00    -0.54398E-01     0.13109E+02     0.10000E+01     0.13164E+02     0.13164E+02     0.13109E+02     0.25925E+01    -0.32180E-04     0.42037E-04     0.23662E-02     0.33280E-02     0.64463E-02     0.18289E-02
     0.14952E+01    -0.18252E-17     0.23413E-02     0.10730E+01     0.51292E+00     0.00000E+00    -0.52474E-01     0.12989E+02     0.10000E+01     0.13041E+02     0.13041E+02     0.12989E+02     0.25917E+01    -0.31590E-04     0.44793E-04     0.24100E-02     0.34187E-02     0.66516E-02     0.18815E-02
     0.15093E+01    -0.29415E-17     0.23025E-02     0.10681E+01     0.50827E+00     0.00000E+00    -0.50309E-01     0.12870E+02     0.10000E+01     0.12920E+02     0.12920E+02     0.12870E+02     0.25910E+01    -0.30919E-04     0.47172E-04     0.24544E-02     0.35095E-02     0.68629E-02     0.19333E-02
     0.15232E+01    -0.24965E-17     0.22546E-02     0.10631E+01     0.50362E+00     0.00000E+00    -0.47861E-01     0.12751E+02     0.10000E+01     0.12799E+02     0.12799E+02     0.12751E+02     0.25903E+01    -0.30100E-04     0.49126E-04     0.24993E-02     0.36001E-02     0.70815E-02     0.19845E-02
     0.15370E+01     0.21043E-17     0.22005E-02     0.10581E+01     0.49898E+00     0.00000E+00    -0.45086E-01     0.12634E+02     0.10000E+01     0.12679E+02     0.12679E+02     0.12634E+02     0.25897E+01    -0.29081E-04     0.50693E-04     0.25442E-02     0.36904E-02     0.73078E-02     0.20353E-02
     0.15507E+01     0.70897E-18     0.21426E-02     0.10529E+01     0.49436E+00     0.00000E+00    -0.41937E-01     0.12517E+02     0.10000E+01     0.12559E+02     0.12559E+02     0.12517E+02     0.25890E+01    -0.27890E-04     0.51994E-04     0.25890E-02     0.37805E-02     0.75419E-02     0.20859E-02
     0.15643E+01    -0.73914E-18     0.20819E-02     0.10477E+01     0.48974E+00     0.00000E+00    -0.38381E-01     0.12402E+02     0.10000E+01     0.12441E+02     0.12441E+02     0.12402E+02     0.25885E+01    -0.26629E-04     0.53113E-04     0.26331E-02     0.38705E-02     0.77846E-02     0.21363E-02
     0.15778E+01     0.29415E-18     0.20197E-02     0.10423E+01     0.48514E+00     0.00000E+00    -0.34409E-01     0.12288E+02     0.10000E+01     0.12322E+02     0.12322E+02     0.12288E+02     0.25880E+01    -0.25352E-04     0.54055E-04     0.26764E-02     0.39594E-02     0.80361E-02     0.21868E-02
     0.15911E+01     0.23230E-17     0.19599E-02     0.10369E+01     0.48055E+00     0.00000E+00    -0.30028E-01     0.12175E+02     0.10000E+01     0.12205E+02     0.12205E+02     0.12175E+02     0.25876E+01    -0.24131E-04     0.54768E-04     0.27184E-02     0.40464E-02     0.82973E-02     0.22373E-02
     0.16043E+01     0.15990E-17     0.19066E-02     0.10314E+01     0.47598E+00     0.00000E+00    -0.25252E-01     0.12063E+02     0.10000E+01     0.12088E+02     0.12088E+02     0.12063E+02     0.25872E+01    -0.22974E-04     0.55244E-04     0.27586E-02     0.41305E-02     0.85692E-02     0.22876E-02
     0.16174E+01     0.11917E-17     0.18627E-02     0.10257E+01     0.47142E+00     0.00000E+00    -0.20098E-01     0.11952E+02     0.10000E+01     0.11973E+02     0.11973E+02     0.11952E+02     0.25869E+01    -0.21925E-04     0.55633E-04     0.27965E-02     0.42111E-02     0.88523E-02     0.23375E-02
     0.16303E+01    -0.18856E-18     0.18311E-02     0.10200E+01     0.46687E+00     0.00000E+00    -0.14589E-01     0.11843E+02     0.10000E+01     0.11857E+02     0.11857E+02     0.11843E+02     0.25866E+01    -0.20999E-04     0.56007E-04     0.28317E-02     0.42880E-02     0.91468E-02     0.23867E-02
     0.16431E+01     0.50156E-18     0.18145E-02     0.10142E+01     0.46234E+00     0.00000E+00    -0.87737E-02     0.11734E+02     0.10000E+01     0.11743E+02     0.11743E+02     0.11734E+02     0.25865E+01    -0.20211E-04     0.56413E-04     0.28634E-02     0.43611E-02     0.94537E-02     0.24349E-02
     0.16558E+01    -0.35449E-18     0.18124E-02     0.10082E+01     0.45782E+00     0.00000E+00    -0.27086E-02     0.11627E+02     0.10000E+01     0.11629E+02     0.11629E+02     0.11627E+02     0.25864E+01    -0.19580E-04     0.56830E-04     0.28912E-02     0.44301E-02     0.97755E-02     0.24822E-02
     0.16683E+01     0.14255E-17     0.18207E-02     0.10021E+01     0.45330E+00     0.00000E+00     0.35538E-02     0.11520E+02     0.10000E+01     0.11516E+02     0.11516E+02     0.11520E+02     0.25864E+01    -0.19012E-04     0.57309E-04     0.29145E-02     0.44950E-02     0.10115E-01     0.25283E-02
     0.16806E+01     0.18441E-17     0.18334E-02     0.99592E+00     0.44880E+00     0.00000E+00     0.99641E-02     0.11414E+02     0.10000E+01     0.11404E+02     0.11404E+02     0.11414E+02     0.25865E+01    -0.18468E-04     0.57807E-04     0.29324E-02     0.45562E-02     0.10474E-01     0.25730E-02
     0.16928E+01    -0.13538E-17     0.18446E-02     0.98955E+00     0.44430E+00     0.00000E+00     0.16471E-01     0.11309E+02     0.10000E+01     0.11293E+02     0.11293E+02     0.11309E+02     0.25866E+01    -0.17862E-04     0.58216E-04     0.29446E-02     0.46141E-02     0.10855E-01     0.26163E-02
     0.17049E+01     0.37711E-18     0.18508E-02     0.98301E+00     0.43981E+00     0.00000E+00     0.23016E-01     0.11205E+02     0.10000E+01     0.11182E+02     0.11182E+02     0.11205E+02     0.25869E+01    -0.17157E-04     0.58523E-04     0.29502E-02     0.46681E-02     0.11260E-01     0.26579E-02
     0.17167E+01     0.10936E-17     0.18527E-02     0.97628E+00     0.43532E+00     0.00000E+00     0.29531E-01     0.11102E+02     0.10000E+01     0.11073E+02     0.11073E+02     0.11102E+02     0.25872E+01    -0.16371E-04     0.58758E-04     0.29486E-02     0.47176E-02     0.11692E-01     0.26977E-02
     0.17285E+01    -0.27906E-18     0.18531E-02     0.96934E+00     0.43083E+00     0.00000E+00     0.35910E-01     0.11000E+02     0.10000E+01     0.10964E+02     0.10964E+02     0.11000E+02     0.25876E+01    -0.15481E-04     0.58850E-04     0.29393E-02     0.47627E-02     0.12157E-01     0.27354E-02
     0.17400E+01    -0.55059E-18     0.18537E-02     0.96215E+00     0.42634E+00     0.00000E+00     0.42017E-01     0.10898E+02     0.10000E+01     0.10856E+02     0.10856E+02     0.10898E+02     0.25880E+01    -0.14597E-04     0.58660E-04     0.29214E-02     0.48042E-02     0.12660E-01     0.27710E-02
     0.17514E+01     0.58830E-18     0.18543E-02     0.95468E+00     0.42182E+00     0.00000E+00     0.47697E-01     0.10796E+02     0.10000E+01     0.10749E+02     0.10749E+02     0.10796E+02     0.25885E+01    -0.13797E-04     0.58193E-04     0.28940E-02     0.48423E-02     0.13207E-01     0.28044E-02
     0.17626E+01     0.34694E-18     0.18508E-02     0.94689E+00     0.41729E+00     0.00000E+00     0.52763E-01     0.10695E+02     0.10000E+01     0.10642E+02     0.10642E+02     0.10695E+02     0.25891E+01    -0.13121E-04     0.57485E-04     0.28565E-02     0.48757E-02     0.13803E-01     0.28354E-02
     0.17737E+01     0.10333E-17     0.18370E-02     0.93874E+00     0.41273E+00     0.00000E+00     0.56989E-01     0.10594E+02     0.10000E+01     0.10537E+02     0.10537E+02     0.10594E+02     0.25897E+01    -0.12577E-04     0.56607E-04     0.28080E-02     0.49024E-02     0.14451E-01     0.28637E-02
     0.17845E+01     0.47516E-18     0.18090E-02     0.93017E+00     0.40812E+00     0.00000E+00     0.60094E-01     0.10492E+02     0.10000E+01     0.10432E+02     0.10432E+02     0.10492E+02     0.25903E+01    -0.12203E-04     0.55606E-04     0.27479E-02     0.49207E-02     0.15158E-01     0.28888E-02
     0.17952E+01     0.44499E-18     0.17673E-02     0.92113E+00     0.40345E+00     0.00000E+00     0.61717E-01     0.10391E+02     0.10000E+01     0.10329E+02     0.10329E+02     0.10391E+02     0.25910E+01    -0.11988E-04     0.54546E-04     0.26759E-02     0.49300E-02     0.15928E-01     0.29099E-02
     0.18057E+01     0.15085E-19     0.17151E-02     0.91153E+00     0.39870E+00     0.00000E+00     0.61420E-01     0.10288E+02     0.10000E+01     0.10226E+02     0.10226E+02     0.10288E+02     0.25916E+01    -0.11882E-04     0.53413E-04     0.25919E-02     0.49306E-02     0.16762E-01     0.29264E-02
     0.18160E+01     0.48271E-18     0.16551E-02     0.90128E+00     0.39385E+00     0.00000E+00     0.58691E-01     0.10183E+02     0.10000E+01     0.10125E+02     0.10125E+02     0.10183E+02     0.25922E+01    -0.11819E-04     0.52271E-04     0.24962E-02     0.49231E-02     0.17658E-01     0.29374E-02
     0.18261E+01     0.11691E-17     0.15889E-02     0.89028E+00     0.38886E+00     0.00000E+00     0.52957E-01     0.10077E+02     0.10000E+01     0.10024E+02     0.10024E+02     0.10077E+02     0.25928E+01    -0.11749E-04     0.51094E-04     0.23890E-02     0.49072E-02     0.18612E-01     0.29422E-02
     0.18360E+01    -0.37711E-18     0.15171E-02     0.87838E+00     0.38371E+00     0.00000E+00     0.43565E-01     0.99680E+01     0.10000E+01     0.99244E+01     0.99244E+01     0.99680E+01     0.25933E+01    -0.11696E-04     0.49839E-04     0.22710E-02     0.48823E-02     0.19619E-01     0.29398E-02
     0.18457E+01    -0.10484E-17     0.14392E-02     0.86546E+00     0.37836E+00     0.00000E+00     0.29748E-01     0.98557E+01     0.10000E+01     0.98260E+01     0.98260E+01     0.98557E+01     0.25936E+01    -0.11684E-04     0.48442E-04     0.21427E-02     0.48464E-02     0.20671E-01     0.29290E-02
     0.18552E+01    -0.14330E-18     0.13538E-02     0.85133E+00     0.37275E+00     0.00000E+00     0.10584E-01     0.97393E+01     0.10000E+01     0.97288E+01     0.97288E+01     0.97393E+01     0.25938E+01    -0.11659E-04     0.46832E-04     0.20050E-02     0.47975E-02     0.21759E-01     0.29085E-02
     0.18645E+01     0.93524E-18     0.12603E-02     0.83581E+00     0.36684E+00     0.00000E+00    -0.15044E-01     0.96177E+01     0.10000E+01     0.96328E+01     0.96328E+01     0.96177E+01     0.25938E+01    -0.11615E-04     0.44978E-04     0.18590E-02     0.47340E-02     0.22869E-01     0.28765E-02
     0.18736E+01     0.26021E-18     0.11604E-02     0.81867E+00     0.36055E+00     0.00000E+00    -0.48485E-01     0.94896E+01     0.10000E+01     0.95381E+01     0.95381E+01     0.94896E+01     0.25935E+01    -0.11541E-04     0.42854E-04     0.17061E-02     0.46540E-02     0.23981E-01     0.28313E-02
     0.18825E+01     0.56567E-20     0.10582E-02     0.79966E+00     0.35379E+00     0.00000E+00    -0.91362E-01     0.93534E+01     0.10000E+01     0.94448E+01     0.94448E+01     0.93534E+01     0.25929E+01    -0.11423E-04     0.40458E-04     0.15479E-02     0.45557E-02     0.25064E-01     0.27706E-02
     0.18912E+01     0.40728E-18     0.95903E-03     0.77850E+00     0.34646E+00     0.00000E+00    -0.14561E+00     0.92073E+01     0.10000E+01     0.93529E+01     0.93529E+01     0.92073E+01     0.25919E+01    -0.11263E-04     0.37804E-04     0.13864E-02     0.44372E-02     0.26081E-01     0.26922E-02
     0.18996E+01    -0.21307E-18     0.86827E-03     0.75487E+00     0.33843E+00     0.00000E+00    -0.21352E+00     0.90492E+01     0.10000E+01     0.92627E+01     0.92627E+01     0.90492E+01     0.25904E+01    -0.11079E-04     0.34932E-04     0.12239E-02     0.42961E-02     0.26981E-01     0.25933E-02
     0.19078E+01    -0.16404E-18     0.78927E-03     0.72845E+00     0.32954E+00     0.00000E+00    -0.29772E+00     0.88764E+01     0.10000E+01     0.91741E+01     0.91741E+01     0.88764E+01     0.25883E+01    -0.10909E-04     0.31887E-04     0.10629E-02     0.41303E-02     0.27700E-01     0.24713E-02
     0.19158E+01     0.89565E-20     0.72283E-03     0.69887E+00     0.31961E+00     0.00000E+00    -0.40120E+00     0.86862E+01     0.10000E+01     0.90874E+01     0.90874E+01     0.86862E+01     0.25855E+01    -0.10743E-04     0.28741E-04     0.90593E-03     0.39388E-02     0.28160E-01     0.23232E-02
     0.19236E+01     0.27341E-18     0.66786E-03     0.66577E+00     0.30842E+00     0.00000E+00    -0.52723E+00     0.84754E+01     0.10000E+01     0.90026E+01     0.90026E+01     0.84754E+01     0.25819E+01    -0.10488E-04     0.25568E-04     0.75571E-03     0.37218E-02     0.28266E-01     0.21470E-02
     0.19311E+01    -0.77308E-19     0.62222E-03     0.62880E+00     0.29574E+00     0.00000E+00    -0.67913E+00     0.82407E+01     0.10000E+01     0.89199E+01     0.89199E+01     0.82407E+01     0.25773E+01    -0.10130E-04     0.22411E-04     0.61486E-03     0.34803E-02     0.27916E-01     0.19414E-02
     0.19384E+01     0.19280E-18     0.58298E-03     0.58769E+00     0.28131E+00     0.00000E+00    -0.86004E+00     0.79794E+01     0.10000E+01     0.88394E+01     0.88394E+01     0.79794E+01     0.25717E+01    -0.96806E-05     0.19329E-04     0.48579E-03     0.32160E-02     0.27000E-01     0.17075E-02
     0.19455E+01    -0.80844E-19     0.54658E-03     0.54227E+00     0.26489E+00     0.00000E+00    -0.10724E+01     0.76890E+01     0.10000E+01     0.87614E+01     0.87614E+01     0.76890E+01     0.25649E+01    -0.92058E-05     0.16371E-04     0.37057E-03     0.29308E-02     0.25424E-01     0.14497E-02
     0.19523E+01     0.11054E-18     0.50922E-03     0.49256E+00     0.24625E+00     0.00000E+00    -0.13175E+01     0.73685E+01     0.10000E+01     0.86860E+01     0.86860E+01     0.73685E+01     0.25568E+01    -0.86789E-05     0.13600E-04     0.27082E-03     0.26261E-02     0.23127E-01     0.11762E-02
     0.19589E+01     0.23970E-18     0.46766E-03     0.43886E+00     0.22524E+00     0.00000E+00    -0.15949E+01     0.70185E+01     0.10000E+01     0.86134E+01     0.86134E+01     0.70185E+01     0.25472E+01    -0.81423E-05     0.11085E-04     0.18754E-03     0.23031E-02     0.20120E-01     0.90026E-03
     0.19652E+01    -0.16546E-18     0.41979E-03     0.38175E+00     0.20176E+00     0.00000E+00    -0.19019E+01     0.66418E+01     0.10000E+01     0.85437E+01     0.85437E+01     0.66418E+01     0.25362E+01    -0.76159E-05     0.88648E-05     0.12112E-03     0.19623E-02     0.16528E-01     0.63878E-03
     0.19713E+01     0.15043E-18     0.36488E-03     0.32212E+00     0.17585E+00     0.00000E+00    -0.22334E+01     0.62437E+01     0.10000E+01     0.84772E+01     0.84772E+01     0.62437E+01     0.25237E+01    -0.70939E-05     0.69655E-05     0.71186E-04     0.16047E-02     0.12608E-01     0.41026E-03
     0.19771E+01     0.11549E-19     0.30341E-03     0.26114E+00     0.14766E+00     0.00000E+00    -0.25828E+01     0.58311E+01     0.10000E+01     0.84139E+01     0.84139E+01     0.58311E+01     0.25097E+01    -0.65801E-05     0.53178E-05     0.36607E-04     0.12338E-02     0.87315E-02     0.23030E-03
     0.19826E+01     0.41836E-19     0.23695E-03     0.20005E+00     0.11742E+00     0.00000E+00    -0.29419E+01     0.54121E+01     0.10000E+01     0.83540E+01     0.83540E+01     0.54121E+01     0.24944E+01    -0.60832E-05     0.41192E-05     0.15370E-04     0.86010E-03     0.53013E-02     0.10682E-03
     0.19879E+01     0.18163E-19     0.16789E-03     0.14003E+00     0.85448E-01     0.00000E+00    -0.33031E+01     0.49946E+01     0.10000E+01     0.82977E+01     0.82977E+01     0.49946E+01     0.24779E+01    -0.56265E-05     0.25246E-05     0.45840E-05     0.50608E-03     0.26423E-02     0.36802E-04
     0.19929E+01    -0.51279E-19     0.98897E-04     0.82027E-01     0.52055E-01     0.00000E+00    -0.36590E+01     0.45856E+01     0.10000E+01     0.82446E+01     0.82446E+01     0.45856E+01     0.24605E+01    -0.50941E-05     0.29931E-05     0.68092E-06     0.20980E-03     0.91146E-03     0.72210E-05
     0.19977E+01     0.00000E+00     0.32123E-04     0.26622E-01     0.17562E-01     0.00000E+00    -0.40043E+01     0.41907E+01     0.10000E+01     0.81951E+01     0.81951E+01     0.41907E+01     0.24427E+01    -0.51609E-05     0.30755E-05     0.97901E-08     0.26774E-04     0.96166E-04     0.23287E-06
