     0.23093E-02     0.28944E-03     0.43925E-02     0.90073E-02     0.61950E-03     0.40540E-02     0.31956E-01     0.30280E-01     0.48796E-01     0.29867E-02     0.96701E-01     0.93596E-01     0.31008E-01     0.19985E-01     0.13417E-01     0.47709E-04    -0.13773E-07     0.18758E-04
     0.70633E-02     0.10920E-02     0.12450E-01     0.27739E-01     0.19067E-02     0.40466E-02     0.59813E-01     0.91391E-01     0.49985E-01     0.31204E-02     0.96803E-01     0.10110E+00     0.31408E-01     0.20423E-01     0.13605E-01     0.31638E-04    -0.14777E-05     0.17425E-03
     0.12087E-01     0.23187E-02     0.19571E-01     0.47319E-01     0.32463E-02     0.40479E-02     0.10109E+00     0.15283E+00     0.51288E-01     0.34425E-02     0.10061E+00     0.11405E+00     0.31759E-01     0.20800E-01     0.13780E-01     0.11806E-04    -0.51432E-05     0.49611E-03
     0.17376E-01     0.38861E-02     0.25804E-01     0.67377E-01     0.45906E-02     0.40587E-02     0.14480E+00     0.21264E+00     0.52764E-01     0.39232E-02     0.10804E+00     0.13057E+00     0.32070E-01     0.21223E-01     0.13972E-01    -0.12080E-04    -0.11113E-04     0.97611E-03
     0.22928E-01     0.57211E-02     0.31224E-01     0.87297E-01     0.58627E-02     0.40794E-02     0.18672E+00     0.26772E+00     0.54405E-01     0.44906E-02     0.11790E+00     0.14824E+00     0.32333E-01     0.21678E-01     0.14175E-01    -0.39484E-04    -0.18960E-04     0.15695E-02
     0.28739E-01     0.77620E-02     0.35928E-01     0.10635E+00     0.69869E-02     0.41100E-02     0.22377E+00     0.31519E+00     0.56194E-01     0.50636E-02     0.12839E+00     0.16486E+00     0.32553E-01     0.22175E-01     0.14392E-01    -0.69123E-04    -0.27749E-04     0.22021E-02
     0.34807E-01     0.99583E-02     0.40027E-01     0.12383E+00     0.79143E-02     0.41496E-02     0.25407E+00     0.35335E+00     0.58103E-01     0.55801E-02     0.13795E+00     0.17897E+00     0.32743E-01     0.22714E-01     0.14622E-01    -0.99358E-04    -0.36379E-04     0.27964E-02
     0.41127E-01     0.12268E-01     0.43631E-01     0.13921E+00     0.86309E-02     0.41972E-02     0.27704E+00     0.38198E+00     0.60100E-01     0.60073E-02     0.14564E+00     0.18995E+00     0.32918E-01     0.23297E-01     0.14865E-01    -0.12869E-03    -0.43969E-04     0.32967E-02
     0.47696E-01     0.14656E-01     0.46832E-01     0.15218E+00     0.91529E-02     0.42512E-02     0.29323E+00     0.40208E+00     0.62154E-01     0.63381E-02     0.15121E+00     0.19787E+00     0.33090E-01     0.23920E-01     0.15124E-01    -0.15610E-03    -0.50071E-04     0.36800E-02
     0.54512E-01     0.17094E-01     0.49700E-01     0.16263E+00     0.95155E-02     0.43103E-02     0.30384E+00     0.41535E+00     0.64243E-01     0.65833E-02     0.15485E+00     0.20324E+00     0.33271E-01     0.24579E-01     0.15399E-01    -0.18120E-03    -0.54660E-04     0.39521E-02
     0.61570E-01     0.19555E-01     0.52285E-01     0.17065E+00     0.97609E-02     0.43730E-02     0.31037E+00     0.42371E+00     0.66349E-01     0.67620E-02     0.15700E+00     0.20671E+00     0.33467E-01     0.25267E-01     0.15690E-01    -0.20412E-03    -0.57991E-04     0.41356E-02
     0.68868E-01     0.22015E-01     0.54618E-01     0.17644E+00     0.99298E-02     0.44378E-02     0.31422E+00     0.42893E+00     0.68465E-01     0.68956E-02     0.15814E+00     0.20895E+00     0.33681E-01     0.25979E-01     0.15998E-01    -0.22532E-03    -0.60439E-04     0.42590E-02
     0.76401E-01     0.24453E-01     0.56718E-01     0.18026E+00     0.10056E-01     0.45032E-02     0.31659E+00     0.43247E+00     0.70588E-01     0.70030E-02     0.15871E+00     0.21051E+00     0.33912E-01     0.26706E-01     0.16325E-01    -0.24541E-03    -0.62373E-04     0.43487E-02
     0.84168E-01     0.26848E-01     0.58599E-01     0.18240E+00     0.10165E-01     0.45678E-02     0.31836E+00     0.43539E+00     0.72722E-01     0.70988E-02     0.15904E+00     0.21181E+00     0.34159E-01     0.27445E-01     0.16670E-01    -0.26503E-03    -0.64096E-04     0.44253E-02
     0.92164E-01     0.29184E-01     0.60270E-01     0.18314E+00     0.10273E-01     0.46302E-02     0.32010E+00     0.43837E+00     0.74873E-01     0.71931E-02     0.15934E+00     0.21313E+00     0.34420E-01     0.28189E-01     0.17036E-01    -0.28472E-03    -0.65822E-04     0.45030E-02
     0.10039E+00     0.31445E-01     0.61738E-01     0.18274E+00     0.10390E-01     0.46892E-02     0.32217E+00     0.44183E+00     0.77048E-01     0.72920E-02     0.15974E+00     0.21462E+00     0.34691E-01     0.28937E-01     0.17422E-01    -0.30492E-03    -0.67685E-04     0.45904E-02
     0.10883E+00     0.33618E-01     0.63012E-01     0.18142E+00     0.10521E-01     0.47437E-02     0.32470E+00     0.44593E+00     0.79254E-01     0.73986E-02     0.16030E+00     0.21638E+00     0.34969E-01     0.29687E-01     0.17832E-01    -0.32592E-03    -0.69755E-04     0.46915E-02
     0.11749E+00     0.35692E-01     0.64100E-01     0.17939E+00     0.10668E-01     0.47931E-02     0.32775E+00     0.45071E+00     0.81497E-01     0.75138E-02     0.16103E+00     0.21841E+00     0.35254E-01     0.30439E-01     0.18265E-01    -0.34792E-03    -0.72060E-04     0.48079E-02
     0.12637E+00     0.37658E-01     0.65015E-01     0.17683E+00     0.10829E-01     0.48369E-02     0.33126E+00     0.45612E+00     0.83783E-01     0.76375E-02     0.16192E+00     0.22071E+00     0.35543E-01     0.31193E-01     0.18723E-01    -0.37104E-03    -0.74600E-04     0.49391E-02
     0.13547E+00     0.39511E-01     0.65779E-01     0.17388E+00     0.11003E-01     0.48748E-02     0.33519E+00     0.46208E+00     0.86113E-01     0.77688E-02     0.16294E+00     0.22325E+00     0.35836E-01     0.31952E-01     0.19206E-01    -0.39535E-03    -0.77366E-04     0.50841E-02
     0.14477E+00     0.41244E-01     0.66411E-01     0.17066E+00     0.11188E-01     0.49063E-02     0.33947E+00     0.46851E+00     0.88489E-01     0.79070E-02     0.16407E+00     0.22600E+00     0.36130E-01     0.32715E-01     0.19717E-01    -0.42089E-03    -0.80341E-04     0.52416E-02
     0.15428E+00     0.42857E-01     0.66928E-01     0.16728E+00     0.11383E-01     0.49315E-02     0.34402E+00     0.47532E+00     0.90914E-01     0.80509E-02     0.16527E+00     0.22892E+00     0.36426E-01     0.33486E-01     0.20256E-01    -0.44770E-03    -0.83509E-04     0.54103E-02
     0.16399E+00     0.44347E-01     0.67343E-01     0.16380E+00     0.11586E-01     0.49506E-02     0.34881E+00     0.48246E+00     0.93385E-01     0.82000E-02     0.16654E+00     0.23201E+00     0.36722E-01     0.34263E-01     0.20822E-01    -0.47581E-03    -0.86859E-04     0.55896E-02
     0.17390E+00     0.45712E-01     0.67673E-01     0.16029E+00     0.11797E-01     0.49638E-02     0.35380E+00     0.48989E+00     0.95902E-01     0.83536E-02     0.16785E+00     0.23526E+00     0.37018E-01     0.35048E-01     0.21417E-01    -0.50525E-03    -0.90388E-04     0.57788E-02
     0.18401E+00     0.46954E-01     0.67932E-01     0.15682E+00     0.12014E-01     0.49712E-02     0.35898E+00     0.49756E+00     0.98465E-01     0.85117E-02     0.16919E+00     0.23864E+00     0.37311E-01     0.35839E-01     0.22040E-01    -0.53606E-03    -0.94090E-04     0.59775E-02
     0.19431E+00     0.48072E-01     0.68128E-01     0.15341E+00     0.12237E-01     0.49732E-02     0.36429E+00     0.50543E+00     0.10107E+00     0.86736E-02     0.17056E+00     0.24213E+00     0.37601E-01     0.36635E-01     0.22691E-01    -0.56824E-03    -0.97956E-04     0.61847E-02
     0.20480E+00     0.49069E-01     0.68268E-01     0.15009E+00     0.12464E-01     0.49703E-02     0.36968E+00     0.51343E+00     0.10372E+00     0.88388E-02     0.17195E+00     0.24571E+00     0.37888E-01     0.37435E-01     0.23369E-01    -0.60179E-03    -0.10197E-03     0.63992E-02
     0.21547E+00     0.49945E-01     0.68359E-01     0.14687E+00     0.12695E-01     0.49627E-02     0.37512E+00     0.52150E+00     0.10641E+00     0.90066E-02     0.17332E+00     0.24936E+00     0.38169E-01     0.38237E-01     0.24074E-01    -0.63670E-03    -0.10612E-03     0.66198E-02
     0.22633E+00     0.50704E-01     0.68402E-01     0.14376E+00     0.12927E-01     0.49505E-02     0.38057E+00     0.52961E+00     0.10915E+00     0.91766E-02     0.17468E+00     0.25306E+00     0.38444E-01     0.39040E-01     0.24805E-01    -0.67304E-03    -0.11040E-03     0.68459E-02
     0.23737E+00     0.51349E-01     0.68397E-01     0.14078E+00     0.13162E-01     0.49340E-02     0.38602E+00     0.53775E+00     0.11192E+00     0.93485E-02     0.17600E+00     0.25680E+00     0.38711E-01     0.39842E-01     0.25561E-01    -0.71086E-03    -0.11480E-03     0.70772E-02
     0.24859E+00     0.51885E-01     0.68343E-01     0.13793E+00     0.13398E-01     0.49133E-02     0.39146E+00     0.54591E+00     0.11473E+00     0.95226E-02     0.17730E+00     0.26058E+00     0.38969E-01     0.40642E-01     0.26341E-01    -0.75017E-03    -0.11933E-03     0.73135E-02
     0.25997E+00     0.52318E-01     0.68240E-01     0.13522E+00     0.13636E-01     0.48888E-02     0.39691E+00     0.55408E+00     0.11758E+00     0.96994E-02     0.17859E+00     0.26440E+00     0.39217E-01     0.41439E-01     0.27145E-01    -0.79098E-03    -0.12400E-03     0.75550E-02
     0.27153E+00     0.52653E-01     0.68089E-01     0.13264E+00     0.13876E-01     0.48606E-02     0.40232E+00     0.56223E+00     0.12047E+00     0.98785E-02     0.17987E+00     0.26822E+00     0.39455E-01     0.42233E-01     0.27970E-01    -0.83326E-03    -0.12879E-03     0.78006E-02
     0.28325E+00     0.52898E-01     0.67891E-01     0.13020E+00     0.14115E-01     0.48292E-02     0.40768E+00     0.57032E+00     0.12339E+00     0.10059E-01     0.18111E+00     0.27205E+00     0.39683E-01     0.43022E-01     0.28817E-01    -0.87698E-03    -0.13369E-03     0.80494E-02
     0.29514E+00     0.53060E-01     0.67647E-01     0.12789E+00     0.14354E-01     0.47946E-02     0.41295E+00     0.57829E+00     0.12635E+00     0.10241E-01     0.18231E+00     0.27586E+00     0.39900E-01     0.43807E-01     0.29682E-01    -0.92212E-03    -0.13868E-03     0.83000E-02
     0.30719E+00     0.53147E-01     0.67358E-01     0.12569E+00     0.14591E-01     0.47571E-02     0.41812E+00     0.58615E+00     0.12934E+00     0.10423E-01     0.18346E+00     0.27965E+00     0.40107E-01     0.44587E-01     0.30566E-01    -0.96865E-03    -0.14376E-03     0.85520E-02
     0.31939E+00     0.53165E-01     0.67024E-01     0.12361E+00     0.14828E-01     0.47168E-02     0.42319E+00     0.59389E+00     0.13236E+00     0.10606E-01     0.18456E+00     0.28342E+00     0.40305E-01     0.45362E-01     0.31466E-01    -0.10166E-02    -0.14892E-03     0.88053E-02
     0.33174E+00     0.53120E-01     0.66647E-01     0.12164E+00     0.15064E-01     0.46735E-02     0.42819E+00     0.60153E+00     0.13541E+00     0.10790E-01     0.18563E+00     0.28717E+00     0.40492E-01     0.46133E-01     0.32380E-01    -0.10659E-02    -0.15418E-03     0.90604E-02
     0.34425E+00     0.53018E-01     0.66231E-01     0.11977E+00     0.15299E-01     0.46271E-02     0.43310E+00     0.60905E+00     0.13849E+00     0.10974E-01     0.18665E+00     0.29091E+00     0.40671E-01     0.46900E-01     0.33308E-01    -0.11166E-02    -0.15953E-03     0.93167E-02
     0.35690E+00     0.52865E-01     0.65786E-01     0.11800E+00     0.15532E-01     0.45775E-02     0.43791E+00     0.61645E+00     0.14159E+00     0.11160E-01     0.18763E+00     0.29462E+00     0.40841E-01     0.47661E-01     0.34248E-01    -0.11688E-02    -0.16497E-03     0.95739E-02
     0.36969E+00     0.52669E-01     0.65311E-01     0.11632E+00     0.15765E-01     0.45251E-02     0.44261E+00     0.62371E+00     0.14472E+00     0.11347E-01     0.18857E+00     0.29830E+00     0.41003E-01     0.48417E-01     0.35198E-01    -0.12224E-02    -0.17049E-03     0.98316E-02
     0.38262E+00     0.52436E-01     0.64806E-01     0.11474E+00     0.15996E-01     0.44702E-02     0.44719E+00     0.63081E+00     0.14786E+00     0.11534E-01     0.18945E+00     0.30193E+00     0.41157E-01     0.49167E-01     0.36158E-01    -0.12775E-02    -0.17609E-03     0.10089E-01
     0.39569E+00     0.52170E-01     0.64263E-01     0.11325E+00     0.16225E-01     0.44131E-02     0.45165E+00     0.63776E+00     0.15102E+00     0.11722E-01     0.19027E+00     0.30553E+00     0.41304E-01     0.49910E-01     0.37125E-01    -0.13340E-02    -0.18176E-03     0.10346E-01
     0.40890E+00     0.51877E-01     0.63675E-01     0.11184E+00     0.16452E-01     0.43546E-02     0.45600E+00     0.64457E+00     0.15420E+00     0.11910E-01     0.19104E+00     0.30910E+00     0.41443E-01     0.50645E-01     0.38100E-01    -0.13920E-02    -0.18751E-03     0.10603E-01
     0.42223E+00     0.51562E-01     0.63044E-01     0.11051E+00     0.16678E-01     0.42950E-02     0.46024E+00     0.65125E+00     0.15739E+00     0.12099E-01     0.19174E+00     0.31265E+00     0.41575E-01     0.51373E-01     0.39081E-01    -0.14516E-02    -0.19335E-03     0.10860E-01
     0.43569E+00     0.51228E-01     0.62377E-01     0.10925E+00     0.16905E-01     0.42345E-02     0.46443E+00     0.65783E+00     0.16060E+00     0.12290E-01     0.19241E+00     0.31618E+00     0.41699E-01     0.52092E-01     0.40067E-01    -0.15127E-02    -0.19929E-03     0.11119E-01
     0.44927E+00     0.50877E-01     0.61680E-01     0.10804E+00     0.17131E-01     0.41728E-02     0.46857E+00     0.66433E+00     0.16381E+00     0.12482E-01     0.19305E+00     0.31973E+00     0.41816E-01     0.52804E-01     0.41057E-01    -0.15755E-02    -0.20536E-03     0.11379E-01
     0.46297E+00     0.50514E-01     0.60951E-01     0.10688E+00     0.17358E-01     0.41103E-02     0.47264E+00     0.67073E+00     0.16704E+00     0.12676E-01     0.19364E+00     0.32326E+00     0.41927E-01     0.53507E-01     0.42049E-01    -0.16400E-02    -0.21154E-03     0.11641E-01
     0.47679E+00     0.50144E-01     0.60184E-01     0.10575E+00     0.17584E-01     0.40474E-02     0.47661E+00     0.67701E+00     0.17027E+00     0.12871E-01     0.19417E+00     0.32678E+00     0.42030E-01     0.54203E-01     0.43043E-01    -0.17062E-02    -0.21782E-03     0.11903E-01
     0.49072E+00     0.49769E-01     0.59383E-01     0.10465E+00     0.17810E-01     0.39844E-02     0.48054E+00     0.68320E+00     0.17351E+00     0.13069E-01     0.19466E+00     0.33030E+00     0.42125E-01     0.54890E-01     0.44037E-01    -0.17742E-02    -0.22423E-03     0.12166E-01
     0.50476E+00     0.49392E-01     0.58558E-01     0.10358E+00     0.18037E-01     0.39215E-02     0.48441E+00     0.68931E+00     0.17675E+00     0.13268E-01     0.19512E+00     0.33382E+00     0.42212E-01     0.55570E-01     0.45030E-01    -0.18440E-02    -0.23078E-03     0.12431E-01
     0.51891E+00     0.49013E-01     0.57717E-01     0.10253E+00     0.18264E-01     0.38585E-02     0.48822E+00     0.69531E+00     0.17999E+00     0.13470E-01     0.19553E+00     0.33733E+00     0.42292E-01     0.56242E-01     0.46022E-01    -0.19157E-02    -0.23746E-03     0.12697E-01
     0.53316E+00     0.48632E-01     0.56868E-01     0.10151E+00     0.18491E-01     0.37947E-02     0.49201E+00     0.70125E+00     0.18323E+00     0.13675E-01     0.19592E+00     0.34084E+00     0.42365E-01     0.56908E-01     0.47011E-01    -0.19892E-02    -0.24429E-03     0.12965E-01
     0.54751E+00     0.48247E-01     0.56021E-01     0.10052E+00     0.18720E-01     0.37297E-02     0.49577E+00     0.70711E+00     0.18648E+00     0.13882E-01     0.19630E+00     0.34435E+00     0.42431E-01     0.57567E-01     0.47996E-01    -0.20645E-02    -0.25128E-03     0.13235E-01
     0.56196E+00     0.47860E-01     0.55178E-01     0.99545E-01     0.18949E-01     0.36632E-02     0.49950E+00     0.71291E+00     0.18972E+00     0.14091E-01     0.19666E+00     0.34788E+00     0.42492E-01     0.58220E-01     0.48976E-01    -0.21415E-02    -0.25841E-03     0.13507E-01
     0.57649E+00     0.47472E-01     0.54339E-01     0.98598E-01     0.19181E-01     0.35953E-02     0.50324E+00     0.71868E+00     0.19296E+00     0.14304E-01     0.19702E+00     0.35142E+00     0.42549E-01     0.58868E-01     0.49951E-01    -0.22203E-02    -0.26574E-03     0.13782E-01
     0.59112E+00     0.47084E-01     0.53501E-01     0.97680E-01     0.19415E-01     0.35265E-02     0.50706E+00     0.72447E+00     0.19620E+00     0.14521E-01     0.19740E+00     0.35501E+00     0.42603E-01     0.59512E-01     0.50919E-01    -0.23012E-02    -0.27329E-03     0.14063E-01
     0.60584E+00     0.46699E-01     0.52670E-01     0.96794E-01     0.19654E-01     0.34567E-02     0.51096E+00     0.73030E+00     0.19944E+00     0.14744E-01     0.19783E+00     0.35865E+00     0.42654E-01     0.60152E-01     0.51879E-01    -0.23842E-02    -0.28112E-03     0.14350E-01
     0.62064E+00     0.46318E-01     0.51851E-01     0.95942E-01     0.19897E-01     0.33860E-02     0.51497E+00     0.73619E+00     0.20267E+00     0.14972E-01     0.19831E+00     0.36235E+00     0.42706E-01     0.60789E-01     0.52832E-01    -0.24695E-02    -0.28924E-03     0.14645E-01
     0.63552E+00     0.45944E-01     0.51050E-01     0.95120E-01     0.20146E-01     0.33146E-02     0.51910E+00     0.74215E+00     0.20589E+00     0.15208E-01     0.19884E+00     0.36612E+00     0.42758E-01     0.61423E-01     0.53775E-01    -0.25572E-02    -0.29767E-03     0.14948E-01
     0.65047E+00     0.45580E-01     0.50270E-01     0.94324E-01     0.20399E-01     0.32431E-02     0.52336E+00     0.74818E+00     0.20910E+00     0.15449E-01     0.19943E+00     0.36997E+00     0.42812E-01     0.62055E-01     0.54710E-01    -0.26473E-02    -0.30644E-03     0.15259E-01
     0.66550E+00     0.45228E-01     0.49509E-01     0.93550E-01     0.20658E-01     0.31718E-02     0.52772E+00     0.75426E+00     0.21230E+00     0.15697E-01     0.20004E+00     0.37388E+00     0.42868E-01     0.62684E-01     0.55636E-01    -0.27400E-02    -0.31553E-03     0.15577E-01
     0.68060E+00     0.44891E-01     0.48768E-01     0.92794E-01     0.20920E-01     0.31014E-02     0.53217E+00     0.76039E+00     0.21548E+00     0.15950E-01     0.20067E+00     0.37786E+00     0.42930E-01     0.63313E-01     0.56552E-01    -0.28350E-02    -0.32493E-03     0.15904E-01
     0.69576E+00     0.44573E-01     0.48051E-01     0.92054E-01     0.21188E-01     0.30323E-02     0.53675E+00     0.76658E+00     0.21864E+00     0.16208E-01     0.20134E+00     0.38193E+00     0.42999E-01     0.63940E-01     0.57459E-01    -0.29325E-02    -0.33466E-03     0.16238E-01
     0.71099E+00     0.44276E-01     0.47364E-01     0.91325E-01     0.21461E-01     0.29653E-02     0.54145E+00     0.77282E+00     0.22178E+00     0.16473E-01     0.20204E+00     0.38606E+00     0.43078E-01     0.64566E-01     0.58355E-01    -0.30324E-02    -0.34475E-03     0.16581E-01
     0.72628E+00     0.44002E-01     0.46710E-01     0.90604E-01     0.21738E-01     0.29007E-02     0.54625E+00     0.77906E+00     0.22489E+00     0.16744E-01     0.20280E+00     0.39026E+00     0.43169E-01     0.65192E-01     0.59240E-01    -0.31344E-02    -0.35517E-03     0.16930E-01
     0.74162E+00     0.43752E-01     0.46098E-01     0.89894E-01     0.22017E-01     0.28391E-02     0.55114E+00     0.78529E+00     0.22798E+00     0.17020E-01     0.20359E+00     0.39449E+00     0.43273E-01     0.65817E-01     0.60112E-01    -0.32383E-02    -0.36590E-03     0.17285E-01
     0.75702E+00     0.43527E-01     0.45534E-01     0.89204E-01     0.22300E-01     0.27806E-02     0.55610E+00     0.79151E+00     0.23103E+00     0.17300E-01     0.20442E+00     0.39877E+00     0.43392E-01     0.66442E-01     0.60971E-01    -0.33443E-02    -0.37695E-03     0.17645E-01
     0.77247E+00     0.43325E-01     0.45021E-01     0.88548E-01     0.22587E-01     0.27252E-02     0.56118E+00     0.79776E+00     0.23405E+00     0.17587E-01     0.20531E+00     0.40310E+00     0.43526E-01     0.67066E-01     0.61814E-01    -0.34523E-02    -0.38838E-03     0.18014E-01
     0.78796E+00     0.43146E-01     0.44563E-01     0.87936E-01     0.22879E-01     0.26728E-02     0.56638E+00     0.80403E+00     0.23702E+00     0.17880E-01     0.20626E+00     0.40748E+00     0.43673E-01     0.67690E-01     0.62640E-01    -0.35624E-02    -0.40019E-03     0.18389E-01
     0.80350E+00     0.42990E-01     0.44163E-01     0.87376E-01     0.23173E-01     0.26241E-02     0.57164E+00     0.81028E+00     0.23996E+00     0.18179E-01     0.20726E+00     0.41188E+00     0.43833E-01     0.68313E-01     0.63445E-01    -0.36745E-02    -0.41234E-03     0.18770E-01
     0.81907E+00     0.42857E-01     0.43815E-01     0.86874E-01     0.23469E-01     0.25798E-02     0.57696E+00     0.81648E+00     0.24285E+00     0.18483E-01     0.20830E+00     0.41631E+00     0.44005E-01     0.68935E-01     0.64229E-01    -0.37882E-02    -0.42484E-03     0.19156E-01
     0.83469E+00     0.42747E-01     0.43516E-01     0.86433E-01     0.23768E-01     0.25407E-02     0.58235E+00     0.82266E+00     0.24570E+00     0.18792E-01     0.20939E+00     0.42075E+00     0.44190E-01     0.69555E-01     0.64989E-01    -0.39037E-02    -0.43768E-03     0.19546E-01
     0.85033E+00     0.42662E-01     0.43260E-01     0.86052E-01     0.24069E-01     0.25075E-02     0.58777E+00     0.82878E+00     0.24850E+00     0.19106E-01     0.21051E+00     0.42520E+00     0.44387E-01     0.70174E-01     0.65724E-01    -0.40209E-02    -0.45087E-03     0.19941E-01
     0.86601E+00     0.42601E-01     0.43045E-01     0.85735E-01     0.24372E-01     0.24806E-02     0.59322E+00     0.83485E+00     0.25124E+00     0.19424E-01     0.21165E+00     0.42966E+00     0.44598E-01     0.70790E-01     0.66432E-01    -0.41400E-02    -0.46441E-03     0.20340E-01
     0.88171E+00     0.42565E-01     0.42870E-01     0.85481E-01     0.24678E-01     0.24603E-02     0.59876E+00     0.84091E+00     0.25393E+00     0.19749E-01     0.21283E+00     0.43416E+00     0.44824E-01     0.71404E-01     0.67114E-01    -0.42611E-02    -0.47835E-03     0.20744E-01
     0.89744E+00     0.42553E-01     0.42732E-01     0.85293E-01     0.24988E-01     0.24471E-02     0.60439E+00     0.84694E+00     0.25656E+00     0.20081E-01     0.21406E+00     0.43869E+00     0.45064E-01     0.72015E-01     0.67767E-01    -0.43842E-02    -0.49275E-03     0.21156E-01
     0.91319E+00     0.42565E-01     0.42633E-01     0.85172E-01     0.25302E-01     0.24411E-02     0.61013E+00     0.85296E+00     0.25914E+00     0.20420E-01     0.21536E+00     0.44325E+00     0.45319E-01     0.72622E-01     0.68392E-01    -0.45091E-02    -0.50759E-03     0.21573E-01
     0.92895E+00     0.42601E-01     0.42576E-01     0.85116E-01     0.25618E-01     0.24426E-02     0.61598E+00     0.85895E+00     0.26165E+00     0.20766E-01     0.21675E+00     0.44785E+00     0.45591E-01     0.73226E-01     0.68989E-01    -0.46353E-02    -0.52288E-03     0.21996E-01
     0.94473E+00     0.42658E-01     0.42569E-01     0.85124E-01     0.25938E-01     0.24514E-02     0.62193E+00     0.86488E+00     0.26410E+00     0.21117E-01     0.21821E+00     0.45245E+00     0.45880E-01     0.73825E-01     0.69557E-01    -0.47628E-02    -0.53860E-03     0.22424E-01
     0.96051E+00     0.42735E-01     0.42616E-01     0.85194E-01     0.26260E-01     0.24673E-02     0.62797E+00     0.87079E+00     0.26648E+00     0.21475E-01     0.21975E+00     0.45708E+00     0.46188E-01     0.74418E-01     0.70096E-01    -0.48915E-02    -0.55477E-03     0.22857E-01
     0.97631E+00     0.42831E-01     0.42725E-01     0.85328E-01     0.26585E-01     0.24897E-02     0.63413E+00     0.87669E+00     0.26879E+00     0.21841E-01     0.22139E+00     0.46174E+00     0.46517E-01     0.75006E-01     0.70606E-01    -0.50215E-02    -0.57146E-03     0.23297E-01
     0.99210E+00     0.42946E-01     0.42896E-01     0.85524E-01     0.26915E-01     0.25177E-02     0.64045E+00     0.88259E+00     0.27102E+00     0.22214E-01     0.22314E+00     0.46643E+00     0.46867E-01     0.75588E-01     0.71085E-01    -0.51527E-02    -0.58869E-03     0.23745E-01
     0.10079E+01     0.43080E-01     0.43130E-01     0.85781E-01     0.27248E-01     0.25512E-02     0.64687E+00     0.88845E+00     0.27318E+00     0.22594E-01     0.22496E+00     0.47115E+00     0.47241E-01     0.76164E-01     0.71533E-01    -0.52849E-02    -0.60641E-03     0.24198E-01
     0.10237E+01     0.43234E-01     0.43423E-01     0.86096E-01     0.27583E-01     0.25898E-02     0.65335E+00     0.89423E+00     0.27525E+00     0.22979E-01     0.22683E+00     0.47587E+00     0.47637E-01     0.76733E-01     0.71949E-01    -0.54179E-02    -0.62458E-03     0.24654E-01
     0.10395E+01     0.43409E-01     0.43768E-01     0.86471E-01     0.27919E-01     0.26336E-02     0.65991E+00     0.89995E+00     0.27724E+00     0.23371E-01     0.22875E+00     0.48061E+00     0.48057E-01     0.77295E-01     0.72332E-01    -0.55516E-02    -0.64321E-03     0.25115E-01
     0.10553E+01     0.43605E-01     0.44158E-01     0.86900E-01     0.28257E-01     0.26827E-02     0.66650E+00     0.90557E+00     0.27914E+00     0.23768E-01     0.23072E+00     0.48532E+00     0.48500E-01     0.77849E-01     0.72681E-01    -0.56857E-02    -0.66229E-03     0.25577E-01
     0.10711E+01     0.43820E-01     0.44589E-01     0.87375E-01     0.28593E-01     0.27366E-02     0.67307E+00     0.91103E+00     0.28095E+00     0.24168E-01     0.23271E+00     0.48999E+00     0.48968E-01     0.78393E-01     0.72997E-01    -0.58198E-02    -0.68171E-03     0.26037E-01
     0.10868E+01     0.44053E-01     0.45058E-01     0.87890E-01     0.28927E-01     0.27947E-02     0.67957E+00     0.91629E+00     0.28267E+00     0.24570E-01     0.23469E+00     0.49460E+00     0.49462E-01     0.78928E-01     0.73277E-01    -0.59532E-02    -0.70137E-03     0.26493E-01
     0.11026E+01     0.44301E-01     0.45565E-01     0.88446E-01     0.29260E-01     0.28564E-02     0.68605E+00     0.92141E+00     0.28429E+00     0.24975E-01     0.23669E+00     0.49916E+00     0.49983E-01     0.79452E-01     0.73522E-01    -0.60860E-02    -0.72137E-03     0.26947E-01
     0.11183E+01     0.44564E-01     0.46104E-01     0.89040E-01     0.29592E-01     0.29207E-02     0.69256E+00     0.92642E+00     0.28582E+00     0.25384E-01     0.23874E+00     0.50370E+00     0.50530E-01     0.79964E-01     0.73731E-01    -0.62184E-02    -0.74177E-03     0.27402E-01
     0.11340E+01     0.44841E-01     0.46670E-01     0.89665E-01     0.29925E-01     0.29872E-02     0.69908E+00     0.93130E+00     0.28724E+00     0.25798E-01     0.24081E+00     0.50821E+00     0.51103E-01     0.80464E-01     0.73904E-01    -0.63502E-02    -0.76256E-03     0.27855E-01
     0.11497E+01     0.45131E-01     0.47264E-01     0.90315E-01     0.30256E-01     0.30559E-02     0.70556E+00     0.93601E+00     0.28856E+00     0.26215E-01     0.24291E+00     0.51267E+00     0.51704E-01     0.80951E-01     0.74038E-01    -0.64812E-02    -0.78369E-03     0.28306E-01
     0.11653E+01     0.45436E-01     0.47884E-01     0.90984E-01     0.30586E-01     0.31265E-02     0.71202E+00     0.94056E+00     0.28978E+00     0.26636E-01     0.24501E+00     0.51707E+00     0.52331E-01     0.81423E-01     0.74136E-01    -0.66116E-02    -0.80519E-03     0.28754E-01
     0.11809E+01     0.45754E-01     0.48525E-01     0.91666E-01     0.30917E-01     0.31992E-02     0.71856E+00     0.94504E+00     0.29089E+00     0.27063E-01     0.24715E+00     0.52149E+00     0.52980E-01     0.81881E-01     0.74196E-01    -0.67414E-02    -0.82718E-03     0.29204E-01
     0.11965E+01     0.46085E-01     0.49188E-01     0.92353E-01     0.31249E-01     0.32738E-02     0.72515E+00     0.94942E+00     0.29190E+00     0.27494E-01     0.24934E+00     0.52590E+00     0.53648E-01     0.82323E-01     0.74221E-01    -0.68697E-02    -0.84959E-03     0.29653E-01
     0.12120E+01     0.46428E-01     0.49872E-01     0.93041E-01     0.31578E-01     0.33502E-02     0.73171E+00     0.95362E+00     0.29280E+00     0.27925E-01     0.25154E+00     0.53025E+00     0.54334E-01     0.82748E-01     0.74211E-01    -0.69959E-02    -0.87225E-03     0.30098E-01
     0.12275E+01     0.46782E-01     0.50572E-01     0.93725E-01     0.31904E-01     0.34283E-02     0.73818E+00     0.95759E+00     0.29358E+00     0.28358E-01     0.25372E+00     0.53452E+00     0.55036E-01     0.83156E-01     0.74166E-01    -0.71197E-02    -0.89510E-03     0.30535E-01
     0.12430E+01     0.47147E-01     0.51285E-01     0.94404E-01     0.32224E-01     0.35071E-02     0.74453E+00     0.96133E+00     0.29426E+00     0.28790E-01     0.25588E+00     0.53869E+00     0.55754E-01     0.83544E-01     0.74087E-01    -0.72409E-02    -0.91808E-03     0.30962E-01
     0.12584E+01     0.47522E-01     0.52009E-01     0.95081E-01     0.32542E-01     0.35860E-02     0.75083E+00     0.96488E+00     0.29482E+00     0.29224E-01     0.25804E+00     0.54279E+00     0.56489E-01     0.83911E-01     0.73974E-01    -0.73596E-02    -0.94132E-03     0.31382E-01
     0.12737E+01     0.47907E-01     0.52745E-01     0.95759E-01     0.32857E-01     0.36650E-02     0.75711E+00     0.96828E+00     0.29527E+00     0.29662E-01     0.26023E+00     0.54684E+00     0.57239E-01     0.84256E-01     0.73827E-01    -0.74758E-02    -0.96488E-03     0.31798E-01
     0.12890E+01     0.48302E-01     0.53486E-01     0.96439E-01     0.33170E-01     0.37442E-02     0.76333E+00     0.97148E+00     0.29560E+00     0.30101E-01     0.26243E+00     0.55080E+00     0.58004E-01     0.84577E-01     0.73643E-01    -0.75895E-02    -0.98868E-03     0.32207E-01
     0.13042E+01     0.48708E-01     0.54225E-01     0.97124E-01     0.33479E-01     0.38240E-02     0.76946E+00     0.97447E+00     0.29581E+00     0.30541E-01     0.26460E+00     0.55468E+00     0.58782E-01     0.84874E-01     0.73423E-01    -0.77004E-02    -0.10127E-02     0.32606E-01
     0.13194E+01     0.49124E-01     0.54961E-01     0.97820E-01     0.33785E-01     0.39045E-02     0.77551E+00     0.97728E+00     0.29591E+00     0.30984E-01     0.26675E+00     0.55848E+00     0.59572E-01     0.85146E-01     0.73165E-01    -0.78087E-02    -0.10369E-02     0.32999E-01
     0.13345E+01     0.49550E-01     0.55699E-01     0.98523E-01     0.34088E-01     0.39862E-02     0.78152E+00     0.97991E+00     0.29589E+00     0.31429E-01     0.26890E+00     0.56222E+00     0.60372E-01     0.85391E-01     0.72869E-01    -0.79142E-02    -0.10615E-02     0.33384E-01
     0.13495E+01     0.49985E-01     0.56441E-01     0.99224E-01     0.34387E-01     0.40692E-02     0.78744E+00     0.98232E+00     0.29574E+00     0.31875E-01     0.27105E+00     0.56586E+00     0.61180E-01     0.85609E-01     0.72532E-01    -0.80161E-02    -0.10862E-02     0.33760E-01
     0.13645E+01     0.50427E-01     0.57193E-01     0.99919E-01     0.34680E-01     0.41534E-02     0.79325E+00     0.98448E+00     0.29547E+00     0.32321E-01     0.27320E+00     0.56938E+00     0.61992E-01     0.85799E-01     0.72155E-01    -0.81134E-02    -0.11109E-02     0.34122E-01
     0.13794E+01     0.50872E-01     0.57955E-01     0.10061E+00     0.34967E-01     0.42384E-02     0.79897E+00     0.98639E+00     0.29508E+00     0.32766E-01     0.27537E+00     0.57278E+00     0.62803E-01     0.85960E-01     0.71739E-01    -0.82056E-02    -0.11358E-02     0.34472E-01
     0.13942E+01     0.51314E-01     0.58724E-01     0.10129E+00     0.35247E-01     0.43239E-02     0.80452E+00     0.98803E+00     0.29455E+00     0.33209E-01     0.27752E+00     0.57603E+00     0.63610E-01     0.86091E-01     0.71283E-01    -0.82923E-02    -0.11605E-02     0.34805E-01
     0.14089E+01     0.51751E-01     0.59497E-01     0.10198E+00     0.35518E-01     0.44092E-02     0.80985E+00     0.98936E+00     0.29390E+00     0.33646E-01     0.27957E+00     0.57914E+00     0.64413E-01     0.86190E-01     0.70788E-01    -0.83737E-02    -0.11850E-02     0.35120E-01
     0.14235E+01     0.52183E-01     0.60270E-01     0.10267E+00     0.35781E-01     0.44940E-02     0.81500E+00     0.99040E+00     0.29312E+00     0.34080E-01     0.28154E+00     0.58210E+00     0.65215E-01     0.86256E-01     0.70254E-01    -0.84498E-02    -0.12093E-02     0.35417E-01
     0.14380E+01     0.52611E-01     0.61040E-01     0.10337E+00     0.36036E-01     0.45786E-02     0.81990E+00     0.99114E+00     0.29220E+00     0.34510E-01     0.28341E+00     0.58491E+00     0.66017E-01     0.86288E-01     0.69682E-01    -0.85206E-02    -0.12335E-02     0.35696E-01
     0.14525E+01     0.53038E-01     0.61799E-01     0.10408E+00     0.36280E-01     0.46635E-02     0.82455E+00     0.99155E+00     0.29114E+00     0.34934E-01     0.28519E+00     0.58753E+00     0.66822E-01     0.86285E-01     0.69070E-01    -0.85855E-02    -0.12572E-02     0.35952E-01
     0.14668E+01     0.53463E-01     0.62546E-01     0.10480E+00     0.36514E-01     0.47489E-02     0.82896E+00     0.99162E+00     0.28996E+00     0.35352E-01     0.28689E+00     0.58997E+00     0.67630E-01     0.86247E-01     0.68421E-01    -0.86436E-02    -0.12806E-02     0.36186E-01
     0.14811E+01     0.53883E-01     0.63283E-01     0.10553E+00     0.36738E-01     0.48344E-02     0.83316E+00     0.99139E+00     0.28863E+00     0.35765E-01     0.28854E+00     0.59225E+00     0.68439E-01     0.86174E-01     0.67735E-01    -0.86948E-02    -0.13037E-02     0.36400E-01
     0.14952E+01     0.54297E-01     0.64011E-01     0.10627E+00     0.36953E-01     0.49197E-02     0.83718E+00     0.99086E+00     0.28716E+00     0.36172E-01     0.29015E+00     0.59436E+00     0.69247E-01     0.86067E-01     0.67012E-01    -0.87387E-02    -0.13264E-02     0.36593E-01
     0.15093E+01     0.54701E-01     0.64723E-01     0.10702E+00     0.37158E-01     0.50046E-02     0.84102E+00     0.99001E+00     0.28556E+00     0.36574E-01     0.29172E+00     0.59631E+00     0.70051E-01     0.85925E-01     0.66254E-01    -0.87748E-02    -0.13487E-02     0.36764E-01
     0.15232E+01     0.55095E-01     0.65404E-01     0.10777E+00     0.37351E-01     0.50894E-02     0.84462E+00     0.98880E+00     0.28382E+00     0.36967E-01     0.29326E+00     0.59805E+00     0.70846E-01     0.85748E-01     0.65465E-01    -0.88023E-02    -0.13704E-02     0.36910E-01
     0.15370E+01     0.55479E-01     0.66046E-01     0.10854E+00     0.37529E-01     0.51741E-02     0.84786E+00     0.98713E+00     0.28194E+00     0.37349E-01     0.29470E+00     0.59953E+00     0.71629E-01     0.85536E-01     0.64645E-01    -0.88207E-02    -0.13913E-02     0.37023E-01
     0.15507E+01     0.55852E-01     0.66652E-01     0.10932E+00     0.37690E-01     0.52590E-02     0.85073E+00     0.98502E+00     0.27992E+00     0.37719E-01     0.29604E+00     0.60073E+00     0.72396E-01     0.85290E-01     0.63797E-01    -0.88296E-02    -0.14112E-02     0.37102E-01
     0.15643E+01     0.56210E-01     0.67236E-01     0.11011E+00     0.37838E-01     0.53440E-02     0.85335E+00     0.98253E+00     0.27777E+00     0.38081E-01     0.29736E+00     0.60170E+00     0.73139E-01     0.85009E-01     0.62923E-01    -0.88295E-02    -0.14304E-02     0.37153E-01
     0.15778E+01     0.56553E-01     0.67811E-01     0.11093E+00     0.37973E-01     0.54291E-02     0.85572E+00     0.97967E+00     0.27548E+00     0.38434E-01     0.29866E+00     0.60245E+00     0.73854E-01     0.84695E-01     0.62024E-01    -0.88202E-02    -0.14490E-02     0.37178E-01
     0.15911E+01     0.56877E-01     0.68389E-01     0.11177E+00     0.38095E-01     0.55144E-02     0.85782E+00     0.97645E+00     0.27308E+00     0.38778E-01     0.29992E+00     0.60296E+00     0.74535E-01     0.84347E-01     0.61101E-01    -0.88020E-02    -0.14667E-02     0.37174E-01
     0.16043E+01     0.57179E-01     0.68976E-01     0.11265E+00     0.38204E-01     0.55995E-02     0.85967E+00     0.97288E+00     0.27055E+00     0.39113E-01     0.30113E+00     0.60326E+00     0.75179E-01     0.83967E-01     0.60155E-01    -0.87754E-02    -0.14837E-02     0.37144E-01
     0.16174E+01     0.57456E-01     0.69571E-01     0.11357E+00     0.38304E-01     0.56842E-02     0.86133E+00     0.96907E+00     0.26792E+00     0.39442E-01     0.30229E+00     0.60341E+00     0.75783E-01     0.83555E-01     0.59188E-01    -0.87414E-02    -0.15002E-02     0.37095E-01
     0.16303E+01     0.57705E-01     0.70158E-01     0.11454E+00     0.38397E-01     0.57683E-02     0.86285E+00     0.96506E+00     0.26519E+00     0.39766E-01     0.30340E+00     0.60344E+00     0.76345E-01     0.83111E-01     0.58200E-01    -0.87014E-02    -0.15162E-02     0.37031E-01
     0.16431E+01     0.57920E-01     0.70720E-01     0.11556E+00     0.38480E-01     0.58509E-02     0.86416E+00     0.96083E+00     0.26236E+00     0.40084E-01     0.30442E+00     0.60332E+00     0.76866E-01     0.82638E-01     0.57191E-01    -0.86556E-02    -0.15317E-02     0.36948E-01
     0.16558E+01     0.58097E-01     0.71247E-01     0.11664E+00     0.38554E-01     0.59316E-02     0.86522E+00     0.95634E+00     0.25944E+00     0.40394E-01     0.30534E+00     0.60304E+00     0.77348E-01     0.82135E-01     0.56164E-01    -0.86040E-02    -0.15466E-02     0.36846E-01
     0.16683E+01     0.58233E-01     0.71745E-01     0.11778E+00     0.38619E-01     0.60102E-02     0.86610E+00     0.95166E+00     0.25645E+00     0.40699E-01     0.30618E+00     0.60262E+00     0.77791E-01     0.81604E-01     0.55119E-01    -0.85469E-02    -0.15610E-02     0.36727E-01
     0.16806E+01     0.58320E-01     0.72222E-01     0.11899E+00     0.38681E-01     0.60867E-02     0.86693E+00     0.94688E+00     0.25338E+00     0.41003E-01     0.30701E+00     0.60215E+00     0.78194E-01     0.81047E-01     0.54057E-01    -0.84857E-02    -0.15753E-02     0.36601E-01
     0.16928E+01     0.58353E-01     0.72676E-01     0.12028E+00     0.38743E-01     0.61615E-02     0.86777E+00     0.94205E+00     0.25024E+00     0.41311E-01     0.30785E+00     0.60165E+00     0.78558E-01     0.80463E-01     0.52978E-01    -0.84212E-02    -0.15897E-02     0.36472E-01
     0.17049E+01     0.58326E-01     0.73100E-01     0.12167E+00     0.38804E-01     0.62353E-02     0.86864E+00     0.93719E+00     0.24705E+00     0.41622E-01     0.30871E+00     0.60113E+00     0.78882E-01     0.79854E-01     0.51886E-01    -0.83535E-02    -0.16042E-02     0.36341E-01
     0.17167E+01     0.58233E-01     0.73493E-01     0.12314E+00     0.38865E-01     0.63084E-02     0.86953E+00     0.93231E+00     0.24380E+00     0.41937E-01     0.30960E+00     0.60059E+00     0.79165E-01     0.79222E-01     0.50781E-01    -0.82827E-02    -0.16189E-02     0.36208E-01
     0.17285E+01     0.58066E-01     0.73854E-01     0.12471E+00     0.38926E-01     0.63803E-02     0.87046E+00     0.92741E+00     0.24051E+00     0.42257E-01     0.31051E+00     0.60004E+00     0.79409E-01     0.78568E-01     0.49668E-01    -0.82098E-02    -0.16339E-02     0.36074E-01
     0.17400E+01     0.57820E-01     0.74177E-01     0.12640E+00     0.38994E-01     0.64504E-02     0.87161E+00     0.92266E+00     0.23717E+00     0.42590E-01     0.31152E+00     0.59958E+00     0.79613E-01     0.77893E-01     0.48547E-01    -0.81359E-02    -0.16498E-02     0.35952E-01
     0.17514E+01     0.57486E-01     0.74456E-01     0.12823E+00     0.39074E-01     0.65177E-02     0.87309E+00     0.91810E+00     0.23381E+00     0.42942E-01     0.31269E+00     0.59927E+00     0.79780E-01     0.77197E-01     0.47424E-01    -0.80623E-02    -0.16669E-02     0.35848E-01
     0.17626E+01     0.57060E-01     0.74689E-01     0.13020E+00     0.39165E-01     0.65811E-02     0.87488E+00     0.91372E+00     0.23043E+00     0.43312E-01     0.31400E+00     0.59910E+00     0.79910E-01     0.76483E-01     0.46301E-01    -0.79890E-02    -0.16853E-02     0.35759E-01
     0.17737E+01     0.56538E-01     0.74878E-01     0.13231E+00     0.39267E-01     0.66403E-02     0.87698E+00     0.90950E+00     0.22703E+00     0.43702E-01     0.31546E+00     0.59907E+00     0.80006E-01     0.75751E-01     0.45184E-01    -0.79163E-02    -0.17050E-02     0.35686E-01
     0.17845E+01     0.55913E-01     0.75021E-01     0.13456E+00     0.39383E-01     0.66955E-02     0.87947E+00     0.90550E+00     0.22361E+00     0.44117E-01     0.31711E+00     0.59921E+00     0.80066E-01     0.75002E-01     0.44075E-01    -0.78448E-02    -0.17263E-02     0.35634E-01
     0.17952E+01     0.55179E-01     0.75109E-01     0.13696E+00     0.39518E-01     0.67468E-02     0.88248E+00     0.90180E+00     0.22019E+00     0.44561E-01     0.31902E+00     0.59959E+00     0.80093E-01     0.74237E-01     0.42979E-01    -0.77751E-02    -0.17498E-02     0.35610E-01
     0.18057E+01     0.54325E-01     0.75135E-01     0.13952E+00     0.39677E-01     0.67933E-02     0.88614E+00     0.89849E+00     0.21677E+00     0.45044E-01     0.32124E+00     0.60029E+00     0.80086E-01     0.73455E-01     0.41899E-01    -0.77085E-02    -0.17760E-02     0.35621E-01
     0.18160E+01     0.53344E-01     0.75098E-01     0.14223E+00     0.39865E-01     0.68339E-02     0.89058E+00     0.89566E+00     0.21336E+00     0.45572E-01     0.32384E+00     0.60136E+00     0.80046E-01     0.72657E-01     0.40838E-01    -0.76460E-02    -0.18054E-02     0.35676E-01
     0.18261E+01     0.52229E-01     0.74996E-01     0.14510E+00     0.40086E-01     0.68674E-02     0.89591E+00     0.89337E+00     0.20995E+00     0.46154E-01     0.32687E+00     0.60286E+00     0.79977E-01     0.71844E-01     0.39799E-01    -0.75889E-02    -0.18388E-02     0.35782E-01
     0.18360E+01     0.50971E-01     0.74829E-01     0.14811E+00     0.40344E-01     0.68924E-02     0.90220E+00     0.89163E+00     0.20655E+00     0.46795E-01     0.33037E+00     0.60483E+00     0.79882E-01     0.71015E-01     0.38784E-01    -0.75378E-02    -0.18765E-02     0.35942E-01
     0.18457E+01     0.49564E-01     0.74594E-01     0.15125E+00     0.40642E-01     0.69082E-02     0.90954E+00     0.89047E+00     0.20317E+00     0.47503E-01     0.33440E+00     0.60730E+00     0.79762E-01     0.70170E-01     0.37796E-01    -0.74930E-02    -0.19192E-02     0.36159E-01
     0.18552E+01     0.48002E-01     0.74279E-01     0.15447E+00     0.40983E-01     0.69140E-02     0.91802E+00     0.88988E+00     0.19979E+00     0.48286E-01     0.33903E+00     0.61028E+00     0.79623E-01     0.69308E-01     0.36837E-01    -0.74549E-02    -0.19674E-02     0.36438E-01
     0.18645E+01     0.46278E-01     0.73865E-01     0.15774E+00     0.41368E-01     0.69092E-02     0.92769E+00     0.88983E+00     0.19643E+00     0.49149E-01     0.34429E+00     0.61379E+00     0.79466E-01     0.68427E-01     0.35908E-01    -0.74237E-02    -0.20217E-02     0.36778E-01
     0.18736E+01     0.44389E-01     0.73330E-01     0.16099E+00     0.41801E-01     0.68929E-02     0.93862E+00     0.89029E+00     0.19307E+00     0.50102E-01     0.35026E+00     0.61784E+00     0.79296E-01     0.67524E-01     0.35010E-01    -0.73995E-02    -0.20827E-02     0.37181E-01
     0.18825E+01     0.42332E-01     0.72655E-01     0.16417E+00     0.42284E-01     0.68648E-02     0.95092E+00     0.89122E+00     0.18971E+00     0.51152E-01     0.35701E+00     0.62245E+00     0.79115E-01     0.66596E-01     0.34145E-01    -0.73819E-02    -0.21513E-02     0.37649E-01
     0.18912E+01     0.40108E-01     0.71821E-01     0.16717E+00     0.42816E-01     0.68250E-02     0.96462E+00     0.89251E+00     0.18633E+00     0.52308E-01     0.36461E+00     0.62758E+00     0.78930E-01     0.65641E-01     0.33312E-01    -0.73699E-02    -0.22279E-02     0.38178E-01
     0.18996E+01     0.37721E-01     0.70805E-01     0.16988E+00     0.43391E-01     0.67734E-02     0.97958E+00     0.89386E+00     0.18293E+00     0.53570E-01     0.37309E+00     0.63310E+00     0.78744E-01     0.64654E-01     0.32511E-01    -0.73615E-02    -0.23127E-02     0.38749E-01
     0.19078E+01     0.35177E-01     0.69577E-01     0.17217E+00     0.43995E-01     0.67104E-02     0.99550E+00     0.89482E+00     0.17947E+00     0.54934E-01     0.38240E+00     0.63873E+00     0.78562E-01     0.63630E-01     0.31740E-01    -0.73529E-02    -0.24049E-02     0.39329E-01
     0.19158E+01     0.32490E-01     0.68102E-01     0.17382E+00     0.44601E-01     0.66367E-02     0.10118E+01     0.89466E+00     0.17593E+00     0.56381E-01     0.39244E+00     0.64406E+00     0.78391E-01     0.62568E-01     0.31000E-01    -0.73384E-02    -0.25027E-02     0.39863E-01
     0.19236E+01     0.29675E-01     0.66348E-01     0.17461E+00     0.45170E-01     0.65535E-02     0.10276E+01     0.89235E+00     0.17229E+00     0.57880E-01     0.40297E+00     0.64843E+00     0.78236E-01     0.61466E-01     0.30287E-01    -0.73090E-02    -0.26023E-02     0.40266E-01
     0.19311E+01     0.26754E-01     0.64284E-01     0.17423E+00     0.45638E-01     0.64626E-02     0.10415E+01     0.88642E+00     0.16849E+00     0.59369E-01     0.41356E+00     0.65085E+00     0.78098E-01     0.60323E-01     0.29601E-01    -0.72523E-02    -0.26973E-02     0.40412E-01
     0.19384E+01     0.23749E-01     0.61887E-01     0.17233E+00     0.45909E-01     0.63655E-02     0.10512E+01     0.87477E+00     0.16450E+00     0.60750E-01     0.42346E+00     0.64989E+00     0.77979E-01     0.59145E-01     0.28938E-01    -0.71512E-02    -0.27767E-02     0.40117E-01
     0.19455E+01     0.20691E-01     0.59136E-01     0.16849E+00     0.45844E-01     0.62647E-02     0.10534E+01     0.85461E+00     0.16027E+00     0.61865E-01     0.43147E+00     0.64350E+00     0.77873E-01     0.57939E-01     0.28296E-01    -0.69834E-02    -0.28237E-02     0.39136E-01
     0.19523E+01     0.17612E-01     0.56006E-01     0.16224E+00     0.45253E-01     0.61635E-02     0.10436E+01     0.82242E+00     0.15578E+00     0.62477E-01     0.43577E+00     0.62897E+00     0.77767E-01     0.56712E-01     0.27672E-01    -0.67224E-02    -0.28148E-02     0.37175E-01
     0.19589E+01     0.14552E-01     0.52461E-01     0.15311E+00     0.43895E-01     0.60655E-02     0.10157E+01     0.77422E+00     0.15098E+00     0.62261E-01     0.43386E+00     0.60305E+00     0.77633E-01     0.55476E-01     0.27063E-01    -0.63403E-02    -0.27204E-02     0.33945E-01
     0.19652E+01     0.11560E-01     0.48442E-01     0.14069E+00     0.41503E-01     0.59743E-02     0.96331E+00     0.70637E+00     0.14589E+00     0.60807E-01     0.42270E+00     0.56232E+00     0.77429E-01     0.54236E-01     0.26464E-01    -0.58139E-02    -0.25112E-02     0.29283E-01
     0.19713E+01     0.86960E-02     0.43853E-01     0.12475E+00     0.37838E-01     0.58936E-02     0.88014E+00     0.61689E+00     0.14053E+00     0.57664E-01     0.39912E+00     0.50413E+00     0.77093E-01     0.52996E-01     0.25872E-01    -0.51330E-02    -0.21695E-02     0.23315E-01
     0.19771E+01     0.60390E-02     0.38546E-01     0.10542E+00     0.32771E-01     0.58264E-02     0.76275E+00     0.50716E+00     0.13496E+00     0.52423E-01     0.36086E+00     0.42782E+00     0.76553E-01     0.51753E-01     0.25287E-01    -0.43097E-02    -0.17058E-02     0.16602E-01
     0.19826E+01     0.36918E-02     0.32323E-01     0.83289E-01     0.26386E-01     0.57757E-02     0.61303E+00     0.38343E+00     0.12928E+00     0.44844E-01     0.30820E+00     0.33614E+00     0.75744E-01     0.50505E-01     0.24705E-01    -0.33820E-02    -0.11713E-02     0.10108E-01
     0.19879E+01     0.17866E-02     0.24956E-01     0.59415E-01     0.19041E-01     0.57437E-02     0.44114E+00     0.25670E+00     0.12361E+00     0.34988E-01     0.24694E+00     0.23583E+00     0.74610E-01     0.49221E-01     0.24126E-01    -0.24082E-02    -0.65441E-03     0.48848E-02
     0.19929E+01     0.49036E-03     0.16208E-01     0.35089E-01     0.11290E-01     0.57317E-02     0.27066E+00     0.13955E+00     0.11812E+00     0.23286E-01     0.19431E+00     0.13640E+00     0.73187E-01     0.47999E-01     0.23567E-01    -0.14500E-02    -0.25123E-03     0.15751E-02
     0.19977E+01     0.00000E+00     0.58527E-02     0.11420E-01     0.36723E-02     0.57389E-02     0.17753E+00     0.41222E-01     0.11249E+00     0.11069E-01     0.18631E+00     0.50098E-01     0.71303E-01     0.46254E-01     0.22937E-01    -0.53228E-03    -0.30702E-04     0.15137E-03
