     0.23093E-02     0.10976E-07    -0.58305E-03     0.33523E-02     0.14360E+00    -0.30316E-05    -0.15021E-04
     0.70633E-02     0.30057E-06    -0.34722E-03     0.35781E-02     0.14345E+00    -0.24008E-04    -0.61559E-04
     0.12087E-01     0.13390E-05    -0.24181E-03     0.36760E-02     0.14338E+00    -0.61424E-04    -0.13243E-03
     0.17376E-01     0.35675E-05    -0.19495E-03     0.37236E-02     0.14335E+00    -0.11489E-03    -0.23176E-03
     0.22928E-01     0.73993E-05    -0.17407E-03     0.37422E-02     0.14334E+00    -0.18488E-03    -0.35996E-03
     0.28739E-01     0.13246E-04    -0.16408E-03     0.37472E-02     0.14334E+00    -0.27074E-03    -0.51437E-03
     0.34807E-01     0.21482E-04    -0.15884E-03     0.37445E-02     0.14335E+00    -0.36990E-03    -0.68951E-03
     0.41127E-01     0.32451E-04    -0.15572E-03     0.37366E-02     0.14336E+00    -0.47840E-03    -0.87815E-03
     0.47696E-01     0.46435E-04    -0.15362E-03     0.37245E-02     0.14337E+00    -0.59165E-03    -0.10724E-02
     0.54512E-01     0.63650E-04    -0.15202E-03     0.37087E-02     0.14339E+00    -0.70532E-03    -0.12646E-02
     0.61570E-01     0.84220E-04    -0.15067E-03     0.36892E-02     0.14341E+00    -0.81583E-03    -0.14480E-02
     0.68868E-01     0.10818E-03    -0.14942E-03     0.36661E-02     0.14344E+00    -0.92060E-03    -0.16176E-02
     0.76401E-01     0.13545E-03    -0.14820E-03     0.36397E-02     0.14346E+00    -0.10180E-02    -0.17703E-02
     0.84168E-01     0.16587E-03    -0.14697E-03     0.36102E-02     0.14350E+00    -0.11074E-02    -0.19049E-02
     0.92164E-01     0.19920E-03    -0.14571E-03     0.35777E-02     0.14353E+00    -0.11885E-02    -0.20222E-02
     0.10039E+00     0.23511E-03    -0.14441E-03     0.35427E-02     0.14356E+00    -0.12617E-02    -0.21240E-02
     0.10883E+00     0.27325E-03    -0.14309E-03     0.35055E-02     0.14360E+00    -0.13275E-02    -0.22128E-02
     0.11749E+00     0.31321E-03    -0.14176E-03     0.34664E-02     0.14364E+00    -0.13868E-02    -0.22913E-02
     0.12637E+00     0.35461E-03    -0.14042E-03     0.34259E-02     0.14368E+00    -0.14402E-02    -0.23618E-02
     0.13547E+00     0.39706E-03    -0.13908E-03     0.33842E-02     0.14372E+00    -0.14886E-02    -0.24263E-02
     0.14477E+00     0.44019E-03    -0.13776E-03     0.33419E-02     0.14377E+00    -0.15329E-02    -0.24860E-02
     0.15428E+00     0.48364E-03    -0.13645E-03     0.32992E-02     0.14381E+00    -0.15737E-02    -0.25411E-02
     0.16399E+00     0.52710E-03    -0.13518E-03     0.32564E-02     0.14385E+00    -0.16115E-02    -0.25910E-02
     0.17390E+00     0.57029E-03    -0.13395E-03     0.32138E-02     0.14389E+00    -0.16469E-02    -0.26352E-02
     0.18401E+00     0.61297E-03    -0.13275E-03     0.31717E-02     0.14393E+00    -0.16800E-02    -0.26742E-02
     0.19431E+00     0.65491E-03    -0.13161E-03     0.31302E-02     0.14397E+00    -0.17113E-02    -0.27093E-02
     0.20480E+00     0.69595E-03    -0.13051E-03     0.30896E-02     0.14401E+00    -0.17410E-02    -0.27424E-02
     0.21547E+00     0.73589E-03    -0.12946E-03     0.30501E-02     0.14405E+00    -0.17694E-02    -0.27754E-02
     0.22633E+00     0.77461E-03    -0.12849E-03     0.30117E-02     0.14409E+00    -0.17970E-02    -0.28098E-02
     0.23737E+00     0.81201E-03    -0.12758E-03     0.29746E-02     0.14412E+00    -0.18240E-02    -0.28467E-02
     0.24859E+00     0.84804E-03    -0.12673E-03     0.29388E-02     0.14416E+00    -0.18507E-02    -0.28867E-02
     0.25997E+00     0.88267E-03    -0.12595E-03     0.29043E-02     0.14419E+00    -0.18769E-02    -0.29301E-02
     0.27153E+00     0.91593E-03    -0.12521E-03     0.28711E-02     0.14422E+00    -0.19024E-02    -0.29767E-02
     0.28325E+00     0.94785E-03    -0.12453E-03     0.28393E-02     0.14425E+00    -0.19272E-02    -0.30266E-02
     0.29514E+00     0.97842E-03    -0.12390E-03     0.28088E-02     0.14428E+00    -0.19510E-02    -0.30786E-02
     0.30719E+00     0.10076E-02    -0.12331E-03     0.27796E-02     0.14431E+00    -0.19737E-02    -0.31300E-02
     0.31939E+00     0.10355E-02    -0.12278E-03     0.27517E-02     0.14434E+00    -0.19952E-02    -0.31778E-02
     0.33174E+00     0.10620E-02    -0.12231E-03     0.27252E-02     0.14436E+00    -0.20155E-02    -0.32202E-02
     0.34425E+00     0.10871E-02    -0.12190E-03     0.27000E-02     0.14439E+00    -0.20345E-02    -0.32569E-02
     0.35690E+00     0.11109E-02    -0.12155E-03     0.26761E-02     0.14441E+00    -0.20522E-02    -0.32880E-02
     0.36969E+00     0.11333E-02    -0.12126E-03     0.26535E-02     0.14443E+00    -0.20688E-02    -0.33136E-02
     0.38262E+00     0.11543E-02    -0.12102E-03     0.26322E-02     0.14445E+00    -0.20841E-02    -0.33345E-02
     0.39569E+00     0.11742E-02    -0.12084E-03     0.26120E-02     0.14447E+00    -0.20979E-02    -0.33521E-02
     0.40890E+00     0.11928E-02    -0.12071E-03     0.25930E-02     0.14449E+00    -0.21101E-02    -0.33671E-02
     0.42223E+00     0.12101E-02    -0.12064E-03     0.25752E-02     0.14450E+00    -0.21203E-02    -0.33792E-02
     0.43569E+00     0.12264E-02    -0.12062E-03     0.25584E-02     0.14452E+00    -0.21283E-02    -0.33887E-02
     0.44927E+00     0.12417E-02    -0.12064E-03     0.25426E-02     0.14454E+00    -0.21342E-02    -0.33960E-02
     0.46297E+00     0.12559E-02    -0.12071E-03     0.25278E-02     0.14455E+00    -0.21378E-02    -0.34010E-02
     0.47679E+00     0.12692E-02    -0.12083E-03     0.25139E-02     0.14456E+00    -0.21394E-02    -0.34031E-02
     0.49072E+00     0.12815E-02    -0.12101E-03     0.25010E-02     0.14457E+00    -0.21388E-02    -0.34012E-02
     0.50476E+00     0.12930E-02    -0.12123E-03     0.24888E-02     0.14459E+00    -0.21360E-02    -0.33940E-02
     0.51891E+00     0.13036E-02    -0.12149E-03     0.24775E-02     0.14460E+00    -0.21309E-02    -0.33796E-02
     0.53316E+00     0.13135E-02    -0.12180E-03     0.24670E-02     0.14461E+00    -0.21236E-02    -0.33566E-02
     0.54751E+00     0.13227E-02    -0.12216E-03     0.24571E-02     0.14462E+00    -0.21139E-02    -0.33248E-02
     0.56196E+00     0.13312E-02    -0.12255E-03     0.24479E-02     0.14462E+00    -0.21016E-02    -0.32860E-02
     0.57649E+00     0.13392E-02    -0.12298E-03     0.24393E-02     0.14463E+00    -0.20867E-02    -0.32419E-02
     0.59112E+00     0.13466E-02    -0.12345E-03     0.24313E-02     0.14464E+00    -0.20690E-02    -0.31941E-02
     0.60584E+00     0.13534E-02    -0.12395E-03     0.24238E-02     0.14465E+00    -0.20483E-02    -0.31436E-02
     0.62064E+00     0.13598E-02    -0.12449E-03     0.24168E-02     0.14465E+00    -0.20243E-02    -0.30904E-02
     0.63552E+00     0.13656E-02    -0.12507E-03     0.24102E-02     0.14466E+00    -0.19966E-02    -0.30339E-02
     0.65047E+00     0.13709E-02    -0.12568E-03     0.24040E-02     0.14466E+00    -0.19650E-02    -0.29734E-02
     0.66550E+00     0.13759E-02    -0.12631E-03     0.23982E-02     0.14467E+00    -0.19292E-02    -0.29088E-02
     0.68060E+00     0.13804E-02    -0.12697E-03     0.23926E-02     0.14467E+00    -0.18888E-02    -0.28393E-02
     0.69576E+00     0.13847E-02    -0.12765E-03     0.23873E-02     0.14468E+00    -0.18435E-02    -0.27637E-02
     0.71099E+00     0.13886E-02    -0.12836E-03     0.23822E-02     0.14468E+00    -0.17929E-02    -0.26807E-02
     0.72628E+00     0.13922E-02    -0.12908E-03     0.23773E-02     0.14469E+00    -0.17367E-02    -0.25902E-02
     0.74162E+00     0.13955E-02    -0.12984E-03     0.23726E-02     0.14469E+00    -0.16745E-02    -0.24923E-02
     0.75702E+00     0.13987E-02    -0.13061E-03     0.23680E-02     0.14470E+00    -0.16061E-02    -0.23849E-02
     0.77247E+00     0.14017E-02    -0.13141E-03     0.23634E-02     0.14470E+00    -0.15311E-02    -0.22651E-02
     0.78796E+00     0.14047E-02    -0.13223E-03     0.23589E-02     0.14471E+00    -0.14496E-02    -0.21312E-02
     0.80350E+00     0.14077E-02    -0.13306E-03     0.23543E-02     0.14471E+00    -0.13614E-02    -0.19838E-02
     0.81907E+00     0.14109E-02    -0.13389E-03     0.23495E-02     0.14471E+00    -0.12663E-02    -0.18240E-02
     0.83469E+00     0.14143E-02    -0.13473E-03     0.23444E-02     0.14472E+00    -0.11643E-02    -0.16526E-02
     0.85033E+00     0.14182E-02    -0.13555E-03     0.23390E-02     0.14472E+00    -0.10555E-02    -0.14720E-02
     0.86601E+00     0.14225E-02    -0.13635E-03     0.23331E-02     0.14473E+00    -0.93988E-03    -0.12856E-02
     0.88171E+00     0.14274E-02    -0.13712E-03     0.23267E-02     0.14474E+00    -0.81790E-03    -0.10960E-02
     0.89744E+00     0.14329E-02    -0.13787E-03     0.23198E-02     0.14474E+00    -0.69016E-03    -0.90521E-03
     0.91319E+00     0.14390E-02    -0.13859E-03     0.23124E-02     0.14475E+00    -0.55750E-03    -0.71481E-03
     0.92895E+00     0.14457E-02    -0.13929E-03     0.23044E-02     0.14476E+00    -0.42075E-03    -0.52519E-03
     0.94473E+00     0.14530E-02    -0.13997E-03     0.22959E-02     0.14477E+00    -0.28051E-03    -0.33466E-03
     0.96051E+00     0.14610E-02    -0.14063E-03     0.22867E-02     0.14478E+00    -0.13708E-03    -0.14163E-03
     0.97631E+00     0.14696E-02    -0.14126E-03     0.22769E-02     0.14479E+00     0.92705E-05     0.53476E-04
     0.99210E+00     0.14791E-02    -0.14186E-03     0.22665E-02     0.14480E+00     0.15811E-03     0.24833E-03
     0.10079E+01     0.14893E-02    -0.14242E-03     0.22553E-02     0.14481E+00     0.30885E-03     0.44010E-03
     0.10237E+01     0.15003E-02    -0.14293E-03     0.22434E-02     0.14482E+00     0.46078E-03     0.62658E-03
     0.10395E+01     0.15122E-02    -0.14339E-03     0.22306E-02     0.14483E+00     0.61314E-03     0.80655E-03
     0.10553E+01     0.15249E-02    -0.14379E-03     0.22171E-02     0.14484E+00     0.76522E-03     0.97970E-03
     0.10711E+01     0.15384E-02    -0.14412E-03     0.22029E-02     0.14486E+00     0.91639E-03     0.11458E-02
     0.10868E+01     0.15527E-02    -0.14441E-03     0.21879E-02     0.14487E+00     0.10660E-02     0.13041E-02
     0.11026E+01     0.15676E-02    -0.14466E-03     0.21724E-02     0.14489E+00     0.12134E-02     0.14541E-02
     0.11183E+01     0.15831E-02    -0.14488E-03     0.21563E-02     0.14491E+00     0.13577E-02     0.15958E-02
     0.11340E+01     0.15991E-02    -0.14505E-03     0.21397E-02     0.14492E+00     0.14982E-02     0.17300E-02
     0.11497E+01     0.16156E-02    -0.14519E-03     0.21227E-02     0.14494E+00     0.16343E-02     0.18576E-02
     0.11653E+01     0.16326E-02    -0.14530E-03     0.21054E-02     0.14496E+00     0.17656E-02     0.19784E-02
     0.11809E+01     0.16498E-02    -0.14539E-03     0.20878E-02     0.14497E+00     0.18920E-02     0.20912E-02
     0.11965E+01     0.16674E-02    -0.14547E-03     0.20700E-02     0.14499E+00     0.20135E-02     0.21949E-02
     0.12120E+01     0.16851E-02    -0.14554E-03     0.20520E-02     0.14501E+00     0.21304E-02     0.22892E-02
     0.12275E+01     0.17031E-02    -0.14561E-03     0.20340E-02     0.14503E+00     0.22429E-02     0.23754E-02
     0.12430E+01     0.17212E-02    -0.14566E-03     0.20158E-02     0.14504E+00     0.23506E-02     0.24554E-02
     0.12584E+01     0.17394E-02    -0.14568E-03     0.19976E-02     0.14506E+00     0.24534E-02     0.25312E-02
     0.12737E+01     0.17575E-02    -0.14568E-03     0.19794E-02     0.14508E+00     0.25510E-02     0.26042E-02
     0.12890E+01     0.17755E-02    -0.14566E-03     0.19613E-02     0.14510E+00     0.26433E-02     0.26737E-02
     0.13042E+01     0.17932E-02    -0.14565E-03     0.19433E-02     0.14512E+00     0.27309E-02     0.27383E-02
     0.13194E+01     0.18105E-02    -0.14565E-03     0.19256E-02     0.14513E+00     0.28143E-02     0.27967E-02
     0.13345E+01     0.18275E-02    -0.14564E-03     0.19082E-02     0.14515E+00     0.28945E-02     0.28479E-02
     0.13495E+01     0.18440E-02    -0.14563E-03     0.18912E-02     0.14517E+00     0.29720E-02     0.28909E-02
     0.13645E+01     0.18599E-02    -0.14565E-03     0.18748E-02     0.14518E+00     0.30472E-02     0.29252E-02
     0.13794E+01     0.18749E-02    -0.14573E-03     0.18591E-02     0.14520E+00     0.31196E-02     0.29524E-02
     0.13942E+01     0.18891E-02    -0.14589E-03     0.18443E-02     0.14521E+00     0.31895E-02     0.29761E-02
     0.14089E+01     0.19024E-02    -0.14614E-03     0.18304E-02     0.14523E+00     0.32574E-02     0.29996E-02
     0.14235E+01     0.19148E-02    -0.14646E-03     0.18175E-02     0.14524E+00     0.33238E-02     0.30232E-02
     0.14380E+01     0.19263E-02    -0.14685E-03     0.18056E-02     0.14525E+00     0.33886E-02     0.30453E-02
     0.14525E+01     0.19369E-02    -0.14733E-03     0.17946E-02     0.14526E+00     0.34517E-02     0.30645E-02
     0.14668E+01     0.19465E-02    -0.14787E-03     0.17845E-02     0.14527E+00     0.35130E-02     0.30809E-02
     0.14811E+01     0.19552E-02    -0.14846E-03     0.17755E-02     0.14528E+00     0.35724E-02     0.30962E-02
     0.14952E+01     0.19629E-02    -0.14912E-03     0.17674E-02     0.14529E+00     0.36301E-02     0.31113E-02
     0.15093E+01     0.19695E-02    -0.14986E-03     0.17604E-02     0.14529E+00     0.36862E-02     0.31255E-02
     0.15232E+01     0.19748E-02    -0.15069E-03     0.17546E-02     0.14530E+00     0.37410E-02     0.31375E-02
     0.15370E+01     0.19787E-02    -0.15164E-03     0.17501E-02     0.14530E+00     0.37942E-02     0.31462E-02
     0.15507E+01     0.19811E-02    -0.15274E-03     0.17470E-02     0.14531E+00     0.38459E-02     0.31516E-02
     0.15643E+01     0.19820E-02    -0.15402E-03     0.17453E-02     0.14531E+00     0.38963E-02     0.31555E-02
     0.15778E+01     0.19814E-02    -0.15544E-03     0.17450E-02     0.14531E+00     0.39467E-02     0.31606E-02
     0.15911E+01     0.19793E-02    -0.15699E-03     0.17462E-02     0.14531E+00     0.39980E-02     0.31692E-02
     0.16043E+01     0.19757E-02    -0.15866E-03     0.17488E-02     0.14530E+00     0.40504E-02     0.31818E-02
     0.16174E+01     0.19704E-02    -0.16048E-03     0.17529E-02     0.14530E+00     0.41037E-02     0.31963E-02
     0.16303E+01     0.19633E-02    -0.16246E-03     0.17586E-02     0.14529E+00     0.41577E-02     0.32100E-02
     0.16431E+01     0.19543E-02    -0.16461E-03     0.17660E-02     0.14529E+00     0.42123E-02     0.32213E-02
     0.16558E+01     0.19434E-02    -0.16692E-03     0.17751E-02     0.14528E+00     0.42676E-02     0.32308E-02
     0.16683E+01     0.19303E-02    -0.16940E-03     0.17861E-02     0.14526E+00     0.43241E-02     0.32401E-02
     0.16806E+01     0.19151E-02    -0.17210E-03     0.17991E-02     0.14525E+00     0.43822E-02     0.32497E-02
     0.16928E+01     0.18974E-02    -0.17505E-03     0.18144E-02     0.14523E+00     0.44419E-02     0.32592E-02
     0.17049E+01     0.18772E-02    -0.17828E-03     0.18321E-02     0.14522E+00     0.45034E-02     0.32679E-02
     0.17167E+01     0.18541E-02    -0.18184E-03     0.18524E-02     0.14519E+00     0.45669E-02     0.32749E-02
     0.17285E+01     0.18279E-02    -0.18577E-03     0.18755E-02     0.14517E+00     0.46325E-02     0.32804E-02
     0.17400E+01     0.17985E-02    -0.19007E-03     0.19015E-02     0.14514E+00     0.47002E-02     0.32849E-02
     0.17514E+01     0.17658E-02    -0.19475E-03     0.19304E-02     0.14511E+00     0.47694E-02     0.32878E-02
     0.17626E+01     0.17295E-02    -0.19980E-03     0.19625E-02     0.14508E+00     0.48391E-02     0.32885E-02
     0.17737E+01     0.16895E-02    -0.20527E-03     0.19978E-02     0.14504E+00     0.49089E-02     0.32856E-02
     0.17845E+01     0.16456E-02    -0.21119E-03     0.20365E-02     0.14500E+00     0.49783E-02     0.32784E-02
     0.17952E+01     0.15975E-02    -0.21768E-03     0.20788E-02     0.14496E+00     0.50474E-02     0.32669E-02
     0.18057E+01     0.15449E-02    -0.22480E-03     0.21248E-02     0.14491E+00     0.51169E-02     0.32526E-02
     0.18160E+01     0.14879E-02    -0.23258E-03     0.21746E-02     0.14486E+00     0.51863E-02     0.32375E-02
     0.18261E+01     0.14263E-02    -0.24107E-03     0.22281E-02     0.14481E+00     0.52547E-02     0.32228E-02
     0.18360E+01     0.13603E-02    -0.25033E-03     0.22853E-02     0.14475E+00     0.53202E-02     0.32085E-02
     0.18457E+01     0.12897E-02    -0.26044E-03     0.23460E-02     0.14469E+00     0.53805E-02     0.31929E-02
     0.18552E+01     0.12149E-02    -0.27148E-03     0.24101E-02     0.14462E+00     0.54329E-02     0.31732E-02
     0.18645E+01     0.11361E-02    -0.28349E-03     0.24771E-02     0.14455E+00     0.54736E-02     0.31459E-02
     0.18736E+01     0.10537E-02    -0.29654E-03     0.25466E-02     0.14448E+00     0.54985E-02     0.31076E-02
     0.18825E+01     0.96837E-03    -0.31065E-03     0.26180E-02     0.14441E+00     0.55023E-02     0.30550E-02
     0.18912E+01     0.88082E-03    -0.32587E-03     0.26904E-02     0.14434E+00     0.54791E-02     0.29853E-02
     0.18996E+01     0.79189E-03    -0.34226E-03     0.27630E-02     0.14427E+00     0.54222E-02     0.28959E-02
     0.19078E+01     0.70250E-03    -0.35988E-03     0.28349E-02     0.14420E+00     0.53243E-02     0.27845E-02
     0.19158E+01     0.61370E-03    -0.37883E-03     0.29048E-02     0.14413E+00     0.51777E-02     0.26487E-02
     0.19236E+01     0.52664E-03    -0.39924E-03     0.29716E-02     0.14406E+00     0.49747E-02     0.24866E-02
     0.19311E+01     0.44254E-03    -0.42130E-03     0.30337E-02     0.14400E+00     0.47082E-02     0.22972E-02
     0.19384E+01     0.36271E-03    -0.44530E-03     0.30897E-02     0.14395E+00     0.43727E-02     0.20810E-02
     0.19455E+01     0.28845E-03    -0.47173E-03     0.31376E-02     0.14391E+00     0.39659E-02     0.18403E-02
     0.19523E+01     0.22102E-03    -0.50136E-03     0.31754E-02     0.14388E+00     0.34911E-02     0.15800E-02
     0.19589E+01     0.16162E-03    -0.53548E-03     0.32006E-02     0.14386E+00     0.29589E-02     0.13080E-02
     0.19652E+01     0.11124E-03    -0.57618E-03     0.32099E-02     0.14386E+00     0.23892E-02     0.10350E-02
     0.19713E+01     0.70614E-04    -0.62686E-03     0.31993E-02     0.14388E+00     0.18116E-02     0.77442E-03
     0.19771E+01     0.40043E-04    -0.69291E-03     0.31628E-02     0.14393E+00     0.12634E-02     0.54037E-03
     0.19826E+01     0.19215E-04    -0.78278E-03     0.30924E-02     0.14402E+00     0.78345E-03     0.34493E-03
     0.19879E+01     0.70150E-05    -0.90902E-03     0.29770E-02     0.14416E+00     0.40452E-03     0.19474E-03
     0.19929E+01     0.14943E-05    -0.10897E-02     0.28058E-02     0.14437E+00     0.14650E-03     0.89530E-04
     0.19977E+01     0.51627E-07    -0.13464E-02     0.25653E-02     0.14467E+00     0.16414E-04     0.21992E-04
