     0.23093E-02     0.62486E-04    -0.82833E-02     0.28200E-05     0.00000E+00     0.00000E+00    -0.95240E-04     0.79806E-02     0.00000E+00
     0.70633E-02     0.56995E-03    -0.75969E-02     0.86872E-04     0.00000E+00     0.00000E+00     0.14514E-03     0.69523E-02     0.00000E+00
     0.12087E-01     0.16014E-02    -0.72501E-02     0.43693E-03     0.00000E+00     0.00000E+00     0.50759E-03     0.57498E-02     0.00000E+00
     0.17376E-01     0.31364E-02    -0.68124E-02     0.12379E-02     0.00000E+00     0.00000E+00     0.11802E-02     0.38354E-02     0.00000E+00
     0.22928E-01     0.50773E-02    -0.63451E-02     0.25660E-02     0.00000E+00     0.00000E+00     0.17697E-02     0.14655E-02     0.00000E+00
     0.28739E-01     0.72481E-02    -0.59532E-02     0.43166E-02     0.00000E+00     0.00000E+00     0.19051E-02    -0.77771E-03     0.00000E+00
     0.34807E-01     0.94369E-02    -0.57229E-02     0.62277E-02     0.00000E+00     0.00000E+00     0.14140E-02    -0.23842E-02     0.00000E+00
     0.41127E-01     0.11453E-01    -0.56615E-02     0.79875E-02     0.00000E+00     0.00000E+00     0.44106E-03    -0.31781E-02     0.00000E+00
     0.47696E-01     0.13164E-01    -0.57041E-02     0.93492E-02     0.00000E+00     0.00000E+00    -0.70276E-03    -0.32874E-02     0.00000E+00
     0.54512E-01     0.14509E-01    -0.57717E-02     0.10193E-01     0.00000E+00     0.00000E+00    -0.17245E-02    -0.29663E-02     0.00000E+00
     0.61570E-01     0.15483E-01    -0.58077E-02     0.10520E-01     0.00000E+00     0.00000E+00    -0.24538E-02    -0.24500E-02     0.00000E+00
     0.68868E-01     0.16119E-01    -0.57861E-02     0.10417E-01     0.00000E+00     0.00000E+00    -0.28464E-02    -0.18987E-02     0.00000E+00
     0.76401E-01     0.16466E-01    -0.57030E-02     0.99991E-02     0.00000E+00     0.00000E+00    -0.29407E-02    -0.14008E-02     0.00000E+00
     0.84168E-01     0.16582E-01    -0.55662E-02     0.93818E-02     0.00000E+00     0.00000E+00    -0.28112E-02    -0.99250E-03     0.00000E+00
     0.92164E-01     0.16518E-01    -0.53882E-02     0.86588E-02     0.00000E+00     0.00000E+00    -0.25396E-02    -0.67652E-03     0.00000E+00
     0.10039E+00     0.16319E-01    -0.51816E-02     0.78985E-02     0.00000E+00     0.00000E+00    -0.21959E-02    -0.43942E-03     0.00000E+00
     0.10883E+00     0.16024E-01    -0.49566E-02     0.71470E-02     0.00000E+00     0.00000E+00    -0.18298E-02    -0.26585E-03     0.00000E+00
     0.11749E+00     0.15663E-01    -0.47210E-02     0.64333E-02     0.00000E+00     0.00000E+00    -0.14736E-02    -0.14327E-03     0.00000E+00
     0.12637E+00     0.15260E-01    -0.44811E-02     0.57740E-02     0.00000E+00     0.00000E+00    -0.11469E-02    -0.59367E-04     0.00000E+00
     0.13547E+00     0.14831E-01    -0.42415E-02     0.51771E-02     0.00000E+00     0.00000E+00    -0.86212E-03    -0.20245E-05     0.00000E+00
     0.14477E+00     0.14392E-01    -0.40054E-02     0.46438E-02     0.00000E+00     0.00000E+00    -0.62161E-03     0.35543E-04     0.00000E+00
     0.15428E+00     0.13952E-01    -0.37750E-02     0.41716E-02     0.00000E+00     0.00000E+00    -0.42044E-03     0.55789E-04     0.00000E+00
     0.16399E+00     0.13517E-01    -0.35534E-02     0.37567E-02     0.00000E+00     0.00000E+00    -0.25701E-03     0.66095E-04     0.00000E+00
     0.17390E+00     0.13092E-01    -0.33424E-02     0.33945E-02     0.00000E+00     0.00000E+00    -0.12886E-03     0.72226E-04     0.00000E+00
     0.18401E+00     0.12679E-01    -0.31422E-02     0.30797E-02     0.00000E+00     0.00000E+00    -0.28124E-04     0.74543E-04     0.00000E+00
     0.19431E+00     0.12281E-01    -0.29533E-02     0.28071E-02     0.00000E+00     0.00000E+00     0.53296E-04     0.73776E-04     0.00000E+00
     0.20480E+00     0.11899E-01    -0.27763E-02     0.25704E-02     0.00000E+00     0.00000E+00     0.11602E-03     0.73385E-04     0.00000E+00
     0.21547E+00     0.11535E-01    -0.26110E-02     0.23635E-02     0.00000E+00     0.00000E+00     0.15737E-03     0.73389E-04     0.00000E+00
     0.22633E+00     0.11189E-01    -0.24562E-02     0.21815E-02     0.00000E+00     0.00000E+00     0.17946E-03     0.72066E-04     0.00000E+00
     0.23737E+00     0.10863E-01    -0.23101E-02     0.20210E-02     0.00000E+00     0.00000E+00     0.18939E-03     0.66220E-04     0.00000E+00
     0.24859E+00     0.10556E-01    -0.21725E-02     0.18788E-02     0.00000E+00     0.00000E+00     0.19416E-03     0.56193E-04     0.00000E+00
     0.25997E+00     0.10265E-01    -0.20455E-02     0.17541E-02     0.00000E+00     0.00000E+00     0.19398E-03     0.48025E-04     0.00000E+00
     0.27153E+00     0.99890E-02    -0.19290E-02     0.16452E-02     0.00000E+00     0.00000E+00     0.18870E-03     0.44152E-04     0.00000E+00
     0.28325E+00     0.97265E-02    -0.18198E-02     0.15495E-02     0.00000E+00     0.00000E+00     0.18164E-03     0.39875E-04     0.00000E+00
     0.29514E+00     0.94768E-02    -0.17181E-02     0.14640E-02     0.00000E+00     0.00000E+00     0.17606E-03     0.35630E-04     0.00000E+00
     0.30719E+00     0.92387E-02    -0.16224E-02     0.13858E-02     0.00000E+00     0.00000E+00     0.17532E-03     0.29933E-04     0.00000E+00
     0.31939E+00     0.90104E-02    -0.15327E-02     0.13127E-02     0.00000E+00     0.00000E+00     0.18031E-03     0.23454E-04     0.00000E+00
     0.33174E+00     0.87899E-02    -0.14502E-02     0.12433E-02     0.00000E+00     0.00000E+00     0.18630E-03     0.19732E-04     0.00000E+00
     0.34425E+00     0.85758E-02    -0.13744E-02     0.11775E-02     0.00000E+00     0.00000E+00     0.18903E-03     0.18244E-04     0.00000E+00
     0.35690E+00     0.83678E-02    -0.13044E-02     0.11159E-02     0.00000E+00     0.00000E+00     0.18836E-03     0.16698E-04     0.00000E+00
     0.36969E+00     0.81654E-02    -0.12393E-02     0.10590E-02     0.00000E+00     0.00000E+00     0.18487E-03     0.14952E-04     0.00000E+00
     0.38262E+00     0.79681E-02    -0.11785E-02     0.10064E-02     0.00000E+00     0.00000E+00     0.17788E-03     0.14414E-04     0.00000E+00
     0.39569E+00     0.77760E-02    -0.11211E-02     0.95763E-03     0.00000E+00     0.00000E+00     0.16764E-03     0.13525E-04     0.00000E+00
     0.40890E+00     0.75888E-02    -0.10665E-02     0.91206E-03     0.00000E+00     0.00000E+00     0.15884E-03     0.10567E-04     0.00000E+00
     0.42223E+00     0.74053E-02    -0.10154E-02     0.86903E-03     0.00000E+00     0.00000E+00     0.15360E-03     0.82264E-05     0.00000E+00
     0.43569E+00     0.72246E-02    -0.96826E-03     0.82827E-03     0.00000E+00     0.00000E+00     0.14873E-03     0.78446E-05     0.00000E+00
     0.44927E+00     0.70466E-02    -0.92393E-03     0.78915E-03     0.00000E+00     0.00000E+00     0.14262E-03     0.85211E-05     0.00000E+00
     0.46297E+00     0.68715E-02    -0.88125E-03     0.75091E-03     0.00000E+00     0.00000E+00     0.13788E-03     0.78165E-05     0.00000E+00
     0.47679E+00     0.66992E-02    -0.84025E-03     0.71355E-03     0.00000E+00     0.00000E+00     0.13715E-03     0.57202E-05     0.00000E+00
     0.49072E+00     0.65288E-02    -0.80120E-03     0.67736E-03     0.00000E+00     0.00000E+00     0.14107E-03     0.38626E-05     0.00000E+00
     0.50476E+00     0.63594E-02    -0.76422E-03     0.64234E-03     0.00000E+00     0.00000E+00     0.14845E-03     0.31103E-05     0.00000E+00
     0.51891E+00     0.61907E-02    -0.72932E-03     0.60814E-03     0.00000E+00     0.00000E+00     0.15511E-03     0.38839E-05     0.00000E+00
     0.53316E+00     0.60230E-02    -0.69606E-03     0.57459E-03     0.00000E+00     0.00000E+00     0.15902E-03     0.50516E-05     0.00000E+00
     0.54751E+00     0.58573E-02    -0.66403E-03     0.54174E-03     0.00000E+00     0.00000E+00     0.16180E-03     0.57243E-05     0.00000E+00
     0.56196E+00     0.56939E-02    -0.63341E-03     0.50964E-03     0.00000E+00     0.00000E+00     0.16532E-03     0.60898E-05     0.00000E+00
     0.57649E+00     0.55332E-02    -0.60449E-03     0.47849E-03     0.00000E+00     0.00000E+00     0.17054E-03     0.64585E-05     0.00000E+00
     0.59112E+00     0.53754E-02    -0.57692E-03     0.44853E-03     0.00000E+00     0.00000E+00     0.17672E-03     0.62988E-05     0.00000E+00
     0.60584E+00     0.52207E-02    -0.55087E-03     0.41984E-03     0.00000E+00     0.00000E+00     0.18184E-03     0.58683E-05     0.00000E+00
     0.62064E+00     0.50689E-02    -0.52678E-03     0.39240E-03     0.00000E+00     0.00000E+00     0.18433E-03     0.58520E-05     0.00000E+00
     0.63552E+00     0.49201E-02    -0.50450E-03     0.36614E-03     0.00000E+00     0.00000E+00     0.18272E-03     0.66252E-05     0.00000E+00
     0.65047E+00     0.47748E-02    -0.48329E-03     0.34072E-03     0.00000E+00     0.00000E+00     0.17900E-03     0.68613E-05     0.00000E+00
     0.66550E+00     0.46331E-02    -0.46306E-03     0.31577E-03     0.00000E+00     0.00000E+00     0.17789E-03     0.59464E-05     0.00000E+00
     0.68060E+00     0.44947E-02    -0.44402E-03     0.29131E-03     0.00000E+00     0.00000E+00     0.18014E-03     0.50903E-05     0.00000E+00
     0.69576E+00     0.43591E-02    -0.42614E-03     0.26760E-03     0.00000E+00     0.00000E+00     0.18458E-03     0.48571E-05     0.00000E+00
     0.71099E+00     0.42263E-02    -0.40945E-03     0.24475E-03     0.00000E+00     0.00000E+00     0.19020E-03     0.56946E-05     0.00000E+00
     0.72628E+00     0.40969E-02    -0.39384E-03     0.22279E-03     0.00000E+00     0.00000E+00     0.19683E-03     0.69501E-05     0.00000E+00
     0.74162E+00     0.39718E-02    -0.37900E-03     0.20163E-03     0.00000E+00     0.00000E+00     0.20547E-03     0.75685E-05     0.00000E+00
     0.75702E+00     0.38514E-02    -0.36503E-03     0.18106E-03     0.00000E+00     0.00000E+00     0.21476E-03     0.80899E-05     0.00000E+00
     0.77247E+00     0.37362E-02    -0.35184E-03     0.16093E-03     0.00000E+00     0.00000E+00     0.22370E-03     0.82106E-05     0.00000E+00
     0.78796E+00     0.36263E-02    -0.33941E-03     0.14133E-03     0.00000E+00     0.00000E+00     0.23252E-03     0.80600E-05     0.00000E+00
     0.80350E+00     0.35219E-02    -0.32790E-03     0.12252E-03     0.00000E+00     0.00000E+00     0.24002E-03     0.80715E-05     0.00000E+00
     0.81907E+00     0.34228E-02    -0.31728E-03     0.10480E-03     0.00000E+00     0.00000E+00     0.24528E-03     0.83177E-05     0.00000E+00
     0.83469E+00     0.33295E-02    -0.30746E-03     0.88316E-04     0.00000E+00     0.00000E+00     0.24851E-03     0.88056E-05     0.00000E+00
     0.85033E+00     0.32422E-02    -0.29856E-03     0.73107E-04     0.00000E+00     0.00000E+00     0.25036E-03     0.95880E-05     0.00000E+00
     0.86601E+00     0.31617E-02    -0.29057E-03     0.59231E-04     0.00000E+00     0.00000E+00     0.25177E-03     0.10446E-04     0.00000E+00
     0.88171E+00     0.30885E-02    -0.28346E-03     0.46730E-04     0.00000E+00     0.00000E+00     0.25255E-03     0.11544E-04     0.00000E+00
     0.89744E+00     0.30234E-02    -0.27718E-03     0.35622E-04     0.00000E+00     0.00000E+00     0.25267E-03     0.12438E-04     0.00000E+00
     0.91319E+00     0.29671E-02    -0.27160E-03     0.25948E-04     0.00000E+00     0.00000E+00     0.25397E-03     0.12485E-04     0.00000E+00
     0.92895E+00     0.29197E-02    -0.26678E-03     0.17740E-04     0.00000E+00     0.00000E+00     0.25690E-03     0.12162E-04     0.00000E+00
     0.94473E+00     0.28810E-02    -0.26292E-03     0.11016E-04     0.00000E+00     0.00000E+00     0.25981E-03     0.12260E-04     0.00000E+00
     0.96051E+00     0.28512E-02    -0.26012E-03     0.58237E-05     0.00000E+00     0.00000E+00     0.26167E-03     0.12732E-04     0.00000E+00
     0.97631E+00     0.28306E-02    -0.25825E-03     0.22335E-05     0.00000E+00     0.00000E+00     0.26245E-03     0.13331E-04     0.00000E+00
     0.99210E+00     0.28196E-02    -0.25717E-03     0.31823E-06     0.00000E+00     0.00000E+00     0.26229E-03     0.13960E-04     0.00000E+00
     0.10079E+01     0.28188E-02    -0.25675E-03     0.13025E-06     0.00000E+00     0.00000E+00     0.26198E-03     0.14144E-04     0.00000E+00
     0.10237E+01     0.28281E-02    -0.25701E-03     0.16906E-05     0.00000E+00     0.00000E+00     0.26209E-03     0.13656E-04     0.00000E+00
     0.10395E+01     0.28474E-02    -0.25820E-03     0.49916E-05     0.00000E+00     0.00000E+00     0.26216E-03     0.13131E-04     0.00000E+00
     0.10553E+01     0.28761E-02    -0.26046E-03     0.10000E-04     0.00000E+00     0.00000E+00     0.26120E-03     0.13123E-04     0.00000E+00
     0.10711E+01     0.29144E-02    -0.26373E-03     0.16664E-04     0.00000E+00     0.00000E+00     0.25913E-03     0.13279E-04     0.00000E+00
     0.10868E+01     0.29622E-02    -0.26791E-03     0.24901E-04     0.00000E+00     0.00000E+00     0.25688E-03     0.13135E-04     0.00000E+00
     0.11026E+01     0.30193E-02    -0.27275E-03     0.34646E-04     0.00000E+00     0.00000E+00     0.25475E-03     0.12220E-04     0.00000E+00
     0.11183E+01     0.30851E-02    -0.27822E-03     0.45870E-04     0.00000E+00     0.00000E+00     0.25149E-03     0.10766E-04     0.00000E+00
     0.11340E+01     0.31585E-02    -0.28466E-03     0.58529E-04     0.00000E+00     0.00000E+00     0.24641E-03     0.96667E-05     0.00000E+00
     0.11497E+01     0.32386E-02    -0.29208E-03     0.72560E-04     0.00000E+00     0.00000E+00     0.24013E-03     0.89574E-05     0.00000E+00
     0.11653E+01     0.33250E-02    -0.30055E-03     0.87934E-04     0.00000E+00     0.00000E+00     0.23315E-03     0.85437E-05     0.00000E+00
     0.11809E+01     0.34172E-02    -0.31027E-03     0.10460E-03     0.00000E+00     0.00000E+00     0.22619E-03     0.85347E-05     0.00000E+00
     0.11965E+01     0.35152E-02    -0.32110E-03     0.12241E-03     0.00000E+00     0.00000E+00     0.22038E-03     0.85408E-05     0.00000E+00
     0.12120E+01     0.36189E-02    -0.33278E-03     0.14115E-03     0.00000E+00     0.00000E+00     0.21606E-03     0.80856E-05     0.00000E+00
     0.12275E+01     0.37279E-02    -0.34512E-03     0.16064E-03     0.00000E+00     0.00000E+00     0.21286E-03     0.71937E-05     0.00000E+00
     0.12430E+01     0.38416E-02    -0.35813E-03     0.18083E-03     0.00000E+00     0.00000E+00     0.20904E-03     0.61638E-05     0.00000E+00
     0.12584E+01     0.39593E-02    -0.37232E-03     0.20187E-03     0.00000E+00     0.00000E+00     0.20368E-03     0.60299E-05     0.00000E+00
     0.12737E+01     0.40807E-02    -0.38756E-03     0.22386E-03     0.00000E+00     0.00000E+00     0.19831E-03     0.62762E-05     0.00000E+00
     0.12890E+01     0.42058E-02    -0.40340E-03     0.24681E-03     0.00000E+00     0.00000E+00     0.19285E-03     0.59806E-05     0.00000E+00
     0.13042E+01     0.43345E-02    -0.42010E-03     0.27070E-03     0.00000E+00     0.00000E+00     0.18528E-03     0.56372E-05     0.00000E+00
     0.13194E+01     0.44665E-02    -0.43821E-03     0.29550E-03     0.00000E+00     0.00000E+00     0.17518E-03     0.56848E-05     0.00000E+00
     0.13345E+01     0.46016E-02    -0.45809E-03     0.32102E-03     0.00000E+00     0.00000E+00     0.16490E-03     0.60654E-05     0.00000E+00
     0.13495E+01     0.47399E-02    -0.47928E-03     0.34681E-03     0.00000E+00     0.00000E+00     0.15706E-03     0.61396E-05     0.00000E+00
     0.13645E+01     0.48815E-02    -0.50081E-03     0.37251E-03     0.00000E+00     0.00000E+00     0.15059E-03     0.55132E-05     0.00000E+00
     0.13794E+01     0.50259E-02    -0.52313E-03     0.39835E-03     0.00000E+00     0.00000E+00     0.14362E-03     0.56833E-05     0.00000E+00
     0.13942E+01     0.51731E-02    -0.54701E-03     0.42502E-03     0.00000E+00     0.00000E+00     0.13865E-03     0.70102E-05     0.00000E+00
     0.14089E+01     0.53239E-02    -0.57231E-03     0.45290E-03     0.00000E+00     0.00000E+00     0.13795E-03     0.74335E-05     0.00000E+00
     0.14235E+01     0.54784E-02    -0.59879E-03     0.48153E-03     0.00000E+00     0.00000E+00     0.13873E-03     0.67409E-05     0.00000E+00
     0.14380E+01     0.56361E-02    -0.62628E-03     0.51054E-03     0.00000E+00     0.00000E+00     0.13961E-03     0.61252E-05     0.00000E+00
     0.14525E+01     0.57965E-02    -0.65490E-03     0.54016E-03     0.00000E+00     0.00000E+00     0.14222E-03     0.47187E-05     0.00000E+00
     0.14668E+01     0.59588E-02    -0.68570E-03     0.57065E-03     0.00000E+00     0.00000E+00     0.14492E-03     0.41641E-05     0.00000E+00
     0.14811E+01     0.61224E-02    -0.71905E-03     0.60235E-03     0.00000E+00     0.00000E+00     0.14827E-03     0.56956E-05     0.00000E+00
     0.14952E+01     0.62881E-02    -0.75469E-03     0.63563E-03     0.00000E+00     0.00000E+00     0.15433E-03     0.80691E-05     0.00000E+00
     0.15093E+01     0.64572E-02    -0.79241E-03     0.67035E-03     0.00000E+00     0.00000E+00     0.16094E-03     0.10694E-04     0.00000E+00
     0.15232E+01     0.66308E-02    -0.83212E-03     0.70596E-03     0.00000E+00     0.00000E+00     0.16778E-03     0.11911E-04     0.00000E+00
     0.15370E+01     0.68095E-02    -0.87307E-03     0.74218E-03     0.00000E+00     0.00000E+00     0.17467E-03     0.10261E-04     0.00000E+00
     0.15507E+01     0.69922E-02    -0.91583E-03     0.77974E-03     0.00000E+00     0.00000E+00     0.17689E-03     0.79205E-05     0.00000E+00
     0.15643E+01     0.71775E-02    -0.96232E-03     0.81980E-03     0.00000E+00     0.00000E+00     0.17341E-03     0.82678E-05     0.00000E+00
     0.15778E+01     0.73655E-02    -0.10131E-02     0.86285E-03     0.00000E+00     0.00000E+00     0.17060E-03     0.10643E-04     0.00000E+00
     0.15911E+01     0.75571E-02    -0.10671E-02     0.90842E-03     0.00000E+00     0.00000E+00     0.17248E-03     0.12174E-04     0.00000E+00
     0.16043E+01     0.77528E-02    -0.11237E-02     0.95596E-03     0.00000E+00     0.00000E+00     0.17629E-03     0.13402E-04     0.00000E+00
     0.16174E+01     0.79532E-02    -0.11830E-02     0.10059E-02     0.00000E+00     0.00000E+00     0.17776E-03     0.14961E-04     0.00000E+00
     0.16303E+01     0.81587E-02    -0.12455E-02     0.10592E-02     0.00000E+00     0.00000E+00     0.17716E-03     0.15962E-04     0.00000E+00
     0.16431E+01     0.83696E-02    -0.13120E-02     0.11167E-02     0.00000E+00     0.00000E+00     0.17681E-03     0.16318E-04     0.00000E+00
     0.16558E+01     0.85856E-02    -0.13830E-02     0.11785E-02     0.00000E+00     0.00000E+00     0.17889E-03     0.17229E-04     0.00000E+00
     0.16683E+01     0.88068E-02    -0.14587E-02     0.12448E-02     0.00000E+00     0.00000E+00     0.18313E-03     0.17963E-04     0.00000E+00
     0.16806E+01     0.90332E-02    -0.15402E-02     0.13166E-02     0.00000E+00     0.00000E+00     0.18590E-03     0.20131E-04     0.00000E+00
     0.16928E+01     0.92653E-02    -0.16292E-02     0.13949E-02     0.00000E+00     0.00000E+00     0.18732E-03     0.25067E-04     0.00000E+00
     0.17049E+01     0.95049E-02    -0.17256E-02     0.14803E-02     0.00000E+00     0.00000E+00     0.18795E-03     0.32051E-04     0.00000E+00
     0.17167E+01     0.97544E-02    -0.18292E-02     0.15736E-02     0.00000E+00     0.00000E+00     0.18854E-03     0.41018E-04     0.00000E+00
     0.17285E+01     0.10017E-01    -0.19386E-02     0.16756E-02     0.00000E+00     0.00000E+00     0.19267E-03     0.46906E-04     0.00000E+00
     0.17400E+01     0.10293E-01    -0.20537E-02     0.17866E-02     0.00000E+00     0.00000E+00     0.19806E-03     0.47569E-04     0.00000E+00
     0.17514E+01     0.10583E-01    -0.21765E-02     0.19087E-02     0.00000E+00     0.00000E+00     0.19791E-03     0.47055E-04     0.00000E+00
     0.17626E+01     0.10886E-01    -0.23079E-02     0.20452E-02     0.00000E+00     0.00000E+00     0.18876E-03     0.45509E-04     0.00000E+00
     0.17737E+01     0.11201E-01    -0.24503E-02     0.22005E-02     0.00000E+00     0.00000E+00     0.16422E-03     0.47970E-04     0.00000E+00
     0.17845E+01     0.11527E-01    -0.26073E-02     0.23797E-02     0.00000E+00     0.00000E+00     0.12027E-03     0.61037E-04     0.00000E+00
     0.17952E+01     0.11867E-01    -0.27778E-02     0.25871E-02     0.00000E+00     0.00000E+00     0.65641E-04     0.77288E-04     0.00000E+00
     0.18057E+01     0.12226E-01    -0.29584E-02     0.28258E-02     0.00000E+00     0.00000E+00     0.44626E-05     0.86099E-04     0.00000E+00
     0.18160E+01     0.12606E-01    -0.31480E-02     0.30991E-02     0.00000E+00     0.00000E+00    -0.72191E-04     0.86413E-04     0.00000E+00
     0.18261E+01     0.13003E-01    -0.33484E-02     0.34118E-02     0.00000E+00     0.00000E+00    -0.17130E-03     0.84720E-04     0.00000E+00
     0.18360E+01     0.13418E-01    -0.35599E-02     0.37691E-02     0.00000E+00     0.00000E+00    -0.29638E-03     0.82416E-04     0.00000E+00
     0.18457E+01     0.13847E-01    -0.37797E-02     0.41760E-02     0.00000E+00     0.00000E+00    -0.44979E-03     0.71868E-04     0.00000E+00
     0.18552E+01     0.14285E-01    -0.40048E-02     0.46375E-02     0.00000E+00     0.00000E+00    -0.63446E-03     0.46187E-04     0.00000E+00
     0.18645E+01     0.14727E-01    -0.42350E-02     0.51582E-02     0.00000E+00     0.00000E+00    -0.85631E-03     0.49728E-05     0.00000E+00
     0.18736E+01     0.15159E-01    -0.44679E-02     0.57408E-02     0.00000E+00     0.00000E+00    -0.11195E-02    -0.56946E-04     0.00000E+00
     0.18825E+01     0.15568E-01    -0.47004E-02     0.63846E-02     0.00000E+00     0.00000E+00    -0.14274E-02    -0.14525E-03     0.00000E+00
     0.18912E+01     0.15936E-01    -0.49288E-02     0.70838E-02     0.00000E+00     0.00000E+00    -0.17732E-02    -0.26784E-03     0.00000E+00
     0.18996E+01     0.16238E-01    -0.51466E-02     0.78238E-02     0.00000E+00     0.00000E+00    -0.21342E-02    -0.44000E-03     0.00000E+00
     0.19078E+01     0.16444E-01    -0.53460E-02     0.85773E-02     0.00000E+00     0.00000E+00    -0.24744E-02    -0.67841E-03     0.00000E+00
     0.19158E+01     0.16517E-01    -0.55185E-02     0.92990E-02     0.00000E+00     0.00000E+00    -0.27449E-02    -0.99579E-03     0.00000E+00
     0.19236E+01     0.16411E-01    -0.56534E-02     0.99204E-02     0.00000E+00     0.00000E+00    -0.28794E-02    -0.14000E-02     0.00000E+00
     0.19311E+01     0.16074E-01    -0.57384E-02     0.10348E-01     0.00000E+00     0.00000E+00    -0.27980E-02    -0.18883E-02     0.00000E+00
     0.19384E+01     0.15452E-01    -0.57638E-02     0.10466E-01     0.00000E+00     0.00000E+00    -0.24223E-02    -0.24321E-02     0.00000E+00
     0.19455E+01     0.14495E-01    -0.57316E-02     0.10157E-01     0.00000E+00     0.00000E+00    -0.17058E-02    -0.29520E-02     0.00000E+00
     0.19523E+01     0.13168E-01    -0.56672E-02     0.93334E-02     0.00000E+00     0.00000E+00    -0.68561E-03    -0.32918E-02     0.00000E+00
     0.19589E+01     0.11475E-01    -0.56287E-02     0.79902E-02     0.00000E+00     0.00000E+00     0.47064E-03    -0.32136E-02     0.00000E+00
     0.19652E+01     0.94731E-02    -0.56977E-02     0.62432E-02     0.00000E+00     0.00000E+00     0.14663E-02    -0.24536E-02     0.00000E+00
     0.19713E+01     0.72900E-02    -0.59432E-02     0.43366E-02     0.00000E+00     0.00000E+00     0.19781E-02    -0.86513E-03     0.00000E+00
     0.19771E+01     0.51158E-02    -0.63608E-02     0.25829E-02     0.00000E+00     0.00000E+00     0.18439E-02     0.13971E-02     0.00000E+00
     0.19826E+01     0.31647E-02    -0.68604E-02     0.12478E-02     0.00000E+00     0.00000E+00     0.12317E-02     0.38217E-02     0.00000E+00
     0.19879E+01     0.16174E-02    -0.73268E-02     0.44076E-03     0.00000E+00     0.00000E+00     0.52852E-03     0.58005E-02     0.00000E+00
     0.19929E+01     0.57609E-03    -0.76887E-02     0.87658E-04     0.00000E+00     0.00000E+00     0.15027E-03     0.70160E-02     0.00000E+00
     0.19977E+01     0.63186E-04    -0.83881E-02     0.28457E-05     0.00000E+00     0.00000E+00    -0.99454E-04     0.85231E-02     0.00000E+00
