     0.23093E-02     0.98402E-03     0.13610E+01     0.48312E-01     0.11582E+00     0.28628E-10     0.23164E+01     0.96624E+00     0.24112E-23     0.95080E-03     0.22653E-02     0.78779E-26     0.47540E-04     0.30645E+02     0.99555E+00     0.20000E+02     0.30333E+02
     0.70633E-02     0.23698E-02     0.65205E+00     0.11541E+00     0.14457E+00     0.28628E-10     0.28913E+01     0.23081E+01    -0.59272E-24     0.54697E-02     0.68105E-02    -0.33121E-25     0.27348E-03     0.30342E+02     0.98935E+00     0.20000E+02     0.30204E+02
     0.12087E-01     0.33293E-02     0.42939E+00     0.16123E+00     0.17198E+00     0.28628E-10     0.34396E+01     0.32247E+01     0.16404E-23     0.10736E-01     0.11384E-01     0.51106E-25     0.53679E-03     0.30139E+02     0.98517E+00     0.20000E+02     0.30082E+02
     0.17376E-01     0.41128E-02     0.43292E+00     0.19830E+00     0.20051E+00     0.28628E-10     0.40101E+01     0.39660E+01     0.19993E-23     0.16311E-01     0.16402E-01     0.84905E-26     0.81556E-03     0.29979E+02     0.98187E+00     0.20000E+02     0.29957E+02
     0.22928E-01     0.48383E-02     0.48297E+00     0.23235E+00     0.22984E+00     0.28628E-10     0.45967E+01     0.46470E+01    -0.67516E-24     0.22483E-01     0.22126E-01    -0.18260E-25     0.11242E-02     0.29837E+02     0.97892E+00     0.20000E+02     0.29830E+02
     0.28739E-01     0.55587E-02     0.54075E+00     0.26592E+00     0.26004E+00     0.28628E-10     0.52008E+01     0.53184E+01    -0.31727E-24     0.29563E-01     0.28770E-01    -0.60540E-25     0.14781E-02     0.29701E+02     0.97609E+00     0.20000E+02     0.29701E+02
     0.34807E-01     0.62960E-02     0.60292E+00     0.30002E+00     0.29116E+00     0.28628E-10     0.58233E+01     0.60005E+01    -0.62429E-24     0.37778E-01     0.36495E-01     0.57188E-25     0.18889E-02     0.29565E+02     0.97325E+00     0.20000E+02     0.29569E+02
     0.41127E-01     0.70586E-02     0.66946E+00     0.33504E+00     0.32326E+00     0.28628E-10     0.64653E+01     0.67008E+01    -0.35669E-24     0.47297E-01     0.45435E-01     0.44369E-25     0.23648E-02     0.29428E+02     0.97037E+00     0.20000E+02     0.29435E+02
     0.47696E-01     0.78491E-02     0.73956E+00     0.37106E+00     0.35635E+00     0.28628E-10     0.71271E+01     0.74212E+01    -0.19073E-23     0.58248E-01     0.55702E-01     0.86531E-25     0.29124E-02     0.29288E+02     0.96742E+00     0.20000E+02     0.29297E+02
     0.54512E-01     0.86674E-02     0.81192E+00     0.40805E+00     0.39041E+00     0.28628E-10     0.78082E+01     0.81611E+01     0.15020E-23     0.70732E-01     0.67396E-01     0.63920E-25     0.35366E-02     0.29146E+02     0.96440E+00     0.20000E+02     0.29157E+02
     0.61570E-01     0.95119E-02     0.88492E+00     0.44592E+00     0.42537E+00     0.28628E-10     0.85074E+01     0.89185E+01     0.16003E-23     0.84828E-01     0.80595E-01     0.43904E-25     0.42414E-02     0.29000E+02     0.96131E+00     0.20000E+02     0.29013E+02
     0.68868E-01     0.10380E-01     0.95703E+00     0.48454E+00     0.46115E+00     0.28628E-10     0.92230E+01     0.96908E+01     0.44661E-24     0.10059E+00     0.95364E-01    -0.33743E-25     0.50295E-02     0.28851E+02     0.95813E+00     0.20000E+02     0.28865E+02
     0.76401E-01     0.11270E-01     0.10269E+01     0.52376E+00     0.49764E+00     0.28628E-10     0.99528E+01     0.10475E+02     0.25902E-23     0.11805E+00     0.11174E+00    -0.41050E-25     0.59024E-02     0.28699E+02     0.95488E+00     0.20000E+02     0.28715E+02
     0.84168E-01     0.12178E-01     0.10933E+01     0.56341E+00     0.53472E+00     0.28628E-10     0.10694E+02     0.11268E+02    -0.13584E-23     0.13721E+00     0.12976E+00    -0.13159E-24     0.68607E-02     0.28545E+02     0.95156E+00     0.20000E+02     0.28562E+02
     0.92164E-01     0.13101E-01     0.11553E+01     0.60335E+00     0.57226E+00     0.28628E-10     0.11445E+02     0.12067E+02     0.78755E-24     0.15808E+00     0.14942E+00     0.12518E-25     0.79038E-02     0.28388E+02     0.94816E+00     0.20000E+02     0.28406E+02
     0.10039E+00     0.14036E-01     0.12123E+01     0.64342E+00     0.61014E+00     0.28628E-10     0.12203E+02     0.12868E+02    -0.34481E-23     0.18061E+00     0.17070E+00    -0.46698E-25     0.90303E-02     0.28228E+02     0.94470E+00     0.20000E+02     0.28247E+02
     0.10883E+00     0.14981E-01     0.12642E+01     0.68348E+00     0.64824E+00     0.28628E-10     0.12965E+02     0.13670E+02    -0.16432E-23     0.20476E+00     0.19360E+00     0.18167E-25     0.10238E-01     0.28067E+02     0.94118E+00     0.20000E+02     0.28086E+02
     0.11749E+00     0.15932E-01     0.13106E+01     0.72343E+00     0.68644E+00     0.28628E-10     0.13729E+02     0.14469E+02    -0.91783E-24     0.23049E+00     0.21806E+00     0.97603E-25     0.11525E-01     0.27904E+02     0.93760E+00     0.20000E+02     0.27923E+02
     0.12637E+00     0.16889E-01     0.13515E+01     0.76316E+00     0.72464E+00     0.28628E-10     0.14493E+02     0.15263E+02    -0.18641E-23     0.25774E+00     0.24405E+00     0.91782E-25     0.12887E-01     0.27738E+02     0.93397E+00     0.20000E+02     0.27758E+02
     0.13547E+00     0.17848E-01     0.13873E+01     0.80258E+00     0.76273E+00     0.28628E-10     0.15255E+02     0.16052E+02     0.47024E-24     0.28645E+00     0.27151E+00    -0.19279E-25     0.14323E-01     0.27572E+02     0.93029E+00     0.20000E+02     0.27591E+02
     0.14477E+00     0.18810E-01     0.14184E+01     0.84162E+00     0.80063E+00     0.28628E-10     0.16013E+02     0.16832E+02    -0.28395E-23     0.31656E+00     0.30039E+00    -0.39595E-25     0.15828E-01     0.27404E+02     0.92655E+00     0.20000E+02     0.27423E+02
     0.15428E+00     0.19771E-01     0.14453E+01     0.88022E+00     0.83826E+00     0.28628E-10     0.16765E+02     0.17604E+02     0.23587E-23     0.34799E+00     0.33063E+00     0.22415E-25     0.17400E-01     0.27234E+02     0.92277E+00     0.20000E+02     0.27253E+02
     0.16399E+00     0.20731E-01     0.14681E+01     0.91831E+00     0.87556E+00     0.28628E-10     0.17511E+02     0.18366E+02     0.20177E-23     0.38067E+00     0.36215E+00    -0.35199E-25     0.19034E-01     0.27064E+02     0.91895E+00     0.20000E+02     0.27083E+02
     0.17390E+00     0.21689E-01     0.14872E+01     0.95585E+00     0.91245E+00     0.28628E-10     0.18249E+02     0.19117E+02     0.84899E-24     0.41453E+00     0.39489E+00    -0.18021E-25     0.20727E-01     0.26892E+02     0.91508E+00     0.20000E+02     0.26911E+02
     0.18401E+00     0.22643E-01     0.15030E+01     0.99280E+00     0.94889E+00     0.28628E-10     0.18978E+02     0.19856E+02    -0.30292E-26     0.44950E+00     0.42878E+00    -0.98347E-26     0.22475E-01     0.26720E+02     0.91117E+00     0.20000E+02     0.26737E+02
     0.19431E+00     0.23594E-01     0.15159E+01     0.10291E+01     0.98482E+00     0.28628E-10     0.19696E+02     0.20583E+02     0.12479E-23     0.48551E+00     0.46375E+00     0.60143E-26     0.24276E-01     0.26547E+02     0.90722E+00     0.20000E+02     0.26564E+02
     0.20480E+00     0.24541E-01     0.15263E+01     0.10648E+01     0.10202E+01     0.28628E-10     0.20404E+02     0.21296E+02     0.11737E-23     0.52249E+00     0.49973E+00    -0.83304E-26     0.26124E-01     0.26372E+02     0.90324E+00     0.20000E+02     0.26389E+02
     0.21547E+00     0.25482E-01     0.15343E+01     0.10998E+01     0.10550E+01     0.28628E-10     0.21101E+02     0.21997E+02     0.24914E-23     0.56036E+00     0.53664E+00    -0.45770E-26     0.28018E-01     0.26198E+02     0.89921E+00     0.20000E+02     0.26213E+02
     0.22633E+00     0.26417E-01     0.15398E+01     0.11342E+01     0.10892E+01     0.28628E-10     0.21785E+02     0.22683E+02     0.15199E-23     0.59904E+00     0.57443E+00     0.37905E-25     0.29952E-01     0.26022E+02     0.89515E+00     0.20000E+02     0.26037E+02
     0.23737E+00     0.27347E-01     0.15431E+01     0.11678E+01     0.11228E+01     0.28628E-10     0.22457E+02     0.23356E+02     0.64028E-24     0.63849E+00     0.61302E+00     0.73124E-25     0.31925E-01     0.25846E+02     0.89105E+00     0.20000E+02     0.25860E+02
     0.24859E+00     0.28270E-01     0.15443E+01     0.12007E+01     0.11558E+01     0.28628E-10     0.23116E+02     0.24014E+02    -0.82370E-24     0.67864E+00     0.65235E+00     0.54315E-25     0.33932E-01     0.25669E+02     0.88692E+00     0.20000E+02     0.25682E+02
     0.25997E+00     0.29187E-01     0.15438E+01     0.12329E+01     0.11881E+01     0.28628E-10     0.23761E+02     0.24658E+02    -0.15136E-24     0.71943E+00     0.69236E+00    -0.42420E-25     0.35971E-01     0.25491E+02     0.88275E+00     0.20000E+02     0.25504E+02
     0.27153E+00     0.30098E-01     0.15421E+01     0.12644E+01     0.12197E+01     0.28628E-10     0.24394E+02     0.25288E+02    -0.21736E-23     0.76080E+00     0.73300E+00     0.60627E-25     0.38040E-01     0.25313E+02     0.87854E+00     0.20000E+02     0.25325E+02
     0.28325E+00     0.31002E-01     0.15397E+01     0.12952E+01     0.12507E+01     0.28628E-10     0.25013E+02     0.25903E+02    -0.69379E-24     0.80272E+00     0.77422E+00    -0.66507E-25     0.40136E-01     0.25135E+02     0.87429E+00     0.20000E+02     0.25146E+02
     0.29514E+00     0.31900E-01     0.15362E+01     0.13252E+01     0.12809E+01     0.28628E-10     0.25619E+02     0.26505E+02    -0.41581E-24     0.84513E+00     0.81596E+00    -0.17623E-26     0.42256E-01     0.24955E+02     0.87001E+00     0.20000E+02     0.24966E+02
     0.30719E+00     0.32792E-01     0.15320E+01     0.13546E+01     0.13105E+01     0.28628E-10     0.26211E+02     0.27092E+02    -0.23982E-23     0.88798E+00     0.85818E+00    -0.68165E-25     0.44399E-01     0.24776E+02     0.86569E+00     0.20000E+02     0.24786E+02
     0.31939E+00     0.33677E-01     0.15277E+01     0.13833E+01     0.13395E+01     0.28628E-10     0.26789E+02     0.27666E+02     0.11713E-23     0.93123E+00     0.90082E+00     0.55640E-25     0.46561E-01     0.24595E+02     0.86134E+00     0.20000E+02     0.24605E+02
     0.33174E+00     0.34556E-01     0.15232E+01     0.14113E+01     0.13677E+01     0.28628E-10     0.27354E+02     0.28225E+02    -0.11486E-23     0.97483E+00     0.94384E+00    -0.11009E-25     0.48741E-01     0.24415E+02     0.85695E+00     0.20000E+02     0.24424E+02
     0.34425E+00     0.35429E-01     0.15181E+01     0.14385E+01     0.13953E+01     0.28628E-10     0.27906E+02     0.28771E+02    -0.81395E-24     0.10187E+01     0.98720E+00    -0.11309E-25     0.50937E-01     0.24233E+02     0.85252E+00     0.20000E+02     0.24242E+02
     0.35690E+00     0.36295E-01     0.15124E+01     0.14651E+01     0.14222E+01     0.28628E-10     0.28444E+02     0.29303E+02    -0.49477E-26     0.10629E+01     0.10309E+01    -0.45375E-25     0.53146E-01     0.24052E+02     0.84806E+00     0.20000E+02     0.24059E+02
     0.36969E+00     0.37156E-01     0.15061E+01     0.14911E+01     0.14484E+01     0.28628E-10     0.28968E+02     0.29821E+02     0.28731E-23     0.11074E+01     0.10748E+01    -0.61436E-26     0.55368E-01     0.23869E+02     0.84355E+00     0.20000E+02     0.23877E+02
     0.38262E+00     0.38012E-01     0.14996E+01     0.15163E+01     0.14740E+01     0.28628E-10     0.29480E+02     0.30327E+02     0.12165E-23     0.11520E+01     0.11190E+01     0.67003E-25     0.57602E-01     0.23687E+02     0.83901E+00     0.20000E+02     0.23693E+02
     0.39569E+00     0.38862E-01     0.14931E+01     0.15410E+01     0.14989E+01     0.28628E-10     0.29978E+02     0.30819E+02    -0.88696E-24     0.11969E+01     0.11633E+01     0.59575E-26     0.59844E-01     0.23503E+02     0.83442E+00     0.20000E+02     0.23510E+02
     0.40890E+00     0.39706E-01     0.14863E+01     0.15649E+01     0.15232E+01     0.28628E-10     0.30464E+02     0.31298E+02    -0.14110E-23     0.12419E+01     0.12078E+01     0.33296E-25     0.62093E-01     0.23320E+02     0.82980E+00     0.20000E+02     0.23325E+02
     0.42223E+00     0.40545E-01     0.14790E+01     0.15882E+01     0.15468E+01     0.28628E-10     0.30936E+02     0.31764E+02    -0.13385E-23     0.12869E+01     0.12525E+01    -0.10106E-24     0.64347E-01     0.23135E+02     0.82513E+00     0.20000E+02     0.23141E+02
     0.43569E+00     0.41379E-01     0.14713E+01     0.16109E+01     0.15698E+01     0.28628E-10     0.31396E+02     0.32217E+02    -0.16479E-24     0.13321E+01     0.12972E+01    -0.39778E-25     0.66604E-01     0.22950E+02     0.82043E+00     0.20000E+02     0.22955E+02
     0.44927E+00     0.42208E-01     0.14636E+01     0.16329E+01     0.15922E+01     0.28628E-10     0.31843E+02     0.32658E+02     0.90695E-24     0.13773E+01     0.13421E+01     0.46101E-25     0.68865E-01     0.22765E+02     0.81567E+00     0.20000E+02     0.22770E+02
     0.46297E+00     0.43033E-01     0.14559E+01     0.16543E+01     0.16139E+01     0.28628E-10     0.32279E+02     0.33087E+02     0.17660E-24     0.14226E+01     0.13870E+01     0.12230E-25     0.71131E-01     0.22579E+02     0.81088E+00     0.20000E+02     0.22583E+02
     0.47679E+00     0.43855E-01     0.14484E+01     0.16752E+01     0.16351E+01     0.28628E-10     0.32703E+02     0.33504E+02     0.10760E-23     0.14680E+01     0.14320E+01     0.44239E-25     0.73401E-01     0.22392E+02     0.80604E+00     0.20000E+02     0.22396E+02
     0.49072E+00     0.44674E-01     0.14412E+01     0.16955E+01     0.16558E+01     0.28628E-10     0.33115E+02     0.33910E+02    -0.22852E-23     0.15135E+01     0.14772E+01    -0.12669E-25     0.75675E-01     0.22205E+02     0.80116E+00     0.20000E+02     0.22209E+02
     0.50476E+00     0.45490E-01     0.14345E+01     0.17153E+01     0.16758E+01     0.28628E-10     0.33517E+02     0.34305E+02     0.14588E-23     0.15591E+01     0.15224E+01    -0.62178E-25     0.77953E-01     0.22017E+02     0.79622E+00     0.20000E+02     0.22021E+02
     0.51891E+00     0.46305E-01     0.14282E+01     0.17345E+01     0.16954E+01     0.28628E-10     0.33908E+02     0.34690E+02    -0.14132E-23     0.16048E+01     0.15677E+01    -0.50803E-26     0.80238E-01     0.21829E+02     0.79125E+00     0.20000E+02     0.21832E+02
     0.53316E+00     0.47120E-01     0.14220E+01     0.17533E+01     0.17145E+01     0.28628E-10     0.34290E+02     0.35066E+02    -0.41420E-24     0.16506E+01     0.16132E+01    -0.43154E-25     0.82531E-01     0.21640E+02     0.78622E+00     0.20000E+02     0.21643E+02
     0.54751E+00     0.47935E-01     0.14160E+01     0.17717E+01     0.17331E+01     0.28628E-10     0.34662E+02     0.35433E+02     0.83607E-25     0.16967E+01     0.16589E+01    -0.43148E-25     0.84834E-01     0.21451E+02     0.78114E+00     0.20000E+02     0.21454E+02
     0.56196E+00     0.48752E-01     0.14102E+01     0.17896E+01     0.17512E+01     0.28628E-10     0.35025E+02     0.35791E+02     0.51901E-24     0.17430E+01     0.17047E+01    -0.31690E-25     0.87148E-01     0.21261E+02     0.77602E+00     0.20000E+02     0.21263E+02
     0.57649E+00     0.49569E-01     0.14048E+01     0.18071E+01     0.17689E+01     0.28628E-10     0.35378E+02     0.36141E+02     0.19125E-23     0.17894E+01     0.17508E+01    -0.21867E-26     0.89471E-01     0.21070E+02     0.77084E+00     0.20000E+02     0.21073E+02
     0.59112E+00     0.50387E-01     0.13999E+01     0.18241E+01     0.17861E+01     0.28628E-10     0.35722E+02     0.36482E+02     0.30316E-23     0.18360E+01     0.17969E+01     0.72951E-25     0.91801E-01     0.20879E+02     0.76561E+00     0.20000E+02     0.20881E+02
     0.60584E+00     0.51205E-01     0.13955E+01     0.18407E+01     0.18028E+01     0.28628E-10     0.36057E+02     0.36814E+02     0.19274E-23     0.18827E+01     0.18431E+01     0.10930E-25     0.94135E-01     0.20688E+02     0.76033E+00     0.20000E+02     0.20690E+02
     0.62064E+00     0.52023E-01     0.13912E+01     0.18568E+01     0.18190E+01     0.28628E-10     0.36381E+02     0.37135E+02     0.61009E-24     0.19294E+01     0.18893E+01    -0.52658E-25     0.96470E-01     0.20495E+02     0.75500E+00     0.20000E+02     0.20497E+02
     0.63552E+00     0.52840E-01     0.13865E+01     0.18723E+01     0.18347E+01     0.28628E-10     0.36694E+02     0.37446E+02    -0.73550E-24     0.19760E+01     0.19355E+01    -0.10665E-25     0.98802E-01     0.20303E+02     0.74962E+00     0.20000E+02     0.20305E+02
     0.65047E+00     0.53655E-01     0.13819E+01     0.18873E+01     0.18498E+01     0.28628E-10     0.36996E+02     0.37746E+02     0.11349E-23     0.20225E+01     0.19814E+01    -0.20334E-25     0.10113E+00     0.20110E+02     0.74418E+00     0.20000E+02     0.20111E+02
     0.66550E+00     0.54469E-01     0.13776E+01     0.19018E+01     0.18643E+01     0.28628E-10     0.37287E+02     0.38035E+02     0.11210E-23     0.20688E+01     0.20272E+01     0.29150E-25     0.10344E+00     0.19916E+02     0.73869E+00     0.20000E+02     0.19917E+02
     0.68060E+00     0.55280E-01     0.13737E+01     0.19156E+01     0.18783E+01     0.28628E-10     0.37565E+02     0.38312E+02     0.78073E-24     0.21148E+01     0.20726E+01    -0.22088E-26     0.10574E+00     0.19722E+02     0.73315E+00     0.20000E+02     0.19723E+02
     0.69576E+00     0.56086E-01     0.13702E+01     0.19289E+01     0.18916E+01     0.28628E-10     0.37831E+02     0.38577E+02     0.22901E-24     0.21604E+01     0.21177E+01     0.56350E-25     0.10802E+00     0.19527E+02     0.72755E+00     0.20000E+02     0.19529E+02
     0.71099E+00     0.56887E-01     0.13673E+01     0.19415E+01     0.19042E+01     0.28628E-10     0.38084E+02     0.38829E+02     0.25647E-25     0.22054E+01     0.21622E+01    -0.10804E-25     0.11027E+00     0.19332E+02     0.72189E+00     0.20000E+02     0.19333E+02
     0.72628E+00     0.57681E-01     0.13648E+01     0.19533E+01     0.19161E+01     0.28628E-10     0.38323E+02     0.39067E+02    -0.17287E-23     0.22498E+01     0.22060E+01     0.24436E-25     0.11249E+00     0.19137E+02     0.71619E+00     0.20000E+02     0.19138E+02
     0.74162E+00     0.58466E-01     0.13629E+01     0.19645E+01     0.19273E+01     0.28628E-10     0.38547E+02     0.39290E+02    -0.17670E-24     0.22934E+01     0.22490E+01    -0.15960E-25     0.11467E+00     0.18941E+02     0.71043E+00     0.20000E+02     0.18942E+02
     0.75702E+00     0.59242E-01     0.13616E+01     0.19749E+01     0.19378E+01     0.28628E-10     0.38756E+02     0.39499E+02    -0.83485E-24     0.23360E+01     0.22911E+01     0.70556E-26     0.11680E+00     0.18745E+02     0.70461E+00     0.20000E+02     0.18746E+02
     0.77247E+00     0.60007E-01     0.13607E+01     0.19846E+01     0.19475E+01     0.28628E-10     0.38950E+02     0.39692E+02    -0.54122E-24     0.23777E+01     0.23322E+01    -0.26184E-25     0.11888E+00     0.18549E+02     0.69874E+00     0.20000E+02     0.18550E+02
     0.78796E+00     0.60760E-01     0.13599E+01     0.19935E+01     0.19564E+01     0.28628E-10     0.39128E+02     0.39870E+02    -0.16649E-23     0.24182E+01     0.23721E+01    -0.10272E-24     0.12091E+00     0.18352E+02     0.69282E+00     0.20000E+02     0.18353E+02
     0.80350E+00     0.61501E-01     0.13595E+01     0.20016E+01     0.19644E+01     0.28628E-10     0.39289E+02     0.40032E+02    -0.11380E-23     0.24575E+01     0.24108E+01    -0.41772E-25     0.12288E+00     0.18155E+02     0.68684E+00     0.20000E+02     0.18157E+02
     0.81907E+00     0.62228E-01     0.13593E+01     0.20088E+01     0.19716E+01     0.28628E-10     0.39433E+02     0.40177E+02    -0.39865E-24     0.24954E+01     0.24481E+01    -0.58716E-25     0.12477E+00     0.17958E+02     0.68082E+00     0.20000E+02     0.17960E+02
     0.83469E+00     0.62939E-01     0.13594E+01     0.20152E+01     0.19780E+01     0.28628E-10     0.39559E+02     0.40304E+02    -0.17481E-23     0.25318E+01     0.24839E+01    -0.35227E-25     0.12659E+00     0.17761E+02     0.67473E+00     0.20000E+02     0.17763E+02
     0.85033E+00     0.63633E-01     0.13601E+01     0.20207E+01     0.19833E+01     0.28628E-10     0.39667E+02     0.40413E+02    -0.15663E-23     0.25666E+01     0.25181E+01    -0.45287E-25     0.12833E+00     0.17564E+02     0.66860E+00     0.20000E+02     0.17566E+02
     0.86601E+00     0.64308E-01     0.13615E+01     0.20252E+01     0.19878E+01     0.28628E-10     0.39756E+02     0.40504E+02    -0.45762E-24     0.25995E+01     0.25503E+01     0.70701E-25     0.12998E+00     0.17367E+02     0.66242E+00     0.20000E+02     0.17369E+02
     0.88171E+00     0.64961E-01     0.13635E+01     0.20287E+01     0.19912E+01     0.28628E-10     0.39824E+02     0.40575E+02     0.40592E-25     0.26304E+01     0.25806E+01    -0.24171E-25     0.13152E+00     0.17171E+02     0.65619E+00     0.20000E+02     0.17172E+02
     0.89744E+00     0.65590E-01     0.13659E+01     0.20312E+01     0.19936E+01     0.28628E-10     0.39872E+02     0.40625E+02     0.99540E-24     0.26591E+01     0.26086E+01     0.13417E-25     0.13295E+00     0.16974E+02     0.64992E+00     0.20000E+02     0.16976E+02
     0.91319E+00     0.66192E-01     0.13686E+01     0.20327E+01     0.19950E+01     0.28628E-10     0.39899E+02     0.40653E+02     0.17228E-23     0.26853E+01     0.26342E+01     0.28096E-25     0.13426E+00     0.16778E+02     0.64361E+00     0.20000E+02     0.16780E+02
     0.92895E+00     0.66765E-01     0.13712E+01     0.20330E+01     0.19952E+01     0.28628E-10     0.39904E+02     0.40659E+02     0.12953E-23     0.27088E+01     0.26572E+01    -0.74752E-25     0.13544E+00     0.16582E+02     0.63726E+00     0.20000E+02     0.16584E+02
     0.94473E+00     0.67307E-01     0.13738E+01     0.20321E+01     0.19943E+01     0.28628E-10     0.39886E+02     0.40643E+02    -0.94714E-24     0.27296E+01     0.26775E+01     0.32059E-26     0.13648E+00     0.16387E+02     0.63087E+00     0.20000E+02     0.16389E+02
     0.96051E+00     0.67819E-01     0.13767E+01     0.20302E+01     0.19923E+01     0.28628E-10     0.39846E+02     0.40604E+02     0.15358E-23     0.27477E+01     0.26950E+01    -0.15645E-25     0.13738E+00     0.16192E+02     0.62445E+00     0.20000E+02     0.16195E+02
     0.97631E+00     0.68299E-01     0.13798E+01     0.20272E+01     0.19892E+01     0.28628E-10     0.39784E+02     0.40544E+02     0.48124E-24     0.27629E+01     0.27098E+01     0.20119E-25     0.13815E+00     0.15998E+02     0.61799E+00     0.20000E+02     0.16001E+02
     0.99210E+00     0.68748E-01     0.13832E+01     0.20231E+01     0.19850E+01     0.28628E-10     0.39701E+02     0.40461E+02    -0.32069E-24     0.27754E+01     0.27218E+01    -0.76236E-26     0.13877E+00     0.15805E+02     0.61151E+00     0.20000E+02     0.15808E+02
     0.10079E+01     0.69165E-01     0.13869E+01     0.20178E+01     0.19797E+01     0.28628E-10     0.39595E+02     0.40357E+02     0.97289E-24     0.27850E+01     0.27309E+01     0.47351E-25     0.13925E+00     0.15613E+02     0.60500E+00     0.20000E+02     0.15616E+02
     0.10237E+01     0.69550E-01     0.13910E+01     0.20116E+01     0.19734E+01     0.28628E-10     0.39467E+02     0.40231E+02     0.15954E-24     0.27916E+01     0.27372E+01    -0.19349E-25     0.13958E+00     0.15422E+02     0.59846E+00     0.20000E+02     0.15425E+02
     0.10395E+01     0.69901E-01     0.13959E+01     0.20042E+01     0.19659E+01     0.28628E-10     0.39319E+02     0.40084E+02    -0.16762E-24     0.27954E+01     0.27405E+01     0.11006E-25     0.13977E+00     0.15232E+02     0.59190E+00     0.20000E+02     0.15235E+02
     0.10553E+01     0.70219E-01     0.14015E+01     0.19958E+01     0.19574E+01     0.28628E-10     0.39148E+02     0.39915E+02     0.33897E-24     0.27962E+01     0.27409E+01    -0.33195E-25     0.13981E+00     0.15043E+02     0.58533E+00     0.20000E+02     0.15046E+02
     0.10711E+01     0.70502E-01     0.14070E+01     0.19863E+01     0.19479E+01     0.28628E-10     0.38957E+02     0.39725E+02    -0.66088E-24     0.27941E+01     0.27384E+01    -0.30292E-25     0.13971E+00     0.14855E+02     0.57874E+00     0.20000E+02     0.14859E+02
     0.10868E+01     0.70750E-01     0.14123E+01     0.19757E+01     0.19373E+01     0.28628E-10     0.38745E+02     0.39515E+02     0.50568E-24     0.27890E+01     0.27331E+01    -0.27137E-26     0.13945E+00     0.14669E+02     0.57215E+00     0.20000E+02     0.14673E+02
     0.11026E+01     0.70963E-01     0.14177E+01     0.19642E+01     0.19257E+01     0.28628E-10     0.38513E+02     0.39284E+02     0.49861E-24     0.27811E+01     0.27248E+01    -0.49225E-26     0.13905E+00     0.14484E+02     0.56555E+00     0.20000E+02     0.14488E+02
     0.11183E+01     0.71143E-01     0.14237E+01     0.19517E+01     0.19131E+01     0.28628E-10     0.38262E+02     0.39034E+02     0.15305E-23     0.27703E+01     0.27138E+01     0.27427E-25     0.13852E+00     0.14301E+02     0.55895E+00     0.20000E+02     0.14305E+02
     0.11340E+01     0.71288E-01     0.14305E+01     0.19383E+01     0.18996E+01     0.28628E-10     0.37992E+02     0.38766E+02    -0.71439E-24     0.27569E+01     0.27001E+01     0.40390E-26     0.13784E+00     0.14119E+02     0.55234E+00     0.20000E+02     0.14124E+02
     0.11497E+01     0.71399E-01     0.14375E+01     0.19240E+01     0.18853E+01     0.28628E-10     0.37705E+02     0.38480E+02    -0.10259E-23     0.27407E+01     0.26837E+01    -0.32526E-25     0.13704E+00     0.13940E+02     0.54575E+00     0.20000E+02     0.13944E+02
     0.11653E+01     0.71478E-01     0.14440E+01     0.19088E+01     0.18701E+01     0.28628E-10     0.37401E+02     0.38177E+02     0.99399E-24     0.27221E+01     0.26649E+01    -0.18428E-26     0.13611E+00     0.13762E+02     0.53916E+00     0.20000E+02     0.13767E+02
     0.11809E+01     0.71524E-01     0.14505E+01     0.18929E+01     0.18541E+01     0.28628E-10     0.37082E+02     0.37858E+02     0.54789E-24     0.27011E+01     0.26438E+01     0.49648E-25     0.13506E+00     0.13586E+02     0.53257E+00     0.20000E+02     0.13591E+02
     0.11965E+01     0.71542E-01     0.14573E+01     0.18763E+01     0.18374E+01     0.28628E-10     0.36749E+02     0.37526E+02     0.28757E-24     0.26781E+01     0.26206E+01    -0.44018E-25     0.13390E+00     0.13412E+02     0.52601E+00     0.20000E+02     0.13417E+02
     0.12120E+01     0.71532E-01     0.14647E+01     0.18591E+01     0.18202E+01     0.28628E-10     0.36404E+02     0.37183E+02     0.23184E-24     0.26532E+01     0.25956E+01     0.22833E-25     0.13266E+00     0.13240E+02     0.51945E+00     0.20000E+02     0.13245E+02
     0.12275E+01     0.71498E-01     0.14729E+01     0.18414E+01     0.18024E+01     0.28628E-10     0.36048E+02     0.36829E+02    -0.34765E-24     0.26267E+01     0.25689E+01     0.37518E-26     0.13133E+00     0.13069E+02     0.51291E+00     0.20000E+02     0.13074E+02
     0.12430E+01     0.71442E-01     0.14824E+01     0.18233E+01     0.17842E+01     0.28628E-10     0.35683E+02     0.36466E+02    -0.17862E-24     0.25987E+01     0.25408E+01    -0.87216E-26     0.12994E+00     0.12901E+02     0.50638E+00     0.20000E+02     0.12906E+02
     0.12584E+01     0.71364E-01     0.14927E+01     0.18048E+01     0.17655E+01     0.28628E-10     0.35310E+02     0.36096E+02    -0.38421E-24     0.25695E+01     0.25114E+01     0.23836E-25     0.12848E+00     0.12735E+02     0.49988E+00     0.20000E+02     0.12740E+02
     0.12737E+01     0.71265E-01     0.15028E+01     0.17859E+01     0.17465E+01     0.28628E-10     0.34929E+02     0.35719E+02     0.51961E-24     0.25392E+01     0.24808E+01     0.23350E-25     0.12696E+00     0.12571E+02     0.49340E+00     0.20000E+02     0.12577E+02
     0.12890E+01     0.71145E-01     0.15124E+01     0.17668E+01     0.17271E+01     0.28628E-10     0.34542E+02     0.35335E+02    -0.65674E-24     0.25076E+01     0.24491E+01    -0.50771E-25     0.12538E+00     0.12410E+02     0.48694E+00     0.20000E+02     0.12415E+02
     0.13042E+01     0.71005E-01     0.15220E+01     0.17473E+01     0.17075E+01     0.28628E-10     0.34149E+02     0.34946E+02    -0.39683E-24     0.24752E+01     0.24164E+01     0.41156E-25     0.12376E+00     0.12250E+02     0.48051E+00     0.20000E+02     0.12255E+02
     0.13194E+01     0.70848E-01     0.15319E+01     0.17276E+01     0.16876E+01     0.28628E-10     0.33752E+02     0.34552E+02     0.78831E-24     0.24419E+01     0.23829E+01     0.20583E-25     0.12209E+00     0.12092E+02     0.47410E+00     0.20000E+02     0.12097E+02
     0.13345E+01     0.70675E-01     0.15422E+01     0.17078E+01     0.16675E+01     0.28628E-10     0.33350E+02     0.34156E+02    -0.51295E-24     0.24079E+01     0.23487E+01     0.56735E-26     0.12040E+00     0.11937E+02     0.46772E+00     0.20000E+02     0.11942E+02
     0.13495E+01     0.70487E-01     0.15532E+01     0.16878E+01     0.16472E+01     0.28628E-10     0.32945E+02     0.33756E+02     0.32988E-24     0.23734E+01     0.23139E+01    -0.33246E-25     0.11867E+00     0.11784E+02     0.46138E+00     0.20000E+02     0.11789E+02
     0.13645E+01     0.70283E-01     0.15640E+01     0.16677E+01     0.16268E+01     0.28628E-10     0.32536E+02     0.33353E+02     0.75640E-24     0.23383E+01     0.22786E+01     0.13095E-25     0.11692E+00     0.11633E+02     0.45506E+00     0.20000E+02     0.11638E+02
     0.13794E+01     0.70063E-01     0.15745E+01     0.16474E+01     0.16063E+01     0.28628E-10     0.32125E+02     0.32948E+02    -0.19876E-23     0.23027E+01     0.22426E+01     0.37865E-25     0.11514E+00     0.11484E+02     0.44878E+00     0.20000E+02     0.11489E+02
     0.13942E+01     0.69828E-01     0.15851E+01     0.16270E+01     0.15856E+01     0.28628E-10     0.31711E+02     0.32540E+02     0.16338E-24     0.22666E+01     0.22063E+01     0.52390E-25     0.11333E+00     0.11337E+02     0.44252E+00     0.20000E+02     0.11342E+02
     0.14089E+01     0.69579E-01     0.15960E+01     0.16066E+01     0.15648E+01     0.28628E-10     0.31295E+02     0.32131E+02    -0.69087E-24     0.22302E+01     0.21695E+01     0.30122E-25     0.11151E+00     0.11193E+02     0.43629E+00     0.20000E+02     0.11197E+02
     0.14235E+01     0.69317E-01     0.16077E+01     0.15860E+01     0.15439E+01     0.28628E-10     0.30877E+02     0.31721E+02    -0.85919E-24     0.21934E+01     0.21324E+01    -0.74942E-26     0.10967E+00     0.11050E+02     0.43008E+00     0.20000E+02     0.11053E+02
     0.14380E+01     0.69043E-01     0.16198E+01     0.15655E+01     0.15229E+01     0.28628E-10     0.30458E+02     0.31309E+02    -0.53415E-25     0.21564E+01     0.20951E+01     0.68631E-26     0.10782E+00     0.10909E+02     0.42390E+00     0.20000E+02     0.10912E+02
     0.14525E+01     0.68758E-01     0.16319E+01     0.15449E+01     0.15019E+01     0.28628E-10     0.30037E+02     0.30897E+02     0.67057E-24     0.21193E+01     0.20575E+01     0.20624E-25     0.10596E+00     0.10769E+02     0.41774E+00     0.20000E+02     0.10773E+02
     0.14668E+01     0.68462E-01     0.16443E+01     0.15242E+01     0.14808E+01     0.28628E-10     0.29615E+02     0.30484E+02    -0.32342E-24     0.20820E+01     0.20198E+01    -0.49414E-25     0.10410E+00     0.10632E+02     0.41159E+00     0.20000E+02     0.10635E+02
     0.14811E+01     0.68152E-01     0.16573E+01     0.15035E+01     0.14596E+01     0.28628E-10     0.29192E+02     0.30071E+02     0.80375E-25     0.20445E+01     0.19818E+01     0.48783E-26     0.10222E+00     0.10496E+02     0.40547E+00     0.20000E+02     0.10499E+02
     0.14952E+01     0.67829E-01     0.16710E+01     0.14828E+01     0.14383E+01     0.28628E-10     0.28767E+02     0.29655E+02     0.14303E-24     0.20067E+01     0.19436E+01    -0.16957E-25     0.10034E+00     0.10362E+02     0.39937E+00     0.20000E+02     0.10365E+02
     0.15093E+01     0.67492E-01     0.16850E+01     0.14619E+01     0.14170E+01     0.28628E-10     0.28340E+02     0.29238E+02    -0.14269E-23     0.19687E+01     0.19052E+01     0.91003E-26     0.98434E-01     0.10230E+02     0.39328E+00     0.20000E+02     0.10232E+02
     0.15232E+01     0.67139E-01     0.16987E+01     0.14410E+01     0.13956E+01     0.28628E-10     0.27911E+02     0.28820E+02    -0.43429E-24     0.19304E+01     0.18665E+01     0.25922E-25     0.96519E-01     0.10099E+02     0.38721E+00     0.20000E+02     0.10101E+02
     0.15370E+01     0.66771E-01     0.17120E+01     0.14200E+01     0.13741E+01     0.28628E-10     0.27481E+02     0.28399E+02     0.11599E-23     0.18918E+01     0.18275E+01    -0.34773E-25     0.94592E-01     0.99694E+01     0.38115E+00     0.20000E+02     0.99708E+01
     0.15507E+01     0.66389E-01     0.17251E+01     0.13989E+01     0.13525E+01     0.28628E-10     0.27050E+02     0.27978E+02    -0.33190E-24     0.18531E+01     0.17885E+01     0.98324E-26     0.92656E-01     0.98415E+01     0.37511E+00     0.20000E+02     0.98424E+01
     0.15643E+01     0.65994E-01     0.17386E+01     0.13778E+01     0.13309E+01     0.28628E-10     0.26617E+02     0.27556E+02     0.55334E-25     0.18143E+01     0.17493E+01    -0.14875E-25     0.90717E-01     0.97149E+01     0.36907E+00     0.20000E+02     0.97154E+01
     0.15778E+01     0.65587E-01     0.17526E+01     0.13567E+01     0.13092E+01     0.28628E-10     0.26184E+02     0.27134E+02     0.43909E-24     0.17756E+01     0.17102E+01     0.18024E-25     0.88781E-01     0.95896E+01     0.36303E+00     0.20000E+02     0.95896E+01
     0.15911E+01     0.65171E-01     0.17669E+01     0.13357E+01     0.12875E+01     0.28628E-10     0.25751E+02     0.26713E+02     0.56318E-24     0.17370E+01     0.16710E+01    -0.75983E-26     0.86849E-01     0.94654E+01     0.35699E+00     0.20000E+02     0.94649E+01
     0.16043E+01     0.64743E-01     0.17817E+01     0.13146E+01     0.12658E+01     0.28628E-10     0.25316E+02     0.26292E+02     0.19478E-24     0.16984E+01     0.16320E+01     0.17702E-26     0.84920E-01     0.93424E+01     0.35095E+00     0.20000E+02     0.93414E+01
     0.16174E+01     0.64302E-01     0.17963E+01     0.12935E+01     0.12440E+01     0.28628E-10     0.24881E+02     0.25870E+02     0.38239E-24     0.16598E+01     0.15929E+01    -0.39348E-26     0.82990E-01     0.92204E+01     0.34490E+00     0.20000E+02     0.92189E+01
     0.16303E+01     0.63847E-01     0.18106E+01     0.12723E+01     0.12222E+01     0.28628E-10     0.24443E+02     0.25447E+02    -0.66936E-24     0.16211E+01     0.15537E+01     0.12729E-25     0.81056E-01     0.90995E+01     0.33884E+00     0.20000E+02     0.90974E+01
     0.16431E+01     0.63376E-01     0.18248E+01     0.12511E+01     0.12002E+01     0.28628E-10     0.24003E+02     0.25021E+02     0.42621E-24     0.15823E+01     0.15143E+01     0.22653E-25     0.79113E-01     0.89795E+01     0.33278E+00     0.20000E+02     0.89768E+01
     0.16558E+01     0.62886E-01     0.18395E+01     0.12297E+01     0.11781E+01     0.28628E-10     0.23561E+02     0.24593E+02     0.26460E-24     0.15432E+01     0.14748E+01     0.20831E-25     0.77160E-01     0.88603E+01     0.32669E+00     0.20000E+02     0.88570E+01
     0.16683E+01     0.62379E-01     0.18541E+01     0.12081E+01     0.11558E+01     0.28628E-10     0.23116E+02     0.24162E+02     0.77397E-24     0.15040E+01     0.14352E+01     0.13037E-25     0.75199E-01     0.87421E+01     0.32060E+00     0.20000E+02     0.87380E+01
     0.16806E+01     0.61853E-01     0.18678E+01     0.11864E+01     0.11334E+01     0.28628E-10     0.22668E+02     0.23729E+02    -0.36189E-24     0.14646E+01     0.13954E+01    -0.90893E-26     0.73228E-01     0.86246E+01     0.31448E+00     0.20000E+02     0.86197E+01
     0.16928E+01     0.61308E-01     0.18805E+01     0.11646E+01     0.11108E+01     0.28628E-10     0.22215E+02     0.23292E+02     0.41339E-24     0.14249E+01     0.13554E+01    -0.37553E-25     0.71247E-01     0.85078E+01     0.30834E+00     0.20000E+02     0.85020E+01
     0.17049E+01     0.60741E-01     0.18927E+01     0.11425E+01     0.10880E+01     0.28628E-10     0.21759E+02     0.22851E+02    -0.70515E-24     0.13851E+01     0.13151E+01    -0.18062E-25     0.69255E-01     0.83916E+01     0.30217E+00     0.20000E+02     0.83848E+01
     0.17167E+01     0.60152E-01     0.19045E+01     0.11203E+01     0.10649E+01     0.28628E-10     0.21298E+02     0.22405E+02     0.16509E-24     0.13450E+01     0.12747E+01    -0.21806E-25     0.67248E-01     0.82759E+01     0.29596E+00     0.20000E+02     0.82681E+01
     0.17285E+01     0.59538E-01     0.19158E+01     0.10977E+01     0.10416E+01     0.28628E-10     0.20832E+02     0.21955E+02    -0.37088E-24     0.13045E+01     0.12339E+01    -0.10099E-25     0.65225E-01     0.81606E+01     0.28972E+00     0.20000E+02     0.81516E+01
     0.17400E+01     0.58899E-01     0.19267E+01     0.10749E+01     0.10180E+01     0.28628E-10     0.20360E+02     0.21498E+02    -0.10033E-23     0.12637E+01     0.11929E+01     0.16225E-25     0.63185E-01     0.80456E+01     0.28342E+00     0.20000E+02     0.80354E+01
     0.17514E+01     0.58233E-01     0.19376E+01     0.10518E+01     0.99407E+00     0.28628E-10     0.19881E+02     0.21036E+02     0.54221E-24     0.12226E+01     0.11516E+01     0.11864E-26     0.61130E-01     0.79308E+01     0.27707E+00     0.20000E+02     0.79192E+01
     0.17626E+01     0.57537E-01     0.19481E+01     0.10284E+01     0.96983E+00     0.28628E-10     0.19397E+02     0.20568E+02     0.10153E-24     0.11811E+01     0.11099E+01    -0.38074E-25     0.59056E-01     0.78161E+01     0.27065E+00     0.20000E+02     0.78031E+01
     0.17737E+01     0.56808E-01     0.19577E+01     0.10046E+01     0.94522E+00     0.28628E-10     0.18904E+02     0.20092E+02     0.78886E-25     0.11392E+01     0.10679E+01     0.10339E-25     0.56960E-01     0.77014E+01     0.26417E+00     0.20000E+02     0.76869E+01
     0.17845E+01     0.56043E-01     0.19655E+01     0.98035E+00     0.92022E+00     0.28628E-10     0.18404E+02     0.19607E+02    -0.34975E-24     0.10968E+01     0.10256E+01     0.11233E-26     0.54838E-01     0.75866E+01     0.25761E+00     0.20000E+02     0.75705E+01
     0.17952E+01     0.55237E-01     0.19714E+01     0.95565E+00     0.89479E+00     0.28628E-10     0.17896E+02     0.19113E+02    -0.64289E-24     0.10538E+01     0.98277E+00    -0.10807E-26     0.52690E-01     0.74717E+01     0.25098E+00     0.20000E+02     0.74538E+01
     0.18057E+01     0.54390E-01     0.19756E+01     0.93046E+00     0.86892E+00     0.28628E-10     0.17378E+02     0.18609E+02     0.85013E-24     0.10103E+01     0.93961E+00    -0.57587E-28     0.50517E-01     0.73565E+01     0.24425E+00     0.20000E+02     0.73367E+01
     0.18160E+01     0.53499E-01     0.19783E+01     0.90478E+00     0.84259E+00     0.28628E-10     0.16852E+02     0.18096E+02    -0.31965E-24     0.96640E+00     0.89609E+00     0.40682E-26     0.48320E-01     0.72410E+01     0.23742E+00     0.20000E+02     0.72191E+01
     0.18261E+01     0.52561E-01     0.19794E+01     0.87855E+00     0.81577E+00     0.28628E-10     0.16315E+02     0.17571E+02     0.15420E-24     0.92197E+00     0.85223E+00     0.16043E-25     0.46098E-01     0.71249E+01     0.23048E+00     0.20000E+02     0.71010E+01
     0.18360E+01     0.51571E-01     0.19784E+01     0.85175E+00     0.78843E+00     0.28628E-10     0.15769E+02     0.17035E+02    -0.31441E-24     0.87705E+00     0.80805E+00     0.79927E-26     0.43853E-01     0.70082E+01     0.22342E+00     0.20000E+02     0.69822E+01
     0.18457E+01     0.50525E-01     0.19747E+01     0.82431E+00     0.76054E+00     0.28628E-10     0.15211E+02     0.16486E+02    -0.89791E-25     0.83162E+00     0.76354E+00    -0.17192E-25     0.41581E-01     0.68908E+01     0.21623E+00     0.20000E+02     0.68627E+01
     0.18552E+01     0.49417E-01     0.19679E+01     0.79617E+00     0.73207E+00     0.28628E-10     0.14641E+02     0.15923E+02    -0.20534E-24     0.78567E+00     0.71874E+00     0.36201E-26     0.39283E-01     0.67726E+01     0.20890E+00     0.20000E+02     0.67424E+01
     0.18645E+01     0.48242E-01     0.19576E+01     0.76728E+00     0.70300E+00     0.28628E-10     0.14060E+02     0.15346E+02    -0.25630E-24     0.73918E+00     0.67367E+00     0.15213E-25     0.36959E-01     0.66534E+01     0.20142E+00     0.20000E+02     0.66213E+01
     0.18736E+01     0.46992E-01     0.19439E+01     0.73758E+00     0.67330E+00     0.28628E-10     0.13466E+02     0.14752E+02     0.19625E-24     0.69220E+00     0.62839E+00    -0.12125E-26     0.34610E-01     0.65333E+01     0.19377E+00     0.20000E+02     0.64993E+01
     0.18825E+01     0.45661E-01     0.19262E+01     0.70702E+00     0.64296E+00     0.28628E-10     0.12859E+02     0.14140E+02     0.68758E-24     0.64477E+00     0.58296E+00    -0.11084E-25     0.32238E-01     0.64122E+01     0.18596E+00     0.20000E+02     0.63766E+01
     0.18912E+01     0.44242E-01     0.19041E+01     0.67554E+00     0.61196E+00     0.28628E-10     0.12239E+02     0.13511E+02    -0.19394E-24     0.59695E+00     0.53749E+00    -0.14904E-25     0.29848E-01     0.62900E+01     0.17796E+00     0.20000E+02     0.62532E+01
     0.18996E+01     0.42728E-01     0.18766E+01     0.64309E+00     0.58031E+00     0.28628E-10     0.11606E+02     0.12862E+02     0.16746E-24     0.54886E+00     0.49212E+00     0.18678E-25     0.27443E-01     0.61667E+01     0.16978E+00     0.20000E+02     0.61291E+01
     0.19078E+01     0.41111E-01     0.18434E+01     0.60964E+00     0.54803E+00     0.28628E-10     0.10961E+02     0.12193E+02    -0.47253E-24     0.50066E+00     0.44702E+00    -0.36493E-26     0.25033E-01     0.60425E+01     0.16142E+00     0.20000E+02     0.60045E+01
     0.19158E+01     0.39385E-01     0.18040E+01     0.57516E+00     0.51516E+00     0.28628E-10     0.10303E+02     0.11503E+02    -0.37468E-25     0.45254E+00     0.40240E+00    -0.10443E-25     0.22627E-01     0.59173E+01     0.15286E+00     0.20000E+02     0.58796E+01
     0.19236E+01     0.37542E-01     0.17578E+01     0.53963E+00     0.48175E+00     0.28628E-10     0.96350E+01     0.10793E+02     0.31999E-24     0.40475E+00     0.35850E+00     0.84014E-26     0.20238E-01     0.57913E+01     0.14410E+00     0.20000E+02     0.57546E+01
     0.19311E+01     0.35575E-01     0.17037E+01     0.50305E+00     0.44787E+00     0.28628E-10     0.89574E+01     0.10061E+02     0.17178E-24     0.35757E+00     0.31562E+00     0.10150E-25     0.17879E-01     0.56645E+01     0.13514E+00     0.20000E+02     0.56298E+01
     0.19384E+01     0.33478E-01     0.16409E+01     0.46542E+00     0.41362E+00     0.28628E-10     0.82724E+01     0.93083E+01     0.22010E-24     0.31135E+00     0.27405E+00     0.84424E-26     0.15567E-01     0.55369E+01     0.12597E+00     0.20000E+02     0.55053E+01
     0.19455E+01     0.31245E-01     0.15678E+01     0.42676E+00     0.37913E+00     0.28628E-10     0.75826E+01     0.85352E+01     0.21141E-27     0.26646E+00     0.23416E+00    -0.12155E-25     0.13323E-01     0.54086E+01     0.11660E+00     0.20000E+02     0.53815E+01
     0.19523E+01     0.28868E-01     0.14823E+01     0.38711E+00     0.34455E+00     0.28628E-10     0.68910E+01     0.77422E+01    -0.22335E-24     0.22334E+00     0.19631E+00    -0.17144E-26     0.11167E-01     0.52795E+01     0.10699E+00     0.20000E+02     0.52587E+01
     0.19589E+01     0.26340E-01     0.13816E+01     0.34647E+00     0.31006E+00     0.28628E-10     0.62012E+01     0.69294E+01     0.41424E-24     0.18241E+00     0.16088E+00    -0.42198E-26     0.91203E-02     0.51495E+01     0.97121E-01     0.20000E+02     0.51373E+01
     0.19652E+01     0.23651E-01     0.12623E+01     0.30484E+00     0.27588E+00     0.28628E-10     0.55176E+01     0.60968E+01    -0.56387E-24     0.14412E+00     0.12822E+00     0.27051E-26     0.72058E-02     0.50180E+01     0.86948E-01     0.20000E+02     0.50176E+01
     0.19713E+01     0.20785E-01     0.11230E+01     0.26216E+00     0.24229E+00     0.28628E-10     0.48458E+01     0.52433E+01    -0.11329E-24     0.10893E+00     0.98683E-01     0.70534E-26     0.54467E-02     0.48843E+01     0.76385E-01     0.20000E+02     0.49001E+01
     0.19771E+01     0.17721E-01     0.96994E+00     0.21836E+00     0.20964E+00     0.28628E-10     0.41928E+01     0.43672E+01    -0.87937E-25     0.77366E-01     0.72573E-01     0.23627E-26     0.38683E-02     0.47470E+01     0.65295E-01     0.20000E+02     0.47857E+01
     0.19826E+01     0.14427E-01     0.83523E+00     0.17328E+00     0.17839E+00     0.28628E-10     0.35678E+01     0.34657E+01    -0.61018E-24     0.49988E-01     0.50124E-01     0.67572E-26     0.24994E-02     0.46038E+01     0.53460E-01     0.20000E+02     0.46755E+01
     0.19879E+01     0.10852E-01     0.80973E+00     0.12669E+00     0.14912E+00     0.28628E-10     0.29824E+01     0.25339E+01     0.20144E-24     0.27494E-01     0.31438E-01     0.10248E-26     0.13747E-02     0.44517E+01     0.40549E-01     0.20000E+02     0.45711E+01
     0.19929E+01     0.69128E-02     0.10135E+01     0.78151E-01     0.12256E+00     0.28628E-10     0.24512E+01     0.15630E+01     0.10801E-24     0.10804E-01     0.16436E-01     0.14052E-26     0.54021E-03     0.42861E+01     0.26081E-01     0.20000E+02     0.44747E+01
     0.19977E+01     0.24696E-02     0.14522E+01     0.26901E-01     0.98317E-01     0.28628E-10     0.19663E+01     0.53801E+00    -0.56665E-25     0.13286E-02     0.47015E-02    -0.72107E-27     0.66432E-04     0.41013E+01     0.94050E-02     0.20000E+02     0.43855E+01
