     0.23093E-02     0.24144E-06    -0.26430E-04     0.26174E-07     0.00000E+00     0.00000E+00    -0.20364E-06     0.23271E-04     0.41877E-05     0.26891E-03    -0.26087E-03     0.55482E-05     0.13605E-05
     0.70633E-02     0.17290E-05    -0.16140E-04     0.73038E-06     0.00000E+00     0.00000E+00     0.28369E-06     0.86267E-05     0.61812E-05     0.21187E-03    -0.20699E-03     0.15809E-04     0.96278E-05
     0.12087E-01     0.39393E-05    -0.10300E-04     0.27899E-05     0.00000E+00     0.00000E+00     0.10206E-05     0.28942E-05     0.35467E-05     0.16604E-03    -0.16238E-03     0.25284E-04     0.21737E-04
     0.17376E-01     0.65172E-05    -0.76041E-05     0.58924E-05     0.00000E+00     0.00000E+00     0.23599E-05     0.91053E-06    -0.11729E-05     0.13622E-03    -0.13749E-03     0.34537E-04     0.35710E-04
     0.22928E-01     0.93118E-05    -0.62059E-05     0.94780E-05     0.00000E+00     0.00000E+00     0.37694E-05     0.42857E-06    -0.67985E-05     0.11544E-03    -0.12228E-03     0.43936E-04     0.50734E-04
     0.28739E-01     0.12284E-04    -0.56632E-05     0.13370E-04     0.00000E+00     0.00000E+00     0.51457E-05     0.72396E-06    -0.12826E-04     0.10246E-03    -0.11535E-03     0.53788E-04     0.66615E-04
     0.34807E-01     0.15465E-04    -0.56186E-05     0.17743E-04     0.00000E+00     0.00000E+00     0.65372E-05     0.12499E-05    -0.19176E-04     0.94393E-04    -0.11365E-03     0.64349E-04     0.83525E-04
     0.41127E-01     0.18920E-04    -0.59169E-05     0.22902E-04     0.00000E+00     0.00000E+00     0.80075E-05     0.16663E-05    -0.25973E-04     0.89522E-04    -0.11557E-03     0.75836E-04     0.10181E-03
     0.47696E-01     0.22715E-04    -0.64452E-05     0.29101E-04     0.00000E+00     0.00000E+00     0.95103E-05     0.18737E-05    -0.33378E-04     0.86326E-04    -0.11975E-03     0.88423E-04     0.12180E-03
     0.54512E-01     0.26897E-04    -0.71259E-05     0.36474E-04     0.00000E+00     0.00000E+00     0.10921E-04     0.18810E-05    -0.41507E-04     0.83875E-04    -0.12539E-03     0.10224E-03     0.14374E-03
     0.61570E-01     0.31493E-04    -0.79004E-05     0.45033E-04     0.00000E+00     0.00000E+00     0.12100E-04     0.17547E-05    -0.50397E-04     0.81614E-04    -0.13196E-03     0.11736E-03     0.16775E-03
     0.68868E-01     0.36511E-04    -0.87301E-05     0.54697E-04     0.00000E+00     0.00000E+00     0.12942E-04     0.15647E-05    -0.60012E-04     0.79297E-04    -0.13918E-03     0.13384E-03     0.19385E-03
     0.76401E-01     0.41944E-04    -0.95905E-05     0.65331E-04     0.00000E+00     0.00000E+00     0.13393E-04     0.13678E-05    -0.70273E-04     0.76866E-04    -0.14693E-03     0.15170E-03     0.22197E-03
     0.84168E-01     0.47781E-04    -0.10461E-04     0.76779E-04     0.00000E+00     0.00000E+00     0.13469E-04     0.11859E-05    -0.81081E-04     0.74326E-04    -0.15511E-03     0.17096E-03     0.25204E-03
     0.92164E-01     0.54007E-04    -0.11318E-04     0.88885E-04     0.00000E+00     0.00000E+00     0.13185E-04     0.10217E-05    -0.92331E-04     0.71693E-04    -0.16364E-03     0.19162E-03     0.28395E-03
     0.10039E+00     0.60607E-04    -0.12152E-04     0.10150E-03     0.00000E+00     0.00000E+00     0.12570E-04     0.89739E-06    -0.10392E-03     0.69022E-04    -0.17248E-03     0.21368E-03     0.31761E-03
     0.10883E+00     0.67569E-04    -0.12956E-04     0.11452E-03     0.00000E+00     0.00000E+00     0.11715E-04     0.80458E-06    -0.11577E-03     0.66380E-04    -0.18160E-03     0.23715E-03     0.35292E-03
     0.11749E+00     0.74886E-04    -0.13721E-04     0.12783E-03     0.00000E+00     0.00000E+00     0.10696E-04     0.72187E-06    -0.12779E-03     0.63779E-04    -0.19095E-03     0.26203E-03     0.38982E-03
     0.12637E+00     0.82548E-04    -0.14442E-04     0.14134E-03     0.00000E+00     0.00000E+00     0.95465E-05     0.65016E-06    -0.13993E-03     0.61204E-04    -0.20045E-03     0.28832E-03     0.42825E-03
     0.13547E+00     0.90547E-04    -0.15108E-04     0.15498E-03     0.00000E+00     0.00000E+00     0.82836E-05     0.59126E-06    -0.15213E-03     0.58659E-04    -0.21005E-03     0.31602E-03     0.46815E-03
     0.14477E+00     0.98879E-04    -0.15722E-04     0.16866E-03     0.00000E+00     0.00000E+00     0.69239E-05     0.55124E-06    -0.16432E-03     0.56180E-04    -0.21972E-03     0.34514E-03     0.50945E-03
     0.15428E+00     0.10754E-03    -0.16280E-04     0.18235E-03     0.00000E+00     0.00000E+00     0.54996E-05     0.52290E-06    -0.17647E-03     0.53772E-04    -0.22944E-03     0.37566E-03     0.55212E-03
     0.16399E+00     0.11652E-03    -0.16785E-04     0.19597E-03     0.00000E+00     0.00000E+00     0.40414E-05     0.51167E-06    -0.18854E-03     0.51405E-04    -0.23914E-03     0.40759E-03     0.59613E-03
     0.17390E+00     0.12584E-03    -0.17225E-04     0.20947E-03     0.00000E+00     0.00000E+00     0.26154E-05     0.49944E-06    -0.20053E-03     0.49044E-04    -0.24877E-03     0.44093E-03     0.64146E-03
     0.18401E+00     0.13548E-03    -0.17611E-04     0.22284E-03     0.00000E+00     0.00000E+00     0.12863E-05     0.47426E-06    -0.21241E-03     0.46666E-04    -0.25830E-03     0.47568E-03     0.68809E-03
     0.19431E+00     0.14546E-03    -0.17943E-04     0.23604E-03     0.00000E+00     0.00000E+00     0.13934E-07     0.44839E-06    -0.22416E-03     0.44290E-04    -0.26771E-03     0.51183E-03     0.73599E-03
     0.20480E+00     0.15575E-03    -0.18229E-04     0.24903E-03     0.00000E+00     0.00000E+00    -0.12059E-05     0.43517E-06    -0.23575E-03     0.41946E-04    -0.27702E-03     0.54938E-03     0.78513E-03
     0.21547E+00     0.16638E-03    -0.18466E-04     0.26178E-03     0.00000E+00     0.00000E+00    -0.23686E-05     0.42291E-06    -0.24716E-03     0.39669E-04    -0.28623E-03     0.58830E-03     0.83546E-03
     0.22633E+00     0.17733E-03    -0.18667E-04     0.27427E-03     0.00000E+00     0.00000E+00    -0.34416E-05     0.40677E-06    -0.25838E-03     0.37396E-04    -0.29527E-03     0.62859E-03     0.88696E-03
     0.23737E+00     0.18860E-03    -0.18823E-04     0.28647E-03     0.00000E+00     0.00000E+00    -0.44445E-05     0.39537E-06    -0.26939E-03     0.35096E-04    -0.30409E-03     0.67021E-03     0.93960E-03
     0.24859E+00     0.20020E-03    -0.18959E-04     0.29838E-03     0.00000E+00     0.00000E+00    -0.54010E-05     0.42823E-06    -0.28020E-03     0.32863E-04    -0.31279E-03     0.71316E-03     0.99336E-03
     0.25997E+00     0.21214E-03    -0.19065E-04     0.30999E-03     0.00000E+00     0.00000E+00    -0.62026E-05     0.41310E-06    -0.29083E-03     0.30657E-04    -0.32136E-03     0.75742E-03     0.10483E-02
     0.27153E+00     0.22441E-03    -0.19152E-04     0.32130E-03     0.00000E+00     0.00000E+00    -0.68572E-05     0.37679E-06    -0.30129E-03     0.28387E-04    -0.32971E-03     0.80296E-03     0.11043E-02
     0.28325E+00     0.23700E-03    -0.19212E-04     0.33231E-03     0.00000E+00     0.00000E+00    -0.73874E-05     0.35505E-06    -0.31154E-03     0.26046E-04    -0.33780E-03     0.84974E-03     0.11613E-02
     0.29514E+00     0.24992E-03    -0.19250E-04     0.34300E-03     0.00000E+00     0.00000E+00    -0.78412E-05     0.35197E-06    -0.32158E-03     0.23727E-04    -0.34571E-03     0.89770E-03     0.12193E-02
     0.30719E+00     0.26316E-03    -0.19285E-04     0.35339E-03     0.00000E+00     0.00000E+00    -0.82365E-05     0.34082E-06    -0.33140E-03     0.21485E-04    -0.35348E-03     0.94681E-03     0.12782E-02
     0.31939E+00     0.27671E-03    -0.19308E-04     0.36346E-03     0.00000E+00     0.00000E+00    -0.84842E-05     0.32425E-06    -0.34099E-03     0.19251E-04    -0.36106E-03     0.99705E-03     0.13380E-02
     0.33174E+00     0.29058E-03    -0.19311E-04     0.37320E-03     0.00000E+00     0.00000E+00    -0.85952E-05     0.29338E-06    -0.35036E-03     0.17033E-04    -0.36844E-03     0.10483E-02     0.13987E-02
     0.34425E+00     0.30475E-03    -0.19307E-04     0.38262E-03     0.00000E+00     0.00000E+00    -0.85785E-05     0.26020E-06    -0.35949E-03     0.14856E-04    -0.37563E-03     0.11006E-02     0.14601E-02
     0.35690E+00     0.31920E-03    -0.19297E-04     0.39171E-03     0.00000E+00     0.00000E+00    -0.85754E-05     0.25998E-06    -0.36834E-03     0.12702E-04    -0.38258E-03     0.11538E-02     0.15222E-02
     0.36969E+00     0.33394E-03    -0.19283E-04     0.40049E-03     0.00000E+00     0.00000E+00    -0.86337E-05     0.24445E-06    -0.37693E-03     0.10622E-04    -0.38936E-03     0.12079E-02     0.15849E-02
     0.38262E+00     0.34896E-03    -0.19274E-04     0.40898E-03     0.00000E+00     0.00000E+00    -0.86428E-05     0.21447E-06    -0.38525E-03     0.87093E-05    -0.39604E-03     0.12628E-02     0.16481E-02
     0.39569E+00     0.36424E-03    -0.19269E-04     0.41720E-03     0.00000E+00     0.00000E+00    -0.86994E-05     0.25095E-06    -0.39328E-03     0.69555E-05    -0.40259E-03     0.13185E-02     0.17118E-02
     0.40890E+00     0.37981E-03    -0.19251E-04     0.42511E-03     0.00000E+00     0.00000E+00    -0.87915E-05     0.30260E-06    -0.40107E-03     0.53146E-05    -0.40904E-03     0.13749E-02     0.17759E-02
     0.42223E+00     0.39568E-03    -0.19228E-04     0.43275E-03     0.00000E+00     0.00000E+00    -0.87804E-05     0.30808E-06    -0.40869E-03     0.37680E-05    -0.41542E-03     0.14320E-02     0.18407E-02
     0.43569E+00     0.41187E-03    -0.19217E-04     0.44015E-03     0.00000E+00     0.00000E+00    -0.86453E-05     0.29654E-06    -0.41616E-03     0.22914E-05    -0.42172E-03     0.14899E-02     0.19061E-02
     0.44927E+00     0.42836E-03    -0.19206E-04     0.44733E-03     0.00000E+00     0.00000E+00    -0.83948E-05     0.31195E-06    -0.42345E-03     0.87024E-06    -0.42791E-03     0.15485E-02     0.19719E-02
     0.46297E+00     0.44516E-03    -0.19199E-04     0.45427E-03     0.00000E+00     0.00000E+00    -0.80438E-05     0.34031E-06    -0.43060E-03    -0.46999E-06    -0.43405E-03     0.16077E-02     0.20383E-02
     0.47679E+00     0.46230E-03    -0.19203E-04     0.46100E-03     0.00000E+00     0.00000E+00    -0.75765E-05     0.38018E-06    -0.43762E-03    -0.17054E-05    -0.44017E-03     0.16676E-02     0.21052E-02
     0.49072E+00     0.47979E-03    -0.19202E-04     0.46747E-03     0.00000E+00     0.00000E+00    -0.69858E-05     0.42600E-06    -0.44457E-03    -0.29938E-05    -0.44618E-03     0.17282E-02     0.21728E-02
     0.50476E+00     0.49766E-03    -0.19192E-04     0.47372E-03     0.00000E+00     0.00000E+00    -0.62035E-05     0.40476E-06    -0.45153E-03    -0.44038E-05    -0.45207E-03     0.17895E-02     0.22410E-02
     0.51891E+00     0.51590E-03    -0.19192E-04     0.47983E-03     0.00000E+00     0.00000E+00    -0.52177E-05     0.38585E-06    -0.45847E-03    -0.58288E-05    -0.45794E-03     0.18514E-02     0.23098E-02
     0.53316E+00     0.53449E-03    -0.19201E-04     0.48584E-03     0.00000E+00     0.00000E+00    -0.41244E-05     0.38411E-06    -0.46536E-03    -0.71875E-05    -0.46381E-03     0.19138E-02     0.23792E-02
     0.54751E+00     0.55345E-03    -0.19227E-04     0.49174E-03     0.00000E+00     0.00000E+00    -0.30156E-05     0.42309E-06    -0.47219E-03    -0.84691E-05    -0.46973E-03     0.19768E-02     0.24490E-02
     0.56196E+00     0.57279E-03    -0.19261E-04     0.49752E-03     0.00000E+00     0.00000E+00    -0.18437E-05     0.42826E-06    -0.47903E-03    -0.96998E-05    -0.47571E-03     0.20404E-02     0.25194E-02
     0.57649E+00     0.59252E-03    -0.19316E-04     0.50323E-03     0.00000E+00     0.00000E+00    -0.59304E-06     0.42850E-06    -0.48588E-03    -0.10867E-04    -0.48177E-03     0.21044E-02     0.25903E-02
     0.59112E+00     0.61263E-03    -0.19386E-04     0.50889E-03     0.00000E+00     0.00000E+00     0.70356E-06     0.44421E-06    -0.49275E-03    -0.12000E-04    -0.48788E-03     0.21689E-02     0.26616E-02
     0.60584E+00     0.63314E-03    -0.19458E-04     0.51452E-03     0.00000E+00     0.00000E+00     0.21724E-05     0.45389E-06    -0.49966E-03    -0.13152E-04    -0.49401E-03     0.22338E-02     0.27334E-02
     0.62064E+00     0.65405E-03    -0.19539E-04     0.52016E-03     0.00000E+00     0.00000E+00     0.38213E-05     0.47072E-06    -0.50661E-03    -0.14277E-04    -0.50022E-03     0.22991E-02     0.28057E-02
     0.63552E+00     0.67538E-03    -0.19637E-04     0.52581E-03     0.00000E+00     0.00000E+00     0.54980E-05     0.53139E-06    -0.51363E-03    -0.15399E-04    -0.50651E-03     0.23648E-02     0.28784E-02
     0.65047E+00     0.69717E-03    -0.19740E-04     0.53148E-03     0.00000E+00     0.00000E+00     0.71853E-05     0.57945E-06    -0.52083E-03    -0.16712E-04    -0.51279E-03     0.24309E-02     0.29517E-02
     0.66550E+00     0.71943E-03    -0.19852E-04     0.53721E-03     0.00000E+00     0.00000E+00     0.90353E-05     0.56232E-06    -0.52829E-03    -0.18239E-04    -0.51910E-03     0.24974E-02     0.30257E-02
     0.68060E+00     0.74217E-03    -0.19986E-04     0.54309E-03     0.00000E+00     0.00000E+00     0.10994E-04     0.55704E-06    -0.53597E-03    -0.19862E-04    -0.52555E-03     0.25642E-02     0.31002E-02
     0.69576E+00     0.76538E-03    -0.20138E-04     0.54910E-03     0.00000E+00     0.00000E+00     0.13036E-04     0.57262E-06    -0.54388E-03    -0.21572E-04    -0.53213E-03     0.26314E-02     0.31752E-02
     0.71099E+00     0.78907E-03    -0.20306E-04     0.55526E-03     0.00000E+00     0.00000E+00     0.15209E-04     0.59029E-06    -0.55205E-03    -0.23436E-04    -0.53882E-03     0.26987E-02     0.32508E-02
     0.72628E+00     0.81326E-03    -0.20489E-04     0.56160E-03     0.00000E+00     0.00000E+00     0.17555E-04     0.58420E-06    -0.56053E-03    -0.25419E-04    -0.54570E-03     0.27663E-02     0.33268E-02
     0.74162E+00     0.83793E-03    -0.20711E-04     0.56820E-03     0.00000E+00     0.00000E+00     0.20100E-04     0.57931E-06    -0.56932E-03    -0.27346E-04    -0.55294E-03     0.28340E-02     0.34033E-02
     0.75702E+00     0.86308E-03    -0.20985E-04     0.57508E-03     0.00000E+00     0.00000E+00     0.22764E-04     0.58096E-06    -0.57840E-03    -0.29157E-04    -0.56057E-03     0.29017E-02     0.34801E-02
     0.77247E+00     0.88872E-03    -0.21292E-04     0.58225E-03     0.00000E+00     0.00000E+00     0.25462E-04     0.58153E-06    -0.58779E-03    -0.31001E-04    -0.56848E-03     0.29695E-02     0.35573E-02
     0.78796E+00     0.91484E-03    -0.21620E-04     0.58973E-03     0.00000E+00     0.00000E+00     0.28147E-04     0.55790E-06    -0.59750E-03    -0.32984E-04    -0.57656E-03     0.30371E-02     0.36346E-02
     0.80350E+00     0.94142E-03    -0.21973E-04     0.59754E-03     0.00000E+00     0.00000E+00     0.30758E-04     0.58204E-06    -0.60753E-03    -0.35113E-04    -0.58483E-03     0.31046E-02     0.37122E-02
     0.81907E+00     0.96848E-03    -0.22344E-04     0.60572E-03     0.00000E+00     0.00000E+00     0.33313E-04     0.60827E-06    -0.61797E-03    -0.37498E-04    -0.59323E-03     0.31718E-02     0.37898E-02
     0.83469E+00     0.99603E-03    -0.22745E-04     0.61430E-03     0.00000E+00     0.00000E+00     0.36012E-04     0.57457E-06    -0.62888E-03    -0.40171E-04    -0.60180E-03     0.32388E-02     0.38676E-02
     0.85033E+00     0.10240E-02    -0.23187E-04     0.62335E-03     0.00000E+00     0.00000E+00     0.38883E-04     0.49679E-06    -0.64025E-03    -0.43012E-04    -0.61066E-03     0.33052E-02     0.39455E-02
     0.86601E+00     0.10525E-02    -0.23670E-04     0.63290E-03     0.00000E+00     0.00000E+00     0.41772E-04     0.41208E-06    -0.65202E-03    -0.45926E-04    -0.61982E-03     0.33710E-02     0.40231E-02
     0.88171E+00     0.10812E-02    -0.24190E-04     0.64296E-03     0.00000E+00     0.00000E+00     0.44555E-04     0.37287E-06    -0.66413E-03    -0.48934E-04    -0.62922E-03     0.34360E-02     0.41002E-02
     0.89744E+00     0.11103E-02    -0.24742E-04     0.65352E-03     0.00000E+00     0.00000E+00     0.47208E-04     0.34441E-06    -0.67658E-03    -0.52097E-04    -0.63879E-03     0.35000E-02     0.41766E-02
     0.91319E+00     0.11397E-02    -0.25327E-04     0.66458E-03     0.00000E+00     0.00000E+00     0.49669E-04     0.27305E-06    -0.68939E-03    -0.55398E-04    -0.64856E-03     0.35629E-02     0.42523E-02
     0.92895E+00     0.11692E-02    -0.25948E-04     0.67617E-03     0.00000E+00     0.00000E+00     0.51837E-04     0.14840E-06    -0.70252E-03    -0.58758E-04    -0.65856E-03     0.36245E-02     0.43270E-02
     0.94473E+00     0.11990E-02    -0.26609E-04     0.68828E-03     0.00000E+00     0.00000E+00     0.53588E-04     0.33752E-07    -0.71586E-03    -0.62004E-04    -0.66886E-03     0.36845E-02     0.44003E-02
     0.96051E+00     0.12287E-02    -0.27333E-04     0.70096E-03     0.00000E+00     0.00000E+00     0.54878E-04     0.57533E-07    -0.72931E-03    -0.64887E-04    -0.67963E-03     0.37428E-02     0.44721E-02
     0.97631E+00     0.12586E-02    -0.28144E-04     0.71424E-03     0.00000E+00     0.00000E+00     0.56062E-04     0.15213E-06    -0.74297E-03    -0.67343E-04    -0.69103E-03     0.37993E-02     0.45422E-02
     0.99210E+00     0.12885E-02    -0.29025E-04     0.72815E-03     0.00000E+00     0.00000E+00     0.57330E-04     0.17260E-06    -0.75703E-03    -0.69635E-04    -0.70294E-03     0.38540E-02     0.46110E-02
     0.10079E+01     0.13186E-02    -0.29975E-04     0.74269E-03     0.00000E+00     0.00000E+00     0.58468E-04     0.15501E-06    -0.77155E-03    -0.71921E-04    -0.71530E-03     0.39069E-02     0.46784E-02
     0.10237E+01     0.13487E-02    -0.31002E-04     0.75788E-03     0.00000E+00     0.00000E+00     0.59404E-04     0.10898E-06    -0.78656E-03    -0.74136E-04    -0.72819E-03     0.39578E-02     0.47444E-02
     0.10395E+01     0.13790E-02    -0.32094E-04     0.77372E-03     0.00000E+00     0.00000E+00     0.60241E-04     0.19400E-07    -0.80205E-03    -0.76327E-04    -0.74153E-03     0.40067E-02     0.48088E-02
     0.10553E+01     0.14092E-02    -0.33247E-04     0.79020E-03     0.00000E+00     0.00000E+00     0.60824E-04    -0.88644E-07    -0.81791E-03    -0.78493E-04    -0.75526E-03     0.40534E-02     0.48713E-02
     0.10711E+01     0.14394E-02    -0.34481E-04     0.80734E-03     0.00000E+00     0.00000E+00     0.61003E-04    -0.12194E-06    -0.83406E-03    -0.80505E-04    -0.76942E-03     0.40978E-02     0.49319E-02
     0.10868E+01     0.14694E-02    -0.35807E-04     0.82514E-03     0.00000E+00     0.00000E+00     0.60881E-04    -0.11858E-06    -0.85052E-03    -0.82412E-04    -0.78396E-03     0.41397E-02     0.49902E-02
     0.11026E+01     0.14993E-02    -0.37200E-04     0.84361E-03     0.00000E+00     0.00000E+00     0.60583E-04    -0.13349E-06    -0.86738E-03    -0.84435E-04    -0.79874E-03     0.41791E-02     0.50465E-02
     0.11183E+01     0.15291E-02    -0.38654E-04     0.86275E-03     0.00000E+00     0.00000E+00     0.60274E-04    -0.21214E-06    -0.88466E-03    -0.86664E-04    -0.81372E-03     0.42159E-02     0.51005E-02
     0.11340E+01     0.15587E-02    -0.40187E-04     0.88256E-03     0.00000E+00     0.00000E+00     0.59897E-04    -0.32111E-06    -0.90232E-03    -0.88980E-04    -0.82895E-03     0.42500E-02     0.51523E-02
     0.11497E+01     0.15881E-02    -0.41812E-04     0.90302E-03     0.00000E+00     0.00000E+00     0.59294E-04    -0.43012E-06    -0.92028E-03    -0.91261E-04    -0.84447E-03     0.42812E-02     0.52014E-02
     0.11653E+01     0.16170E-02    -0.43514E-04     0.92405E-03     0.00000E+00     0.00000E+00     0.58354E-04    -0.62966E-06    -0.93846E-03    -0.93559E-04    -0.86016E-03     0.43094E-02     0.52478E-02
     0.11809E+01     0.16454E-02    -0.45257E-04     0.94556E-03     0.00000E+00     0.00000E+00     0.56684E-04    -0.89137E-06    -0.95669E-03    -0.95818E-04    -0.87590E-03     0.43343E-02     0.52910E-02
     0.11965E+01     0.16732E-02    -0.47075E-04     0.96754E-03     0.00000E+00     0.00000E+00     0.54037E-04    -0.97585E-06    -0.97474E-03    -0.97610E-04    -0.89190E-03     0.43558E-02     0.53305E-02
     0.12120E+01     0.17002E-02    -0.49047E-04     0.99012E-03     0.00000E+00     0.00000E+00     0.51075E-04    -0.86726E-06    -0.99258E-03    -0.98581E-04    -0.90848E-03     0.43737E-02     0.53663E-02
     0.12275E+01     0.17265E-02    -0.51179E-04     0.10133E-02     0.00000E+00     0.00000E+00     0.48274E-04    -0.86928E-06    -0.10104E-02    -0.98840E-04    -0.92570E-03     0.43881E-02     0.53985E-02
     0.12430E+01     0.17522E-02    -0.53431E-04     0.10371E-02     0.00000E+00     0.00000E+00     0.45146E-04    -0.98870E-06    -0.10283E-02    -0.98616E-04    -0.94340E-03     0.43989E-02     0.54272E-02
     0.12584E+01     0.17771E-02    -0.55796E-04     0.10614E-02     0.00000E+00     0.00000E+00     0.41289E-04    -0.10039E-05    -0.10461E-02    -0.98101E-04    -0.96138E-03     0.44061E-02     0.54523E-02
     0.12737E+01     0.18012E-02    -0.58233E-04     0.10861E-02     0.00000E+00     0.00000E+00     0.36998E-04    -0.97888E-06    -0.10641E-02    -0.97721E-04    -0.97928E-03     0.44097E-02     0.54739E-02
     0.12890E+01     0.18245E-02    -0.60716E-04     0.11111E-02     0.00000E+00     0.00000E+00     0.32709E-04    -0.10256E-05    -0.10823E-02    -0.97729E-04    -0.99690E-03     0.44098E-02     0.54921E-02
     0.13042E+01     0.18471E-02    -0.63316E-04     0.11364E-02     0.00000E+00     0.00000E+00     0.28593E-04    -0.10877E-05    -0.11006E-02    -0.97981E-04    -0.10144E-02     0.44063E-02     0.55070E-02
     0.13194E+01     0.18688E-02    -0.66031E-04     0.11620E-02     0.00000E+00     0.00000E+00     0.24615E-04    -0.12790E-05    -0.11191E-02    -0.98375E-04    -0.10319E-02     0.43994E-02     0.55184E-02
     0.13345E+01     0.18896E-02    -0.68865E-04     0.11877E-02     0.00000E+00     0.00000E+00     0.20330E-04    -0.15046E-05    -0.11375E-02    -0.98712E-04    -0.10494E-02     0.43888E-02     0.55263E-02
     0.13495E+01     0.19093E-02    -0.71816E-04     0.12135E-02     0.00000E+00     0.00000E+00     0.15460E-04    -0.16830E-05    -0.11557E-02    -0.98884E-04    -0.10668E-02     0.43745E-02     0.55302E-02
     0.13645E+01     0.19279E-02    -0.74879E-04     0.12393E-02     0.00000E+00     0.00000E+00     0.10330E-04    -0.17907E-05    -0.11737E-02    -0.98866E-04    -0.10840E-02     0.43564E-02     0.55301E-02
     0.13794E+01     0.19452E-02    -0.78078E-04     0.12651E-02     0.00000E+00     0.00000E+00     0.52496E-05    -0.18602E-05    -0.11912E-02    -0.98496E-04    -0.11012E-02     0.43346E-02     0.55258E-02
     0.13942E+01     0.19612E-02    -0.81385E-04     0.12909E-02     0.00000E+00     0.00000E+00     0.21635E-06    -0.19803E-05    -0.12083E-02    -0.97836E-04    -0.11182E-02     0.43090E-02     0.55173E-02
     0.14089E+01     0.19758E-02    -0.84795E-04     0.13165E-02     0.00000E+00     0.00000E+00    -0.49549E-05    -0.21407E-05    -0.12250E-02    -0.97001E-04    -0.11350E-02     0.42797E-02     0.55047E-02
     0.14235E+01     0.19891E-02    -0.88323E-04     0.13419E-02     0.00000E+00     0.00000E+00    -0.10461E-04    -0.22983E-05    -0.12412E-02    -0.95890E-04    -0.11515E-02     0.42465E-02     0.54877E-02
     0.14380E+01     0.20008E-02    -0.91972E-04     0.13670E-02     0.00000E+00     0.00000E+00    -0.16160E-04    -0.24986E-05    -0.12567E-02    -0.94333E-04    -0.11679E-02     0.42096E-02     0.54664E-02
     0.14525E+01     0.20110E-02    -0.95722E-04     0.13919E-02     0.00000E+00     0.00000E+00    -0.22397E-04    -0.27911E-05    -0.12716E-02    -0.92192E-04    -0.11840E-02     0.41689E-02     0.54405E-02
     0.14668E+01     0.20194E-02    -0.99602E-04     0.14164E-02     0.00000E+00     0.00000E+00    -0.29632E-04    -0.28421E-05    -0.12856E-02    -0.89268E-04    -0.12001E-02     0.41243E-02     0.54099E-02
     0.14811E+01     0.20261E-02    -0.10367E-03     0.14407E-02     0.00000E+00     0.00000E+00    -0.37173E-04    -0.27510E-05    -0.12988E-02    -0.85594E-04    -0.12162E-02     0.40760E-02     0.53748E-02
     0.14952E+01     0.20311E-02    -0.10791E-03     0.14644E-02     0.00000E+00     0.00000E+00    -0.44364E-04    -0.28388E-05    -0.13114E-02    -0.81621E-04    -0.12318E-02     0.40241E-02     0.53355E-02
     0.15093E+01     0.20345E-02    -0.11225E-03     0.14871E-02     0.00000E+00     0.00000E+00    -0.51129E-04    -0.30576E-05    -0.13232E-02    -0.77625E-04    -0.12468E-02     0.39688E-02     0.52920E-02
     0.15232E+01     0.20361E-02    -0.11665E-03     0.15088E-02     0.00000E+00     0.00000E+00    -0.57777E-04    -0.32308E-05    -0.13342E-02    -0.73531E-04    -0.12610E-02     0.39101E-02     0.52443E-02
     0.15370E+01     0.20359E-02    -0.12114E-03     0.15296E-02     0.00000E+00     0.00000E+00    -0.64424E-04    -0.31378E-05    -0.13442E-02    -0.69308E-04    -0.12744E-02     0.38482E-02     0.51924E-02
     0.15507E+01     0.20340E-02    -0.12574E-03     0.15495E-02     0.00000E+00     0.00000E+00    -0.70302E-04    -0.30548E-05    -0.13533E-02    -0.65107E-04    -0.12868E-02     0.37834E-02     0.51367E-02
     0.15643E+01     0.20305E-02    -0.13044E-03     0.15684E-02     0.00000E+00     0.00000E+00    -0.75325E-04    -0.32328E-05    -0.13616E-02    -0.61016E-04    -0.12984E-02     0.37159E-02     0.50775E-02
     0.15778E+01     0.20253E-02    -0.13527E-03     0.15861E-02     0.00000E+00     0.00000E+00    -0.79723E-04    -0.33592E-05    -0.13690E-02    -0.56889E-04    -0.13091E-02     0.36457E-02     0.50147E-02
     0.15911E+01     0.20184E-02    -0.14005E-03     0.16024E-02     0.00000E+00     0.00000E+00    -0.83542E-04    -0.37187E-05    -0.13754E-02    -0.52906E-04    -0.13187E-02     0.35731E-02     0.49485E-02
     0.16043E+01     0.20096E-02    -0.14473E-03     0.16171E-02     0.00000E+00     0.00000E+00    -0.87648E-04    -0.41146E-05    -0.13806E-02    -0.49077E-04    -0.13270E-02     0.34981E-02     0.48787E-02
     0.16174E+01     0.19989E-02    -0.14948E-03     0.16303E-02     0.00000E+00     0.00000E+00    -0.92338E-04    -0.42464E-05    -0.13843E-02    -0.44976E-04    -0.13342E-02     0.34208E-02     0.48051E-02
     0.16303E+01     0.19863E-02    -0.15423E-03     0.16418E-02     0.00000E+00     0.00000E+00    -0.97195E-04    -0.44345E-05    -0.13866E-02    -0.40718E-04    -0.13401E-02     0.33412E-02     0.47278E-02
     0.16431E+01     0.19717E-02    -0.15897E-03     0.16514E-02     0.00000E+00     0.00000E+00    -0.10187E-03    -0.45441E-05    -0.13874E-02    -0.36561E-04    -0.13445E-02     0.32596E-02     0.46469E-02
     0.16558E+01     0.19551E-02    -0.16368E-03     0.16589E-02     0.00000E+00     0.00000E+00    -0.10588E-03    -0.47028E-05    -0.13866E-02    -0.32461E-04    -0.13473E-02     0.31761E-02     0.45627E-02
     0.16683E+01     0.19366E-02    -0.16843E-03     0.16645E-02     0.00000E+00     0.00000E+00    -0.10910E-03    -0.49165E-05    -0.13842E-02    -0.27957E-04    -0.13489E-02     0.30910E-02     0.44752E-02
     0.16806E+01     0.19161E-02    -0.17326E-03     0.16680E-02     0.00000E+00     0.00000E+00    -0.11186E-03    -0.50425E-05    -0.13801E-02    -0.22716E-04    -0.13496E-02     0.30043E-02     0.43844E-02
     0.16928E+01     0.18936E-02    -0.17803E-03     0.16692E-02     0.00000E+00     0.00000E+00    -0.11421E-03    -0.50687E-05    -0.13744E-02    -0.17259E-04    -0.13490E-02     0.29163E-02     0.42907E-02
     0.17049E+01     0.18693E-02    -0.18262E-03     0.16677E-02     0.00000E+00     0.00000E+00    -0.11574E-03    -0.51547E-05    -0.13671E-02    -0.12277E-04    -0.13464E-02     0.28270E-02     0.41941E-02
     0.17167E+01     0.18432E-02    -0.18698E-03     0.16636E-02     0.00000E+00     0.00000E+00    -0.11632E-03    -0.53243E-05    -0.13582E-02    -0.77723E-05    -0.13418E-02     0.27368E-02     0.40950E-02
     0.17285E+01     0.18154E-02    -0.19128E-03     0.16569E-02     0.00000E+00     0.00000E+00    -0.11567E-03    -0.53395E-05    -0.13477E-02    -0.33844E-05    -0.13355E-02     0.26459E-02     0.39936E-02
     0.17400E+01     0.17858E-02    -0.19546E-03     0.16476E-02     0.00000E+00     0.00000E+00    -0.11369E-03    -0.54594E-05    -0.13355E-02     0.83011E-06    -0.13275E-02     0.25544E-02     0.38899E-02
     0.17514E+01     0.17546E-02    -0.19940E-03     0.16358E-02     0.00000E+00     0.00000E+00    -0.11079E-03    -0.58303E-05    -0.13218E-02     0.48465E-05    -0.13177E-02     0.24625E-02     0.37843E-02
     0.17626E+01     0.17217E-02    -0.20326E-03     0.16215E-02     0.00000E+00     0.00000E+00    -0.10716E-03    -0.62055E-05    -0.13063E-02     0.91786E-05    -0.13065E-02     0.23704E-02     0.36766E-02
     0.17737E+01     0.16871E-02    -0.20700E-03     0.16046E-02     0.00000E+00     0.00000E+00    -0.10331E-03    -0.65183E-05    -0.12890E-02     0.14167E-04    -0.12942E-02     0.22781E-02     0.35671E-02
     0.17845E+01     0.16509E-02    -0.21051E-03     0.15852E-02     0.00000E+00     0.00000E+00    -0.99320E-04    -0.67975E-05    -0.12698E-02     0.19703E-04    -0.12808E-02     0.21857E-02     0.34556E-02
     0.17952E+01     0.16130E-02    -0.21384E-03     0.15631E-02     0.00000E+00     0.00000E+00    -0.94588E-04    -0.70822E-05    -0.12489E-02     0.25627E-04    -0.12659E-02     0.20934E-02     0.33423E-02
     0.18057E+01     0.15735E-02    -0.21697E-03     0.15381E-02     0.00000E+00     0.00000E+00    -0.89285E-04    -0.72587E-05    -0.12263E-02     0.31841E-04    -0.12497E-02     0.20012E-02     0.32275E-02
     0.18160E+01     0.15324E-02    -0.21983E-03     0.15102E-02     0.00000E+00     0.00000E+00    -0.83230E-04    -0.74659E-05    -0.12020E-02     0.38194E-04    -0.12319E-02     0.19093E-02     0.31113E-02
     0.18261E+01     0.14899E-02    -0.22238E-03     0.14794E-02     0.00000E+00     0.00000E+00    -0.75925E-04    -0.79869E-05    -0.11761E-02     0.44684E-04    -0.12127E-02     0.18178E-02     0.29939E-02
     0.18360E+01     0.14459E-02    -0.22474E-03     0.14460E-02     0.00000E+00     0.00000E+00    -0.67662E-04    -0.86745E-05    -0.11485E-02     0.51550E-04    -0.11923E-02     0.17268E-02     0.28753E-02
     0.18457E+01     0.14003E-02    -0.22690E-03     0.14099E-02     0.00000E+00     0.00000E+00    -0.58707E-04    -0.95821E-05    -0.11193E-02     0.59028E-04    -0.11708E-02     0.16363E-02     0.27555E-02
     0.18552E+01     0.13532E-02    -0.22887E-03     0.13714E-02     0.00000E+00     0.00000E+00    -0.49084E-04    -0.10569E-04    -0.10882E-02     0.67404E-04    -0.11484E-02     0.15463E-02     0.26345E-02
     0.18645E+01     0.13045E-02    -0.23062E-03     0.13304E-02     0.00000E+00     0.00000E+00    -0.38941E-04    -0.11644E-04    -0.10551E-02     0.76920E-04    -0.11251E-02     0.14569E-02     0.25120E-02
     0.18736E+01     0.12540E-02    -0.23213E-03     0.12869E-02     0.00000E+00     0.00000E+00    -0.28306E-04    -0.12907E-04    -0.10200E-02     0.87750E-04    -0.11011E-02     0.13680E-02     0.23880E-02
     0.18825E+01     0.12016E-02    -0.23339E-03     0.12411E-02     0.00000E+00     0.00000E+00    -0.17225E-04    -0.14393E-04    -0.98277E-03     0.10010E-03    -0.10764E-02     0.12797E-02     0.22625E-02
     0.18912E+01     0.11474E-02    -0.23446E-03     0.11932E-02     0.00000E+00     0.00000E+00    -0.61675E-05    -0.15981E-04    -0.94319E-03     0.11420E-03    -0.10512E-02     0.11921E-02     0.21353E-02
     0.18996E+01     0.10913E-02    -0.23542E-03     0.11433E-02     0.00000E+00     0.00000E+00     0.45154E-05    -0.17493E-04    -0.90118E-03     0.13020E-03    -0.10254E-02     0.11052E-02     0.20064E-02
     0.19078E+01     0.10331E-02    -0.23621E-03     0.10917E-02     0.00000E+00     0.00000E+00     0.14807E-04    -0.19161E-04    -0.85668E-03     0.14801E-03    -0.99898E-03     0.10191E-02     0.18758E-02
     0.19158E+01     0.97290E-03    -0.23668E-03     0.10385E-02     0.00000E+00     0.00000E+00     0.24688E-04    -0.21487E-04    -0.80962E-03     0.16755E-03    -0.97166E-03     0.93397E-03     0.17436E-02
     0.19236E+01     0.91061E-03    -0.23667E-03     0.98373E-03     0.00000E+00     0.00000E+00     0.34321E-04    -0.25261E-04    -0.75982E-03     0.18905E-03    -0.94353E-03     0.84994E-03     0.16098E-02
     0.19311E+01     0.84593E-03    -0.23592E-03     0.92696E-03     0.00000E+00     0.00000E+00     0.44518E-04    -0.31760E-04    -0.70681E-03     0.21341E-03    -0.91503E-03     0.76713E-03     0.14739E-02
     0.19384E+01     0.77826E-03    -0.23426E-03     0.86691E-03     0.00000E+00     0.00000E+00     0.56846E-04    -0.42359E-04    -0.64969E-03     0.24255E-03    -0.88719E-03     0.68558E-03     0.13353E-02
     0.19455E+01     0.70653E-03    -0.23167E-03     0.80098E-03     0.00000E+00     0.00000E+00     0.73255E-04    -0.57789E-04    -0.58697E-03     0.27973E-03    -0.86181E-03     0.60524E-03     0.11922E-02
     0.19523E+01     0.62933E-03    -0.22866E-03     0.72514E-03     0.00000E+00     0.00000E+00     0.94935E-04    -0.76585E-04    -0.51673E-03     0.32949E-03    -0.84156E-03     0.52608E-03     0.10428E-02
     0.19589E+01     0.54520E-03    -0.22690E-03     0.63472E-03     0.00000E+00     0.00000E+00     0.12029E-03    -0.92590E-04    -0.43717E-03     0.39677E-03    -0.82965E-03     0.44819E-03     0.88537E-03
     0.19652E+01     0.45349E-03    -0.22996E-03     0.52653E-03     0.00000E+00     0.00000E+00     0.14277E-03    -0.92908E-04    -0.34784E-03     0.48462E-03    -0.82878E-03     0.37201E-03     0.71985E-03
     0.19713E+01     0.35560E-03    -0.24310E-03     0.40236E-03     0.00000E+00     0.00000E+00     0.15097E-03    -0.59919E-04    -0.25140E-03     0.59102E-03    -0.83962E-03     0.29851E-03     0.54991E-03
     0.19771E+01     0.25618E-03    -0.27041E-03     0.27198E-03     0.00000E+00     0.00000E+00     0.13389E-03     0.18827E-04    -0.15512E-03     0.70569E-03    -0.85909E-03     0.22920E-03     0.38432E-03
     0.19826E+01     0.16312E-03    -0.31097E-03     0.15286E-03     0.00000E+00     0.00000E+00     0.92640E-04     0.13560E-03    -0.70367E-04     0.81237E-03    -0.88241E-03     0.16583E-03     0.23620E-03
     0.19879E+01     0.85658E-04    -0.35686E-03     0.63868E-04     0.00000E+00     0.00000E+00     0.42788E-04     0.25910E-03    -0.93506E-05     0.89460E-03    -0.90366E-03     0.10971E-03     0.11906E-03
     0.19929E+01     0.31227E-04    -0.39983E-03     0.15175E-04     0.00000E+00     0.00000E+00     0.12987E-04     0.35217E-03     0.19712E-04     0.94538E-03    -0.93180E-03     0.61151E-04     0.41440E-04
     0.19977E+01     0.34979E-05    -0.45631E-03     0.57200E-06     0.00000E+00     0.00000E+00    -0.78115E-05     0.47022E-03     0.14630E-04     0.99168E-03    -0.96007E-03     0.19039E-04     0.44088E-05
