     0.23093E-02    -0.44465E-19    -0.12849E-05     0.26647E-01     0.99407E+00     0.00000E+00     0.54074E+01     0.30573E+02     0.50000E+01     0.29491E+02     0.14746E+03     0.15286E+03     0.79212E+00     0.47258E-05    -0.19792E-04     0.10087E-07     0.27170E-04     0.98865E-04    -0.23513E-06
     0.70633E-02    -0.17489E-18    -0.38185E-05     0.82103E-01     0.98451E+00     0.00000E+00     0.35176E+01     0.30106E+02     0.50000E+01     0.29403E+02     0.14701E+03     0.15053E+03     0.81286E+00     0.49892E-05    -0.21299E-04     0.69819E-06     0.21269E-03     0.93684E-03    -0.72924E-05
     0.12087E-01    -0.19748E-18    -0.58493E-05     0.14017E+00     0.97731E+00     0.00000E+00     0.22173E+01     0.29759E+02     0.50000E+01     0.29315E+02     0.14658E+03     0.14879E+03     0.82663E+00     0.52112E-05    -0.21789E-04     0.46840E-05     0.51263E-03     0.27145E-02    -0.37135E-04
     0.17376E-01    -0.26124E-18    -0.66362E-05     0.20023E+00     0.97179E+00     0.00000E+00     0.13581E+01     0.29495E+02     0.50000E+01     0.29223E+02     0.14611E+03     0.14747E+03     0.83605E+00     0.54454E-05    -0.22922E-04     0.15655E-04     0.87074E-03     0.54414E-02    -0.10762E-03
     0.22928E-01    -0.38412E-18    -0.56544E-05     0.26137E+00     0.96742E+00     0.00000E+00     0.79931E+00     0.29287E+02     0.50000E+01     0.29127E+02     0.14563E+03     0.14643E+03     0.84201E+00     0.56753E-05    -0.24005E-04     0.37176E-04     0.12487E-02     0.89536E-02    -0.23167E-03
     0.28739E-01    -0.28809E-18    -0.26997E-05     0.32239E+00     0.96381E+00     0.00000E+00     0.44156E+00     0.29116E+02     0.50000E+01     0.29027E+02     0.14514E+03     0.14558E+03     0.84562E+00     0.59004E-05    -0.25246E-04     0.72108E-04     0.16240E-02     0.12917E-01    -0.41222E-03
     0.34807E-01    -0.52042E-18     0.26698E-05     0.38206E+00     0.96068E+00     0.00000E+00     0.21404E+00     0.28968E+02     0.50000E+01     0.28926E+02     0.14463E+03     0.14484E+03     0.84760E+00     0.61200E-05    -0.26596E-04     0.12241E-03     0.19860E-02     0.16920E-01    -0.64141E-03
     0.41127E-01    -0.36760E-18     0.11964E-04     0.43921E+00     0.95785E+00     0.00000E+00     0.68874E-01     0.28835E+02     0.50000E+01     0.28822E+02     0.14411E+03     0.14418E+03     0.84849E+00     0.63269E-05    -0.28061E-04     0.18918E-03     0.23304E-02     0.20583E-01    -0.90365E-03
     0.47696E-01    -0.46879E-18     0.28125E-04     0.49296E+00     0.95519E+00     0.00000E+00    -0.25251E-01     0.28711E+02     0.50000E+01     0.28716E+02     0.14358E+03     0.14355E+03     0.84863E+00     0.65192E-05    -0.29635E-04     0.27273E-03     0.26558E-02     0.23644E-01    -0.11805E-02
     0.54512E-01     0.26847E-18     0.55319E-04     0.54272E+00     0.95262E+00     0.00000E+00    -0.88049E-01     0.28591E+02     0.50000E+01     0.28608E+02     0.14304E+03     0.14295E+03     0.84823E+00     0.66964E-05    -0.31316E-04     0.37266E-03     0.29615E-02     0.25977E-01    -0.14547E-02
     0.61570E-01    -0.82606E-20     0.98442E-04     0.58821E+00     0.95008E+00     0.00000E+00    -0.13147E+00     0.28473E+02     0.50000E+01     0.28499E+02     0.14250E+03     0.14236E+03     0.84745E+00     0.68561E-05    -0.33084E-04     0.48792E-03     0.32462E-02     0.27569E-01    -0.17131E-02
     0.68868E-01    -0.24782E-18     0.16231E-03     0.62941E+00     0.94755E+00     0.00000E+00    -0.16253E+00     0.28356E+02     0.50000E+01     0.28388E+02     0.14194E+03     0.14178E+03     0.84636E+00     0.69862E-05    -0.34919E-04     0.61688E-03     0.35081E-02     0.28484E-01    -0.19472E-02
     0.76401E-01     0.95823E-18     0.25046E-03     0.66651E+00     0.94502E+00     0.00000E+00    -0.18526E+00     0.28239E+02     0.50000E+01     0.28276E+02     0.14138E+03     0.14119E+03     0.84504E+00     0.70946E-05    -0.36798E-04     0.75739E-03     0.37457E-02     0.28825E-01    -0.21526E-02
     0.84168E-01     0.96649E-18     0.36407E-03     0.69977E+00     0.94247E+00     0.00000E+00    -0.20196E+00     0.28121E+02     0.50000E+01     0.28162E+02     0.14081E+03     0.14061E+03     0.84352E+00     0.71762E-05    -0.38693E-04     0.90690E-03     0.39579E-02     0.28707E-01    -0.23282E-02
     0.92164E-01     0.85910E-18     0.50183E-03     0.72956E+00     0.93990E+00     0.00000E+00    -0.21398E+00     0.28003E+02     0.50000E+01     0.28046E+02     0.14023E+03     0.14002E+03     0.84185E+00     0.72078E-05    -0.40572E-04     0.10626E-02     0.41448E-02     0.28238E-01    -0.24754E-02
     0.10039E+00    -0.74345E-19     0.66054E-03     0.75623E+00     0.93730E+00     0.00000E+00    -0.22221E+00     0.27884E+02     0.50000E+01     0.27929E+02     0.13964E+03     0.13942E+03     0.84004E+00     0.71728E-05    -0.42397E-04     0.12217E-02     0.43075E-02     0.27513E-01    -0.25964E-02
     0.10883E+00     0.12887E-17     0.83589E-03     0.78013E+00     0.93467E+00     0.00000E+00    -0.22730E+00     0.27764E+02     0.50000E+01     0.27810E+02     0.13905E+03     0.13882E+03     0.83813E+00     0.70760E-05    -0.44123E-04     0.13814E-02     0.44476E-02     0.26613E-01    -0.26943E-02
     0.11749E+00    -0.36347E-18     0.10230E-02     0.80161E+00     0.93201E+00     0.00000E+00    -0.22979E+00     0.27643E+02     0.50000E+01     0.27689E+02     0.13845E+03     0.13822E+03     0.83613E+00     0.69314E-05    -0.45752E-04     0.15394E-02     0.45676E-02     0.25598E-01    -0.27718E-02
     0.12637E+00     0.46259E-18     0.12163E-02     0.82095E+00     0.92931E+00     0.00000E+00    -0.23011E+00     0.27521E+02     0.50000E+01     0.27567E+02     0.13784E+03     0.13761E+03     0.83407E+00     0.67449E-05    -0.47268E-04     0.16935E-02     0.46697E-02     0.24519E-01    -0.28316E-02
     0.13547E+00    -0.28912E-18     0.14103E-02     0.83845E+00     0.92658E+00     0.00000E+00    -0.22862E+00     0.27398E+02     0.50000E+01     0.27443E+02     0.13722E+03     0.13699E+03     0.83197E+00     0.65032E-05    -0.48614E-04     0.18418E-02     0.47560E-02     0.23411E-01    -0.28762E-02
     0.14477E+00    -0.44607E-18     0.15989E-02     0.85433E+00     0.92381E+00     0.00000E+00    -0.22564E+00     0.27273E+02     0.50000E+01     0.27318E+02     0.13659E+03     0.13636E+03     0.82984E+00     0.62080E-05    -0.49719E-04     0.19829E-02     0.48276E-02     0.22303E-01    -0.29076E-02
     0.15428E+00    -0.27260E-17     0.17759E-02     0.86881E+00     0.92100E+00     0.00000E+00    -0.22143E+00     0.27147E+02     0.50000E+01     0.27191E+02     0.13596E+03     0.13573E+03     0.82769E+00     0.58659E-05    -0.50555E-04     0.21155E-02     0.48842E-02     0.21214E-01    -0.29279E-02
     0.16399E+00    -0.30564E-18     0.19350E-02     0.88207E+00     0.91814E+00     0.00000E+00    -0.21620E+00     0.27019E+02     0.50000E+01     0.27063E+02     0.13531E+03     0.13510E+03     0.82555E+00     0.54992E-05    -0.51145E-04     0.22386E-02     0.49252E-02     0.20160E-01    -0.29389E-02
     0.17390E+00    -0.13052E-17     0.20717E-02     0.89427E+00     0.91524E+00     0.00000E+00    -0.21008E+00     0.26890E+02     0.50000E+01     0.26932E+02     0.13466E+03     0.13445E+03     0.82342E+00     0.50883E-05    -0.51526E-04     0.23516E-02     0.49509E-02     0.19151E-01    -0.29422E-02
     0.18401E+00     0.11813E-17     0.21835E-02     0.90554E+00     0.91230E+00     0.00000E+00    -0.20325E+00     0.26760E+02     0.50000E+01     0.26800E+02     0.13400E+03     0.13380E+03     0.82131E+00     0.46694E-05    -0.51741E-04     0.24540E-02     0.49636E-02     0.18196E-01    -0.29389E-02
     0.19431E+00     0.30234E-17     0.22687E-02     0.91598E+00     0.90931E+00     0.00000E+00    -0.19589E+00     0.26628E+02     0.50000E+01     0.26667E+02     0.13333E+03     0.13314E+03     0.81924E+00     0.42182E-05    -0.51780E-04     0.25457E-02     0.49653E-02     0.17297E-01    -0.29297E-02
     0.20480E+00    -0.31803E-17     0.23250E-02     0.92572E+00     0.90628E+00     0.00000E+00    -0.18816E+00     0.26494E+02     0.50000E+01     0.26532E+02     0.13266E+03     0.13247E+03     0.81720E+00     0.37218E-05    -0.51654E-04     0.26265E-02     0.49575E-02     0.16455E-01    -0.29152E-02
     0.21547E+00     0.22138E-17     0.23493E-02     0.93483E+00     0.90320E+00     0.00000E+00    -0.18019E+00     0.26359E+02     0.50000E+01     0.26395E+02     0.13197E+03     0.13179E+03     0.81522E+00     0.31860E-05    -0.51406E-04     0.26967E-02     0.49406E-02     0.15668E-01    -0.28960E-02
     0.22633E+00     0.27260E-18     0.23395E-02     0.94340E+00     0.90006E+00     0.00000E+00    -0.17211E+00     0.26222E+02     0.50000E+01     0.26256E+02     0.13128E+03     0.13111E+03     0.81329E+00     0.26104E-05    -0.51046E-04     0.27565E-02     0.49153E-02     0.14933E-01    -0.28727E-02
     0.23737E+00    -0.23130E-18     0.22958E-02     0.95150E+00     0.89688E+00     0.00000E+00    -0.16396E+00     0.26084E+02     0.50000E+01     0.26116E+02     0.13058E+03     0.13042E+03     0.81141E+00     0.20220E-05    -0.50569E-04     0.28061E-02     0.48822E-02     0.14249E-01    -0.28458E-02
     0.24859E+00    -0.10739E-17     0.22189E-02     0.95920E+00     0.89365E+00     0.00000E+00    -0.15583E+00     0.25944E+02     0.50000E+01     0.25975E+02     0.12987E+03     0.12972E+03     0.80960E+00     0.13588E-05    -0.49920E-04     0.28459E-02     0.48421E-02     0.13614E-01    -0.28159E-02
     0.25997E+00    -0.22882E-17     0.21104E-02     0.96654E+00     0.89037E+00     0.00000E+00    -0.14779E+00     0.25802E+02     0.50000E+01     0.25831E+02     0.12916E+03     0.12901E+03     0.80786E+00     0.65385E-06    -0.49095E-04     0.28766E-02     0.47958E-02     0.13022E-01    -0.27833E-02
     0.27153E+00    -0.29077E-17     0.19738E-02     0.97357E+00     0.88703E+00     0.00000E+00    -0.13990E+00     0.25658E+02     0.50000E+01     0.25686E+02     0.12843E+03     0.12829E+03     0.80618E+00    -0.71576E-07    -0.48089E-04     0.28986E-02     0.47447E-02     0.12473E-01    -0.27486E-02
     0.28325E+00    -0.89214E-18     0.18133E-02     0.98033E+00     0.88364E+00     0.00000E+00    -0.13222E+00     0.25513E+02     0.50000E+01     0.25540E+02     0.12770E+03     0.12757E+03     0.80456E+00    -0.78597E-06    -0.46930E-04     0.29126E-02     0.46899E-02     0.11962E-01    -0.27120E-02
     0.29514E+00     0.20899E-17     0.16338E-02     0.98684E+00     0.88020E+00     0.00000E+00    -0.12478E+00     0.25367E+02     0.50000E+01     0.25392E+02     0.12696E+03     0.12683E+03     0.80302E+00    -0.14674E-05    -0.45721E-04     0.29190E-02     0.46322E-02     0.11488E-01    -0.26739E-02
     0.30719E+00     0.12391E-18     0.14407E-02     0.99314E+00     0.87671E+00     0.00000E+00    -0.11760E+00     0.25219E+02     0.50000E+01     0.25242E+02     0.12621E+03     0.12609E+03     0.80155E+00    -0.21025E-05    -0.44552E-04     0.29187E-02     0.45713E-02     0.11045E-01    -0.26342E-02
     0.31939E+00    -0.31390E-17     0.12402E-02     0.99925E+00     0.87316E+00     0.00000E+00    -0.11069E+00     0.25069E+02     0.50000E+01     0.25091E+02     0.12545E+03     0.12534E+03     0.80014E+00    -0.27240E-05    -0.43418E-04     0.29122E-02     0.45071E-02     0.10631E-01    -0.25931E-02
     0.33174E+00    -0.17265E-17     0.10379E-02     0.10052E+01     0.86956E+00     0.00000E+00    -0.10404E+00     0.24917E+02     0.50000E+01     0.24938E+02     0.12469E+03     0.12459E+03     0.79880E+00    -0.33209E-05    -0.42367E-04     0.29004E-02     0.44399E-02     0.10240E-01    -0.25505E-02
     0.34425E+00     0.41633E-17     0.83770E-03     0.10110E+01     0.86591E+00     0.00000E+00    -0.97644E-01     0.24764E+02     0.50000E+01     0.24784E+02     0.12392E+03     0.12382E+03     0.79752E+00    -0.38945E-05    -0.41381E-04     0.28839E-02     0.43708E-02     0.98721E-02    -0.25066E-02
     0.35690E+00     0.24617E-17     0.64227E-03     0.10166E+01     0.86220E+00     0.00000E+00    -0.91480E-01     0.24610E+02     0.50000E+01     0.24628E+02     0.12314E+03     0.12305E+03     0.79631E+00    -0.44799E-05    -0.40449E-04     0.28633E-02     0.43004E-02     0.95241E-02    -0.24614E-02
     0.36969E+00    -0.68811E-17     0.45451E-03     0.10222E+01     0.85844E+00     0.00000E+00    -0.85516E-01     0.24454E+02     0.50000E+01     0.24471E+02     0.12236E+03     0.12227E+03     0.79517E+00    -0.50729E-05    -0.39603E-04     0.28391E-02     0.42288E-02     0.91948E-02    -0.24148E-02
     0.38262E+00     0.22304E-17     0.27687E-03     0.10276E+01     0.85462E+00     0.00000E+00    -0.79766E-01     0.24296E+02     0.50000E+01     0.24312E+02     0.12156E+03     0.12148E+03     0.79408E+00    -0.57085E-05    -0.38776E-04     0.28115E-02     0.41555E-02     0.88837E-02    -0.23668E-02
     0.39569E+00    -0.46755E-17     0.11013E-03     0.10329E+01     0.85075E+00     0.00000E+00    -0.74300E-01     0.24137E+02     0.50000E+01     0.24152E+02     0.12076E+03     0.12069E+03     0.79307E+00    -0.63719E-05    -0.38028E-04     0.27810E-02     0.40800E-02     0.85905E-02    -0.23177E-02
     0.40890E+00    -0.14704E-17    -0.46382E-04     0.10382E+01     0.84682E+00     0.00000E+00    -0.69119E-01     0.23977E+02     0.50000E+01     0.23991E+02     0.11995E+03     0.11989E+03     0.79211E+00    -0.70904E-05    -0.37396E-04     0.27477E-02     0.40017E-02     0.83137E-02    -0.22676E-02
     0.42223E+00     0.85084E-18    -0.19325E-03     0.10433E+01     0.84284E+00     0.00000E+00    -0.64181E-01     0.23815E+02     0.50000E+01     0.23828E+02     0.11914E+03     0.11908E+03     0.79121E+00    -0.78241E-05    -0.36850E-04     0.27119E-02     0.39211E-02     0.80510E-02    -0.22168E-02
     0.43569E+00     0.89214E-18    -0.33007E-03     0.10484E+01     0.83881E+00     0.00000E+00    -0.59499E-01     0.23652E+02     0.50000E+01     0.23664E+02     0.11832E+03     0.11826E+03     0.79037E+00    -0.85802E-05    -0.36349E-04     0.26739E-02     0.38386E-02     0.77998E-02    -0.21651E-02
     0.44927E+00    -0.17058E-17    -0.45466E-03     0.10534E+01     0.83472E+00     0.00000E+00    -0.55130E-01     0.23487E+02     0.50000E+01     0.23498E+02     0.11749E+03     0.11744E+03     0.78958E+00    -0.93691E-05    -0.35894E-04     0.26339E-02     0.37546E-02     0.75582E-02    -0.21126E-02
     0.46297E+00     0.54313E-17    -0.56500E-03     0.10583E+01     0.83057E+00     0.00000E+00    -0.51092E-01     0.23321E+02     0.50000E+01     0.23332E+02     0.11666E+03     0.11661E+03     0.78884E+00    -0.10178E-04    -0.35561E-04     0.25924E-02     0.36690E-02     0.73254E-02    -0.20594E-02
     0.47679E+00    -0.14497E-17    -0.66096E-03     0.10632E+01     0.82637E+00     0.00000E+00    -0.47390E-01     0.23154E+02     0.50000E+01     0.23164E+02     0.11582E+03     0.11577E+03     0.78815E+00    -0.10969E-04    -0.35384E-04     0.25498E-02     0.35817E-02     0.71013E-02    -0.20056E-02
     0.49072E+00    -0.32051E-17    -0.74346E-03     0.10679E+01     0.82211E+00     0.00000E+00    -0.43988E-01     0.22986E+02     0.50000E+01     0.22994E+02     0.11497E+03     0.11493E+03     0.78751E+00    -0.11779E-04    -0.35319E-04     0.25062E-02     0.34926E-02     0.68855E-02    -0.19512E-02
     0.50476E+00    -0.15199E-17    -0.81242E-03     0.10727E+01     0.81779E+00     0.00000E+00    -0.40767E-01     0.22816E+02     0.50000E+01     0.22824E+02     0.11412E+03     0.11408E+03     0.78690E+00    -0.12603E-04    -0.35306E-04     0.24619E-02     0.34027E-02     0.66775E-02    -0.18965E-02
     0.51891E+00    -0.48077E-17    -0.86573E-03     0.10773E+01     0.81342E+00     0.00000E+00    -0.37718E-01     0.22645E+02     0.50000E+01     0.22652E+02     0.11326E+03     0.11322E+03     0.78634E+00    -0.13392E-04    -0.35405E-04     0.24169E-02     0.33130E-02     0.64766E-02    -0.18416E-02
     0.53316E+00     0.48324E-18    -0.90044E-03     0.10819E+01     0.80900E+00     0.00000E+00    -0.34909E-01     0.22472E+02     0.50000E+01     0.22479E+02     0.11240E+03     0.11236E+03     0.78581E+00    -0.14104E-04    -0.35707E-04     0.23714E-02     0.32248E-02     0.62826E-02    -0.17865E-02
     0.54751E+00    -0.52083E-17    -0.91397E-03     0.10864E+01     0.80452E+00     0.00000E+00    -0.32435E-01     0.22299E+02     0.50000E+01     0.22306E+02     0.11153E+03     0.11150E+03     0.78532E+00    -0.14813E-04    -0.36272E-04     0.23256E-02     0.31387E-02     0.60956E-02    -0.17312E-02
     0.56196E+00    -0.11441E-17    -0.90507E-03     0.10908E+01     0.79998E+00     0.00000E+00    -0.30302E-01     0.22125E+02     0.50000E+01     0.22131E+02     0.11065E+03     0.11062E+03     0.78486E+00    -0.15541E-04    -0.37031E-04     0.22797E-02     0.30542E-02     0.59153E-02    -0.16757E-02
     0.57649E+00    -0.18256E-17    -0.87363E-03     0.10952E+01     0.79539E+00     0.00000E+00    -0.28488E-01     0.21949E+02     0.50000E+01     0.21955E+02     0.10977E+03     0.10974E+03     0.78443E+00    -0.16284E-04    -0.37900E-04     0.22341E-02     0.29706E-02     0.57408E-02    -0.16200E-02
     0.59112E+00    -0.18173E-18    -0.82090E-03     0.10994E+01     0.79074E+00     0.00000E+00    -0.27008E-01     0.21772E+02     0.50000E+01     0.21777E+02     0.10889E+03     0.10886E+03     0.78401E+00    -0.17016E-04    -0.38762E-04     0.21890E-02     0.28879E-02     0.55706E-02    -0.15637E-02
     0.60584E+00    -0.23997E-17    -0.74911E-03     0.11036E+01     0.78603E+00     0.00000E+00    -0.25872E-01     0.21594E+02     0.50000E+01     0.21599E+02     0.10800E+03     0.10797E+03     0.78362E+00    -0.17688E-04    -0.39639E-04     0.21445E-02     0.28061E-02     0.54035E-02    -0.15069E-02
     0.62064E+00     0.24451E-17    -0.66116E-03     0.11077E+01     0.78127E+00     0.00000E+00    -0.25077E-01     0.21415E+02     0.50000E+01     0.21420E+02     0.10710E+03     0.10708E+03     0.78323E+00    -0.18306E-04    -0.40517E-04     0.21009E-02     0.27259E-02     0.52387E-02    -0.14496E-02
     0.63552E+00     0.30316E-17    -0.56009E-03     0.11117E+01     0.77645E+00     0.00000E+00    -0.24647E-01     0.21236E+02     0.50000E+01     0.21241E+02     0.10620E+03     0.10618E+03     0.78286E+00    -0.18935E-04    -0.41404E-04     0.20582E-02     0.26472E-02     0.50754E-02    -0.13919E-02
     0.65047E+00     0.24369E-17    -0.44921E-03     0.11156E+01     0.77157E+00     0.00000E+00    -0.24537E-01     0.21055E+02     0.50000E+01     0.21060E+02     0.10530E+03     0.10527E+03     0.78248E+00    -0.19551E-04    -0.42320E-04     0.20167E-02     0.25698E-02     0.49132E-02    -0.13340E-02
     0.66550E+00    -0.45433E-19    -0.33405E-03     0.11193E+01     0.76664E+00     0.00000E+00    -0.24646E-01     0.20873E+02     0.50000E+01     0.20878E+02     0.10439E+03     0.10437E+03     0.78210E+00    -0.20167E-04    -0.43282E-04     0.19765E-02     0.24931E-02     0.47524E-02    -0.12758E-02
     0.68060E+00    -0.15365E-17    -0.22067E-03     0.11230E+01     0.76166E+00     0.00000E+00    -0.24957E-01     0.20691E+02     0.50000E+01     0.20696E+02     0.10348E+03     0.10345E+03     0.78172E+00    -0.20856E-04    -0.44392E-04     0.19377E-02     0.24169E-02     0.45932E-02    -0.12175E-02
     0.69576E+00    -0.23625E-17    -0.11170E-03     0.11266E+01     0.75662E+00     0.00000E+00    -0.25484E-01     0.20508E+02     0.50000E+01     0.20513E+02     0.10256E+03     0.10254E+03     0.78133E+00    -0.21572E-04    -0.45672E-04     0.19005E-02     0.23420E-02     0.44364E-02    -0.11591E-02
     0.71099E+00    -0.20734E-17    -0.61928E-05     0.11300E+01     0.75152E+00     0.00000E+00    -0.26191E-01     0.20324E+02     0.50000E+01     0.20329E+02     0.10165E+03     0.10162E+03     0.78093E+00    -0.22287E-04    -0.47159E-04     0.18648E-02     0.22692E-02     0.42828E-02    -0.11005E-02
     0.72628E+00     0.40477E-18     0.96951E-04     0.11333E+01     0.74637E+00     0.00000E+00    -0.27033E-01     0.20139E+02     0.50000E+01     0.20145E+02     0.10072E+03     0.10070E+03     0.78051E+00    -0.23050E-04    -0.48844E-04     0.18305E-02     0.21993E-02     0.41334E-02    -0.10418E-02
     0.74162E+00    -0.51918E-17     0.19801E-03     0.11365E+01     0.74117E+00     0.00000E+00    -0.28049E-01     0.19954E+02     0.50000E+01     0.19960E+02     0.99798E+02     0.99770E+02     0.78008E+00    -0.23807E-04    -0.50681E-04     0.17978E-02     0.21319E-02     0.39881E-02    -0.98289E-03
     0.75702E+00     0.41675E-17     0.29715E-03     0.11395E+01     0.73592E+00     0.00000E+00    -0.29341E-01     0.19768E+02     0.50000E+01     0.19774E+02     0.98870E+02     0.98840E+02     0.77963E+00    -0.24530E-04    -0.52611E-04     0.17667E-02     0.20671E-02     0.38468E-02    -0.92384E-03
     0.77247E+00     0.29160E-17     0.39376E-03     0.11424E+01     0.73060E+00     0.00000E+00    -0.30987E-01     0.19582E+02     0.50000E+01     0.19588E+02     0.97939E+02     0.97908E+02     0.77915E+00    -0.25288E-04    -0.54650E-04     0.17374E-02     0.20049E-02     0.37097E-02    -0.86458E-03
     0.78796E+00     0.25484E-17     0.48654E-03     0.11452E+01     0.72524E+00     0.00000E+00    -0.33001E-01     0.19395E+02     0.50000E+01     0.19401E+02     0.97006E+02     0.96973E+02     0.77865E+00    -0.26038E-04    -0.56735E-04     0.17100E-02     0.19456E-02     0.35773E-02    -0.80522E-03
     0.80350E+00    -0.33538E-17     0.57472E-03     0.11477E+01     0.71982E+00     0.00000E+00    -0.35368E-01     0.19207E+02     0.50000E+01     0.19214E+02     0.96071E+02     0.96036E+02     0.77810E+00    -0.26746E-04    -0.58922E-04     0.16847E-02     0.18894E-02     0.34503E-02    -0.74597E-03
     0.81907E+00    -0.57411E-18     0.65847E-03     0.11501E+01     0.71435E+00     0.00000E+00    -0.38031E-01     0.19019E+02     0.50000E+01     0.19027E+02     0.95134E+02     0.95096E+02     0.77752E+00    -0.27404E-04    -0.61151E-04     0.16615E-02     0.18364E-02     0.33294E-02    -0.68692E-03
     0.83469E+00     0.73519E-18     0.73857E-03     0.11524E+01     0.70883E+00     0.00000E+00    -0.40896E-01     0.18831E+02     0.50000E+01     0.18839E+02     0.94195E+02     0.94154E+02     0.77689E+00    -0.27963E-04    -0.63441E-04     0.16405E-02     0.17865E-02     0.32152E-02    -0.62799E-03
     0.85033E+00    -0.22304E-18     0.81614E-03     0.11544E+01     0.70325E+00     0.00000E+00    -0.43889E-01     0.18642E+02     0.50000E+01     0.18651E+02     0.93255E+02     0.93212E+02     0.77621E+00    -0.28403E-04    -0.65805E-04     0.16216E-02     0.17397E-02     0.31080E-02    -0.56906E-03
     0.86601E+00    -0.23873E-17     0.89227E-03     0.11563E+01     0.69763E+00     0.00000E+00    -0.46966E-01     0.18454E+02     0.50000E+01     0.18463E+02     0.92315E+02     0.92268E+02     0.77548E+00    -0.28750E-04    -0.68134E-04     0.16049E-02     0.16963E-02     0.30083E-02    -0.51005E-03
     0.88171E+00     0.43781E-18     0.96743E-03     0.11580E+01     0.69196E+00     0.00000E+00    -0.50100E-01     0.18265E+02     0.50000E+01     0.18275E+02     0.91373E+02     0.91323E+02     0.77470E+00    -0.28999E-04    -0.70356E-04     0.15904E-02     0.16564E-02     0.29169E-02    -0.45093E-03
     0.89744E+00    -0.82606E-18     0.10412E-02     0.11594E+01     0.68624E+00     0.00000E+00    -0.53228E-01     0.18076E+02     0.50000E+01     0.18086E+02     0.90431E+02     0.90378E+02     0.77387E+00    -0.29179E-04    -0.72424E-04     0.15779E-02     0.16205E-02     0.28346E-02    -0.39171E-03
     0.91319E+00     0.11152E-17     0.11131E-02     0.11607E+01     0.68048E+00     0.00000E+00    -0.56285E-01     0.17886E+02     0.50000E+01     0.17898E+02     0.89489E+02     0.89432E+02     0.77298E+00    -0.29276E-04    -0.74310E-04     0.15674E-02     0.15890E-02     0.27625E-02    -0.33238E-03
     0.92895E+00    -0.11069E-17     0.11839E-02     0.11618E+01     0.67467E+00     0.00000E+00    -0.59246E-01     0.17697E+02     0.50000E+01     0.17709E+02     0.88546E+02     0.88487E+02     0.77205E+00    -0.29284E-04    -0.76006E-04     0.15586E-02     0.15623E-02     0.27017E-02    -0.27293E-03
     0.94473E+00    -0.52042E-18     0.12552E-02     0.11626E+01     0.66882E+00     0.00000E+00    -0.62129E-01     0.17508E+02     0.50000E+01     0.17521E+02     0.87605E+02     0.87542E+02     0.77107E+00    -0.29233E-04    -0.77487E-04     0.15515E-02     0.15407E-02     0.26527E-02    -0.21339E-03
     0.96051E+00     0.15778E-17     0.13284E-02     0.11632E+01     0.66292E+00     0.00000E+00    -0.64997E-01     0.17320E+02     0.50000E+01     0.17333E+02     0.86663E+02     0.86598E+02     0.77004E+00    -0.29148E-04    -0.78834E-04     0.15458E-02     0.15244E-02     0.26157E-02    -0.15381E-03
     0.97631E+00     0.49564E-19     0.14050E-02     0.11637E+01     0.65698E+00     0.00000E+00    -0.67941E-01     0.17131E+02     0.50000E+01     0.17145E+02     0.85723E+02     0.85655E+02     0.76896E+00    -0.28978E-04    -0.80069E-04     0.15417E-02     0.15135E-02     0.25909E-02    -0.94278E-04
     0.99210E+00     0.15199E-17     0.14852E-02     0.11639E+01     0.65100E+00     0.00000E+00    -0.71040E-01     0.16943E+02     0.50000E+01     0.16957E+02     0.84784E+02     0.84713E+02     0.76784E+00    -0.28691E-04    -0.81136E-04     0.15391E-02     0.15081E-02     0.25782E-02    -0.34848E-04
     0.10079E+01    -0.13052E-17     0.15679E-02     0.11638E+01     0.64497E+00     0.00000E+00    -0.74337E-01     0.16754E+02     0.50000E+01     0.16769E+02     0.83846E+02     0.83771E+02     0.76666E+00    -0.28351E-04    -0.81986E-04     0.15382E-02     0.15079E-02     0.25777E-02     0.24416E-04
     0.10237E+01     0.27343E-17     0.16525E-02     0.11636E+01     0.63890E+00     0.00000E+00    -0.77847E-01     0.16566E+02     0.50000E+01     0.16582E+02     0.82909E+02     0.82831E+02     0.76542E+00    -0.27963E-04    -0.82526E-04     0.15390E-02     0.15129E-02     0.25894E-02     0.83487E-04
     0.10395E+01     0.47416E-17     0.17379E-02     0.11631E+01     0.63279E+00     0.00000E+00    -0.81547E-01     0.16379E+02     0.50000E+01     0.16395E+02     0.81974E+02     0.81893E+02     0.76413E+00    -0.27552E-04    -0.82735E-04     0.15418E-02     0.15230E-02     0.26133E-02     0.14242E-03
     0.10553E+01     0.10697E-17     0.18224E-02     0.11624E+01     0.62664E+00     0.00000E+00    -0.85385E-01     0.16191E+02     0.50000E+01     0.16208E+02     0.81042E+02     0.80956E+02     0.76278E+00    -0.27147E-04    -0.82654E-04     0.15465E-02     0.15379E-02     0.26493E-02     0.20136E-03
     0.10711E+01    -0.21106E-17     0.19039E-02     0.11615E+01     0.62045E+00     0.00000E+00    -0.89300E-01     0.16004E+02     0.50000E+01     0.16022E+02     0.80111E+02     0.80022E+02     0.76137E+00    -0.26764E-04    -0.82329E-04     0.15533E-02     0.15576E-02     0.26972E-02     0.26043E-03
     0.10868E+01    -0.20156E-17     0.19801E-02     0.11604E+01     0.61422E+00     0.00000E+00    -0.93242E-01     0.15818E+02     0.50000E+01     0.15837E+02     0.79183E+02     0.79090E+02     0.75989E+00    -0.26355E-04    -0.81833E-04     0.15621E-02     0.15820E-02     0.27568E-02     0.31966E-03
     0.11026E+01     0.22138E-17     0.20483E-02     0.11591E+01     0.60796E+00     0.00000E+00    -0.97142E-01     0.15632E+02     0.50000E+01     0.15652E+02     0.78258E+02     0.78161E+02     0.75835E+00    -0.25877E-04    -0.81137E-04     0.15731E-02     0.16111E-02     0.28279E-02     0.37904E-03
     0.11183E+01    -0.42955E-18     0.21049E-02     0.11577E+01     0.60166E+00     0.00000E+00    -0.10092E+00     0.15447E+02     0.50000E+01     0.15467E+02     0.77336E+02     0.77235E+02     0.75676E+00    -0.25303E-04    -0.80305E-04     0.15860E-02     0.16447E-02     0.29101E-02     0.43852E-03
     0.11340E+01    -0.21064E-17     0.21472E-02     0.11560E+01     0.59534E+00     0.00000E+00    -0.10454E+00     0.15263E+02     0.50000E+01     0.15284E+02     0.76418E+02     0.76313E+02     0.75511E+00    -0.24668E-04    -0.79349E-04     0.16010E-02     0.16819E-02     0.30027E-02     0.49804E-03
     0.11497E+01     0.14167E-17     0.21751E-02     0.11541E+01     0.58898E+00     0.00000E+00    -0.10792E+00     0.15079E+02     0.50000E+01     0.15101E+02     0.75503E+02     0.75395E+02     0.75340E+00    -0.24083E-04    -0.78357E-04     0.16179E-02     0.17222E-02     0.31047E-02     0.55752E-03
     0.11653E+01    -0.33765E-18     0.21904E-02     0.11521E+01     0.58259E+00     0.00000E+00    -0.11099E+00     0.14896E+02     0.50000E+01     0.14918E+02     0.74592E+02     0.74481E+02     0.75165E+00    -0.23576E-04    -0.77263E-04     0.16368E-02     0.17655E-02     0.32156E-02     0.61692E-03
     0.11809E+01    -0.30007E-17     0.21952E-02     0.11499E+01     0.57618E+00     0.00000E+00    -0.11364E+00     0.14714E+02     0.50000E+01     0.14737E+02     0.73686E+02     0.73572E+02     0.74985E+00    -0.23117E-04    -0.76021E-04     0.16574E-02     0.18113E-02     0.33347E-02     0.67622E-03
     0.11965E+01    -0.14002E-17     0.21905E-02     0.11476E+01     0.56974E+00     0.00000E+00    -0.11580E+00     0.14534E+02     0.50000E+01     0.14557E+02     0.72784E+02     0.72668E+02     0.74802E+00    -0.22694E-04    -0.74603E-04     0.16798E-02     0.18595E-02     0.34617E-02     0.73542E-03
     0.12120E+01    -0.80541E-19     0.21765E-02     0.11450E+01     0.56328E+00     0.00000E+00    -0.11753E+00     0.14354E+02     0.50000E+01     0.14377E+02     0.71886E+02     0.71769E+02     0.74617E+00    -0.22262E-04    -0.72933E-04     0.17037E-02     0.19100E-02     0.35960E-02     0.79451E-03
     0.12275E+01    -0.10739E-17     0.21537E-02     0.11424E+01     0.55680E+00     0.00000E+00    -0.11901E+00     0.14175E+02     0.50000E+01     0.14199E+02     0.70994E+02     0.70875E+02     0.74429E+00    -0.21798E-04    -0.70941E-04     0.17290E-02     0.19626E-02     0.37367E-02     0.85355E-03
     0.12430E+01    -0.77650E-18     0.21217E-02     0.11396E+01     0.55030E+00     0.00000E+00    -0.12036E+00     0.13997E+02     0.50000E+01     0.14021E+02     0.70106E+02     0.69986E+02     0.74240E+00    -0.21357E-04    -0.68482E-04     0.17557E-02     0.20176E-02     0.38831E-02     0.91259E-03
     0.12584E+01    -0.16294E-17     0.20804E-02     0.11366E+01     0.54377E+00     0.00000E+00    -0.12166E+00     0.13821E+02     0.50000E+01     0.13845E+02     0.69224E+02     0.69103E+02     0.74049E+00    -0.20930E-04    -0.65650E-04     0.17836E-02     0.20753E-02     0.40342E-02     0.97163E-03
     0.12737E+01    -0.18111E-17     0.20313E-02     0.11336E+01     0.53722E+00     0.00000E+00    -0.12292E+00     0.13645E+02     0.50000E+01     0.13670E+02     0.68348E+02     0.68225E+02     0.73858E+00    -0.20516E-04    -0.62614E-04     0.18128E-02     0.21359E-02     0.41896E-02     0.10306E-02
     0.12890E+01    -0.29862E-17     0.19777E-02     0.11304E+01     0.53066E+00     0.00000E+00    -0.12406E+00     0.13471E+02     0.50000E+01     0.13495E+02     0.67477E+02     0.67353E+02     0.73665E+00    -0.20144E-04    -0.59424E-04     0.18433E-02     0.21994E-02     0.43487E-02     0.10896E-02
     0.13042E+01     0.31101E-17     0.19232E-02     0.11271E+01     0.52407E+00     0.00000E+00    -0.12500E+00     0.13297E+02     0.50000E+01     0.13322E+02     0.66612E+02     0.66487E+02     0.73471E+00    -0.19691E-04    -0.56054E-04     0.18754E-02     0.22657E-02     0.45110E-02     0.11483E-02
     0.13194E+01     0.18875E-17     0.18712E-02     0.11236E+01     0.51747E+00     0.00000E+00    -0.12568E+00     0.13125E+02     0.50000E+01     0.13151E+02     0.65753E+02     0.65627E+02     0.73277E+00    -0.19253E-04    -0.52466E-04     0.19091E-02     0.23344E-02     0.46759E-02     0.12068E-02
     0.13345E+01    -0.25938E-17     0.18241E-02     0.11201E+01     0.51086E+00     0.00000E+00    -0.12603E+00     0.12955E+02     0.50000E+01     0.12980E+02     0.64901E+02     0.64774E+02     0.73083E+00    -0.18876E-04    -0.48633E-04     0.19445E-02     0.24054E-02     0.48429E-02     0.12649E-02
     0.13495E+01    -0.18586E-18     0.17825E-02     0.11165E+01     0.50424E+00     0.00000E+00    -0.12598E+00     0.12786E+02     0.50000E+01     0.12811E+02     0.64054E+02     0.63928E+02     0.72890E+00    -0.18431E-04    -0.44642E-04     0.19817E-02     0.24788E-02     0.50118E-02     0.13224E-02
     0.13645E+01    -0.11441E-17     0.17458E-02     0.11128E+01     0.49761E+00     0.00000E+00    -0.12544E+00     0.12618E+02     0.50000E+01     0.12643E+02     0.63215E+02     0.63089E+02     0.72698E+00    -0.17893E-04    -0.40551E-04     0.20204E-02     0.25543E-02     0.51828E-02     0.13796E-02
     0.13794E+01     0.11276E-17     0.17128E-02     0.11089E+01     0.49097E+00     0.00000E+00    -0.12434E+00     0.12452E+02     0.50000E+01     0.12476E+02     0.62382E+02     0.62258E+02     0.72509E+00    -0.17285E-04    -0.36420E-04     0.20606E-02     0.26312E-02     0.53559E-02     0.14364E-02
     0.13942E+01    -0.72280E-19     0.16826E-02     0.11050E+01     0.48432E+00     0.00000E+00    -0.12265E+00     0.12287E+02     0.50000E+01     0.12311E+02     0.61556E+02     0.61434E+02     0.72323E+00    -0.16481E-04    -0.32192E-04     0.21020E-02     0.27095E-02     0.55310E-02     0.14930E-02
     0.14089E+01     0.84465E-18     0.16547E-02     0.11009E+01     0.47768E+00     0.00000E+00    -0.12032E+00     0.12123E+02     0.50000E+01     0.12148E+02     0.60738E+02     0.60617E+02     0.72141E+00    -0.15562E-04    -0.27878E-04     0.21443E-02     0.27894E-02     0.57081E-02     0.15494E-02
     0.14235E+01    -0.18173E-17     0.16292E-02     0.10968E+01     0.47103E+00     0.00000E+00    -0.11732E+00     0.11962E+02     0.50000E+01     0.11985E+02     0.59926E+02     0.59809E+02     0.71964E+00    -0.14556E-04    -0.23403E-04     0.21875E-02     0.28712E-02     0.58875E-02     0.16055E-02
     0.14380E+01    -0.16831E-17     0.16063E-02     0.10925E+01     0.46438E+00     0.00000E+00    -0.11366E+00     0.11802E+02     0.50000E+01     0.11824E+02     0.59122E+02     0.59008E+02     0.71794E+00    -0.13469E-04    -0.18716E-04     0.22312E-02     0.29549E-02     0.60696E-02     0.16614E-02
     0.14525E+01    -0.45227E-18     0.15866E-02     0.10882E+01     0.45773E+00     0.00000E+00    -0.10937E+00     0.11643E+02     0.50000E+01     0.11665E+02     0.58325E+02     0.58216E+02     0.71630E+00    -0.12350E-04    -0.13881E-04     0.22754E-02     0.30403E-02     0.62547E-02     0.17171E-02
     0.14668E+01    -0.11193E-17     0.15706E-02     0.10837E+01     0.45109E+00     0.00000E+00    -0.10453E+00     0.11486E+02     0.50000E+01     0.11507E+02     0.57536E+02     0.57431E+02     0.71474E+00    -0.11171E-04    -0.90069E-05     0.23198E-02     0.31272E-02     0.64430E-02     0.17722E-02
     0.14811E+01     0.26599E-17     0.15573E-02     0.10792E+01     0.44444E+00     0.00000E+00    -0.99254E-01     0.11331E+02     0.50000E+01     0.11351E+02     0.56754E+02     0.56655E+02     0.71327E+00    -0.99187E-05    -0.40905E-05     0.23644E-02     0.32152E-02     0.66348E-02     0.18269E-02
     0.14952E+01    -0.22056E-17     0.15458E-02     0.10745E+01     0.43780E+00     0.00000E+00    -0.93579E-01     0.11177E+02     0.50000E+01     0.11196E+02     0.55979E+02     0.55886E+02     0.71188E+00    -0.85843E-05     0.80941E-06     0.24091E-02     0.33035E-02     0.68309E-02     0.18809E-02
     0.15093E+01     0.16934E-17     0.15361E-02     0.10698E+01     0.43116E+00     0.00000E+00    -0.87385E-01     0.11025E+02     0.50000E+01     0.11043E+02     0.55213E+02     0.55125E+02     0.71059E+00    -0.70579E-05     0.56226E-05     0.24539E-02     0.33919E-02     0.70327E-02     0.19345E-02
     0.15232E+01     0.20651E-18     0.15276E-02     0.10650E+01     0.42453E+00     0.00000E+00    -0.80504E-01     0.10875E+02     0.50000E+01     0.10891E+02     0.54454E+02     0.54373E+02     0.70941E+00    -0.54054E-05     0.10369E-04     0.24984E-02     0.34809E-02     0.72411E-02     0.19873E-02
     0.15370E+01     0.86736E-18     0.15178E-02     0.10601E+01     0.41790E+00     0.00000E+00    -0.72835E-01     0.10726E+02     0.50000E+01     0.10741E+02     0.53703E+02     0.53630E+02     0.70833E+00    -0.37228E-05     0.15071E-04     0.25425E-02     0.35709E-02     0.74571E-02     0.20394E-02
     0.15507E+01    -0.12721E-17     0.15041E-02     0.10550E+01     0.41129E+00     0.00000E+00    -0.64326E-01     0.10579E+02     0.50000E+01     0.10592E+02     0.52959E+02     0.52895E+02     0.70738E+00    -0.20563E-05     0.19733E-04     0.25858E-02     0.36617E-02     0.76818E-02     0.20908E-02
     0.15643E+01    -0.20156E-17     0.14851E-02     0.10499E+01     0.40468E+00     0.00000E+00    -0.54941E-01     0.10434E+02     0.50000E+01     0.10445E+02     0.52223E+02     0.52169E+02     0.70656E+00    -0.42143E-06     0.24469E-04     0.26281E-02     0.37524E-02     0.79168E-02     0.21415E-02
     0.15778E+01     0.71041E-18     0.14601E-02     0.10447E+01     0.39809E+00     0.00000E+00    -0.44641E-01     0.10290E+02     0.50000E+01     0.10299E+02     0.51496E+02     0.51451E+02     0.70588E+00     0.11148E-05     0.29337E-04     0.26691E-02     0.38417E-02     0.81633E-02     0.21914E-02
     0.15911E+01    -0.13547E-17     0.14288E-02     0.10394E+01     0.39152E+00     0.00000E+00    -0.33361E-01     0.10148E+02     0.50000E+01     0.10155E+02     0.50776E+02     0.50742E+02     0.70536E+00     0.26640E-05     0.34068E-04     0.27084E-02     0.39286E-02     0.84217E-02     0.22406E-02
     0.16043E+01     0.77650E-18     0.13911E-02     0.10339E+01     0.38496E+00     0.00000E+00    -0.20960E-01     0.10009E+02     0.50000E+01     0.10013E+02     0.50064E+02     0.50043E+02     0.70499E+00     0.42287E-05     0.38411E-04     0.27457E-02     0.40128E-02     0.86929E-02     0.22893E-02
     0.16174E+01     0.61128E-18     0.13476E-02     0.10284E+01     0.37842E+00     0.00000E+00    -0.73981E-02     0.98704E+01     0.50000E+01     0.98719E+01     0.49359E+02     0.49352E+02     0.70481E+00     0.57598E-05     0.42325E-04     0.27804E-02     0.40950E-02     0.89775E-02     0.23375E-02
     0.16303E+01     0.21643E-17     0.12980E-02     0.10227E+01     0.37189E+00     0.00000E+00     0.72998E-02     0.97340E+01     0.50000E+01     0.97325E+01     0.48663E+02     0.48670E+02     0.70481E+00     0.71480E-05     0.45891E-04     0.28121E-02     0.41760E-02     0.92762E-02     0.23850E-02
     0.16431E+01     0.52868E-18     0.12401E-02     0.10169E+01     0.36539E+00     0.00000E+00     0.23187E-01     0.95994E+01     0.50000E+01     0.95947E+01     0.47974E+02     0.47997E+02     0.70500E+00     0.84047E-05     0.49001E-04     0.28404E-02     0.42558E-02     0.95894E-02     0.24317E-02
     0.16558E+01    -0.14539E-17     0.11708E-02     0.10110E+01     0.35890E+00     0.00000E+00     0.40316E-01     0.94666E+01     0.50000E+01     0.94585E+01     0.47292E+02     0.47333E+02     0.70541E+00     0.95287E-05     0.51806E-04     0.28647E-02     0.43334E-02     0.99199E-02     0.24774E-02
     0.16683E+01    -0.66085E-18     0.10903E-02     0.10050E+01     0.35244E+00     0.00000E+00     0.58708E-01     0.93355E+01     0.50000E+01     0.93237E+01     0.46619E+02     0.46677E+02     0.70603E+00     0.10501E-04     0.54359E-04     0.28844E-02     0.44078E-02     0.10271E-01     0.25221E-02
     0.16806E+01    -0.16521E-19     0.10021E-02     0.99884E+00     0.34599E+00     0.00000E+00     0.78342E-01     0.92061E+01     0.50000E+01     0.91905E+01     0.45952E+02     0.46031E+02     0.70689E+00     0.11325E-04     0.56829E-04     0.28988E-02     0.44780E-02     0.10645E-01     0.25657E-02
     0.16928E+01     0.16521E-17     0.91203E-03     0.99251E+00     0.33957E+00     0.00000E+00     0.99207E-01     0.90785E+01     0.50000E+01     0.90586E+01     0.45293E+02     0.45392E+02     0.70798E+00     0.12019E-04     0.59181E-04     0.29072E-02     0.45430E-02     0.11046E-01     0.26082E-02
     0.17049E+01    -0.79302E-18     0.82529E-03     0.98602E+00     0.33316E+00     0.00000E+00     0.12134E+00     0.89525E+01     0.50000E+01     0.89282E+01     0.44641E+02     0.44762E+02     0.70932E+00     0.12518E-04     0.61354E-04     0.29089E-02     0.46019E-02     0.11476E-01     0.26495E-02
     0.17167E+01     0.62780E-18     0.74443E-03     0.97935E+00     0.32677E+00     0.00000E+00     0.14481E+00     0.88282E+01     0.50000E+01     0.87992E+01     0.43996E+02     0.44141E+02     0.71091E+00     0.12885E-04     0.63321E-04     0.29033E-02     0.46536E-02     0.11938E-01     0.26894E-02
     0.17285E+01     0.10574E-17     0.66917E-03     0.97246E+00     0.32040E+00     0.00000E+00     0.16963E+00     0.87055E+01     0.50000E+01     0.86716E+01     0.43358E+02     0.43527E+02     0.71276E+00     0.13107E-04     0.65017E-04     0.28901E-02     0.46980E-02     0.12436E-01     0.27277E-02
     0.17400E+01    -0.11565E-18     0.59704E-03     0.96533E+00     0.31405E+00     0.00000E+00     0.19574E+00     0.85844E+01     0.50000E+01     0.85452E+01     0.42726E+02     0.42922E+02     0.71489E+00     0.13246E-04     0.66479E-04     0.28686E-02     0.47356E-02     0.12973E-01     0.27639E-02
     0.17514E+01    -0.78476E-18     0.52366E-03     0.95793E+00     0.30772E+00     0.00000E+00     0.22303E+00     0.84648E+01     0.50000E+01     0.84202E+01     0.42101E+02     0.42324E+02     0.71728E+00     0.13233E-04     0.67652E-04     0.28384E-02     0.47671E-02     0.13552E-01     0.27979E-02
     0.17626E+01     0.13465E-17     0.44519E-03     0.95019E+00     0.30139E+00     0.00000E+00     0.25130E+00     0.83466E+01     0.50000E+01     0.82963E+01     0.41482E+02     0.41733E+02     0.71996E+00     0.13101E-04     0.68548E-04     0.27989E-02     0.47933E-02     0.14178E-01     0.28293E-02
     0.17737E+01     0.14126E-17     0.36073E-03     0.94208E+00     0.29507E+00     0.00000E+00     0.28030E+00     0.82297E+01     0.50000E+01     0.81736E+01     0.40868E+02     0.41149E+02     0.72290E+00     0.12912E-04     0.69053E-04     0.27496E-02     0.48147E-02     0.14853E-01     0.28576E-02
     0.17845E+01    -0.63607E-18     0.27237E-03     0.93353E+00     0.28875E+00     0.00000E+00     0.30973E+00     0.81140E+01     0.50000E+01     0.80521E+01     0.40260E+02     0.40570E+02     0.72612E+00     0.12712E-04     0.69161E-04     0.26900E-02     0.48307E-02     0.15580E-01     0.28823E-02
     0.17952E+01     0.11978E-18     0.18358E-03     0.92448E+00     0.28242E+00     0.00000E+00     0.33926E+00     0.79994E+01     0.50000E+01     0.79316E+01     0.39658E+02     0.39997E+02     0.72960E+00     0.12521E-04     0.68813E-04     0.26198E-02     0.48399E-02     0.16361E-01     0.29029E-02
     0.18057E+01    -0.19412E-17     0.97837E-04     0.91483E+00     0.27608E+00     0.00000E+00     0.36860E+00     0.78857E+01     0.50000E+01     0.78120E+01     0.39060E+02     0.39429E+02     0.73333E+00     0.12395E-04     0.68054E-04     0.25386E-02     0.48405E-02     0.17196E-01     0.29186E-02
     0.18160E+01    -0.98714E-18     0.17245E-04     0.90451E+00     0.26971E+00     0.00000E+00     0.39741E+00     0.77729E+01     0.50000E+01     0.76934E+01     0.38467E+02     0.38865E+02     0.73729E+00     0.12412E-04     0.66814E-04     0.24463E-02     0.48314E-02     0.18086E-01     0.29286E-02
     0.18261E+01     0.74345E-19    -0.57928E-04     0.89339E+00     0.26332E+00     0.00000E+00     0.42529E+00     0.76608E+01     0.50000E+01     0.75757E+01     0.37879E+02     0.38304E+02     0.74146E+00     0.12570E-04     0.65159E-04     0.23429E-02     0.48120E-02     0.19031E-01     0.29324E-02
     0.18360E+01     0.72280E-19    -0.12953E-03     0.88136E+00     0.25689E+00     0.00000E+00     0.45172E+00     0.75492E+01     0.50000E+01     0.74588E+01     0.37294E+02     0.37746E+02     0.74583E+00     0.12867E-04     0.63130E-04     0.22285E-02     0.47822E-02     0.20030E-01     0.29289E-02
     0.18457E+01    -0.92415E-19    -0.20070E-03     0.86826E+00     0.25041E+00     0.00000E+00     0.47598E+00     0.74379E+01     0.50000E+01     0.73427E+01     0.36714E+02     0.37190E+02     0.75035E+00     0.13250E-04     0.60742E-04     0.21036E-02     0.47413E-02     0.21077E-01     0.29174E-02
     0.18552E+01    -0.46879E-18    -0.27381E-03     0.85393E+00     0.24387E+00     0.00000E+00     0.49718E+00     0.73268E+01     0.50000E+01     0.72273E+01     0.36137E+02     0.36634E+02     0.75499E+00     0.13711E-04     0.58022E-04     0.19690E-02     0.46884E-02     0.22165E-01     0.28964E-02
     0.18645E+01     0.47085E-18    -0.34919E-03     0.83819E+00     0.23724E+00     0.00000E+00     0.51430E+00     0.72154E+01     0.50000E+01     0.71126E+01     0.35563E+02     0.36077E+02     0.75971E+00     0.14113E-04     0.54939E-04     0.18258E-02     0.46224E-02     0.23277E-01     0.28643E-02
     0.18736E+01    -0.54933E-18    -0.42505E-03     0.82083E+00     0.23051E+00     0.00000E+00     0.52615E+00     0.71037E+01     0.50000E+01     0.69985E+01     0.34992E+02     0.35519E+02     0.76445E+00     0.14492E-04     0.51492E-04     0.16755E-02     0.45424E-02     0.24392E-01     0.28192E-02
     0.18825E+01     0.13630E-18    -0.49714E-03     0.80158E+00     0.22366E+00     0.00000E+00     0.53131E+00     0.69913E+01     0.50000E+01     0.68850E+01     0.34425E+02     0.34956E+02     0.76917E+00     0.14855E-04     0.47768E-04     0.15199E-02     0.44466E-02     0.25478E-01     0.27588E-02
     0.18912E+01    -0.30358E-18    -0.55935E-03     0.78018E+00     0.21665E+00     0.00000E+00     0.52802E+00     0.68777E+01     0.50000E+01     0.67721E+01     0.33860E+02     0.34389E+02     0.77377E+00     0.15182E-04     0.43830E-04     0.13609E-02     0.43331E-02     0.26493E-01     0.26805E-02
     0.18996E+01    -0.36966E-18    -0.60539E-03     0.75630E+00     0.20947E+00     0.00000E+00     0.51409E+00     0.67626E+01     0.50000E+01     0.66598E+01     0.33299E+02     0.33813E+02     0.77818E+00     0.15470E-04     0.39799E-04     0.12008E-02     0.41992E-02     0.27387E-01     0.25815E-02
     0.19078E+01    -0.43368E-18    -0.63073E-03     0.72961E+00     0.20206E+00     0.00000E+00     0.48674E+00     0.66455E+01     0.50000E+01     0.65482E+01     0.32741E+02     0.33228E+02     0.78231E+00     0.15719E-04     0.35699E-04     0.10422E-02     0.40421E-02     0.28095E-01     0.24592E-02
     0.19158E+01     0.13423E-18    -0.63382E-03     0.69976E+00     0.19438E+00     0.00000E+00     0.44248E+00     0.65257E+01     0.50000E+01     0.64372E+01     0.32186E+02     0.32628E+02     0.78604E+00     0.15959E-04     0.31552E-04     0.88770E-03     0.38594E-02     0.28537E-01     0.23110E-02
     0.19236E+01     0.64846E-18    -0.61614E-03     0.66639E+00     0.18637E+00     0.00000E+00     0.37683E+00     0.64024E+01     0.50000E+01     0.63270E+01     0.31635E+02     0.32012E+02     0.78924E+00     0.16177E-04     0.27400E-04     0.73997E-03     0.36498E-02     0.28620E-01     0.21348E-02
     0.19311E+01     0.27879E-19    -0.58135E-03     0.62917E+00     0.17794E+00     0.00000E+00     0.28402E+00     0.62746E+01     0.50000E+01     0.62178E+01     0.31089E+02     0.31373E+02     0.79175E+00     0.16340E-04     0.23241E-04     0.60165E-03     0.34139E-02     0.28238E-01     0.19294E-02
     0.19384E+01     0.43368E-19    -0.53417E-03     0.58783E+00     0.16898E+00     0.00000E+00     0.15660E+00     0.61410E+01     0.50000E+01     0.61096E+01     0.30548E+02     0.30705E+02     0.79337E+00     0.16457E-04     0.19116E-04     0.47510E-03     0.31536E-02     0.27280E-01     0.16959E-02
     0.19455E+01     0.38102E-18    -0.47932E-03     0.54221E+00     0.15938E+00     0.00000E+00    -0.14660E-01     0.59999E+01     0.50000E+01     0.60029E+01     0.30014E+02     0.30000E+02     0.79389E+00     0.16535E-04     0.15091E-04     0.36230E-03     0.28715E-02     0.25650E-01     0.14385E-02
     0.19523E+01    -0.20213E-18    -0.42069E-03     0.49234E+00     0.14895E+00     0.00000E+00    -0.24079E+00     0.58497E+01     0.50000E+01     0.58978E+01     0.29489E+02     0.29248E+02     0.79303E+00     0.16561E-04     0.11280E-04     0.26473E-03     0.25703E-02     0.23294E-01     0.11657E-02
     0.19589E+01    -0.14830E-18    -0.36119E-03     0.43852E+00     0.13751E+00     0.00000E+00    -0.53409E+00     0.56881E+01     0.50000E+01     0.57949E+01     0.28974E+02     0.28440E+02     0.79051E+00     0.16503E-04     0.77917E-05     0.18334E-03     0.22518E-02     0.20229E-01     0.89086E-03
     0.19652E+01    -0.48402E-19    -0.30291E-03     0.38133E+00     0.12486E+00     0.00000E+00    -0.90714E+00     0.55132E+01     0.50000E+01     0.56946E+01     0.28473E+02     0.27566E+02     0.78597E+00     0.16351E-04     0.47158E-05     0.11842E-03     0.19168E-02     0.16588E-01     0.63104E-03
     0.19713E+01     0.11462E-18    -0.24728E-03     0.32169E+00     0.11077E+00     0.00000E+00    -0.13715E+01     0.53234E+01     0.50000E+01     0.55977E+01     0.27989E+02     0.26617E+02     0.77908E+00     0.16122E-04     0.21042E-05     0.69622E-04     0.15660E-02     0.12633E-01     0.40460E-03
     0.19771E+01    -0.28396E-20    -0.19508E-03     0.26073E+00     0.95060E-01     0.00000E+00    -0.19364E+01     0.51176E+01     0.50000E+01     0.55049E+01     0.27524E+02     0.25588E+02     0.76950E+00     0.15823E-04    -0.65479E-07     0.35819E-04     0.12029E-02     0.87371E-02     0.22682E-03
     0.19826E+01     0.24975E-19    -0.14652E-03     0.19971E+00     0.77544E-01     0.00000E+00    -0.26077E+01     0.48955E+01     0.50000E+01     0.54170E+01     0.27085E+02     0.24477E+02     0.75691E+00     0.15474E-04    -0.16227E-05     0.15051E-04     0.83787E-03     0.53001E-02     0.10513E-03
     0.19879E+01     0.30655E-19    -0.10127E-03     0.13979E+00     0.58069E-01     0.00000E+00    -0.33875E+01     0.46573E+01     0.50000E+01     0.53348E+01     0.26674E+02     0.23286E+02     0.74112E+00     0.15017E-04    -0.32821E-05     0.44936E-05     0.49264E-03     0.26408E-02     0.36219E-04
     0.19929E+01    -0.50306E-19    -0.58900E-04     0.81880E-01     0.36501E-01     0.00000E+00    -0.42741E+01     0.44041E+01     0.50000E+01     0.52590E+01     0.26295E+02     0.22021E+02     0.72214E+00     0.14689E-04    -0.29555E-05     0.66840E-06     0.20413E-03     0.91094E-03     0.71096E-05
     0.19977E+01     0.00000E+00    -0.19047E-04     0.26575E-01     0.12732E-01     0.00000E+00    -0.52531E+01     0.41376E+01     0.50000E+01     0.51882E+01     0.25941E+02     0.20688E+02     0.70018E+00     0.13515E-04    -0.27490E-05     0.96347E-08     0.26045E-04     0.96130E-04     0.22952E-06
