        0.0000000000	        0.0000000000	        1.0000000000	        0.0000000000	        0.0000000000	        0.0000000000	        0.0000000000	        0.0000000000	        0.0000000000	        0.0000000000	        0.0056316657	        0.0000000000	        0.1000000000	        0.0010000000
        0.0006942759	        0.0064846616	        0.9974194112	        0.0000000000	        0.0000000000	        0.0000000000	        0.0000000001	        0.0000000001	        0.0000000003	        0.0000061078	        0.0054901676	        0.0000000003	        0.1000000000	        0.0010000000
        0.0014238152	        0.0132932331	        0.9947077247	        0.0000000000	        0.0000000000	        0.0000000000	        0.0000000005	        0.0000000006	        0.0000000022	        0.0000189469	        0.0053486314	        0.0000000023	        0.1000000000	        0.0010000000
        0.0021903814	        0.0204413143	        0.9918583929	        0.0000000000	        0.0000000000	        0.0000000000	        0.0000000022	        0.0000000024	        0.0000000091	        0.0000393519	        0.0052075137	        0.0000000095	        0.1000000000	        0.0010000000
        0.0029958230	        0.0279451654	        0.9888645669	        0.0000000000	        0.0000000000	        0.0000000000	        0.0000000065	        0.0000000072	        0.0000000268	        0.0000682317	        0.0050673161	        0.0000000276	        0.1000000000	        0.0010000000
        0.0038420777	        0.0358217035	        0.9857190938	        0.0000000000	        0.0000000000	        0.0000000000	        0.0000000156	        0.0000000174	        0.0000000646	        0.0001065751	        0.0049285875	        0.0000000655	        0.1000000000	        0.0010000000
        0.0047311763	        0.0440884865	        0.9824145206	        0.0000000000	        0.0000000000	        0.0000000000	        0.0000000330	        0.0000000366	        0.0000001361	        0.0001554560	        0.0047919277	        0.0000001361	        0.1000000000	        0.0010000000
        0.0056652468	        0.0527636802	        0.9789431052	        0.0000000000	        0.0000000000	        0.0000000000	        0.0000000631	        0.0000000701	        0.0000002607	        0.0002160385	        0.0046579907	        0.0000002569	        0.1000000000	        0.0010000000
        0.0066465183	        0.0618660028	        0.9752968362	        0.0000000000	        0.0000000000	        0.0000000000	        0.0000001124	        0.0000001249	        0.0000004644	        0.0002895820	        0.0045274880	        0.0000004509	        0.1000000000	        0.0010000000
        0.0076773260	        0.0714146418	        0.9714674652	        0.0000000000	        0.0000000000	        0.0000000000	        0.0000001893	        0.0000002104	        0.0000007816	        0.0003774449	        0.0044011915	        0.0000007479	        0.1000000000	        0.0010000000
        0.0087601150	        0.0814291359	        0.9674465547	        0.0000000000	        0.0000000000	        0.0000000000	        0.0000003045	        0.0000003384	        0.0000012566	        0.0004810868	        0.0042799363	        0.0000011854	        0.1000000000	        0.0010000000
        0.0098974457	        0.0919292151	        0.9632255437	        0.0000000000	        0.0000000000	        0.0000000000	        0.0000004717	        0.0000005241	        0.0000019450	        0.0006020683	        0.0041646219	        0.0000018096	        0.1000000000	        0.0010000000
        0.0110919979	        0.1029345926	        0.9587958349	        0.0000000000	        0.0000000000	        0.0000000000	        0.0000007076	        0.0000007862	        0.0000029150	        0.0007420478	        0.0040562121	        0.0000026768	        0.1000000000	        0.0010000000
        0.0123465764	        0.1144647019	        0.9541489065	        0.0000000000	        0.0000000000	        0.0000000000	        0.0000010326	        0.0000011474	        0.0000042481	        0.0009027725	        0.0039557330	        0.0000038540	        0.1000000000	        0.0010000000
        0.0136641154	        0.1265383770	        0.9492764492	        0.0000000000	        0.0000000000	        0.0000000000	        0.0000014709	        0.0000016344	        0.0000060399	        0.0010860637	        0.0038642669	        0.0000054205	        0.1000000000	        0.0010000000
        0.0150476841	        0.1391734762	        0.9441705288	        0.0000000000	        0.0000000000	        0.0000000000	        0.0000020504	        0.0000022782	        0.0000083989	        0.0012937934	        0.0037829425	        0.0000074681	        0.1000000000	        0.0010000000
        0.0165004920	        0.1523864567	        0.9388237704	        0.0000000000	        0.0000000000	        0.0000000000	        0.0000028027	        0.0000031141	        0.0000114445	        0.0015278510	        0.0037129196	        0.0000101022	        0.1000000000	        0.0010000000
        0.0180258942	        0.1661919150	        0.9332295588	        0.0000000000	        0.0000000000	        0.0000000000	        0.0000037628	        0.0000041808	        0.0000153038	        0.0017900996	        0.0036553670	        0.0000134419	        0.1000000000	        0.0010000000
        0.0196273970	        0.1806021173	        0.9273822422	        0.0000000000	        0.0000000000	        0.0000000000	        0.0000049681	        0.0000055201	        0.0000201059	        0.0020823186	        0.0036114334	        0.0000176196	        0.1000000000	        0.0010000000
        0.0213086633	        0.1956265509	        0.9212773265	        0.0000000000	        0.0000000000	        0.0000000000	        0.0000064578	        0.0000071753	        0.0000259754	        0.0024061371	        0.0035822104	        0.0000227813	        0.1000000000	        0.0010000000
        0.0230735186	        0.2112715352	        0.9149116422	        0.0000000000	        0.0000000000	        0.0000000000	        0.0000082711	        0.0000091901	        0.0000330245	        0.0027629560	        0.0035686881	        0.0000290845	        0.1000000000	        0.0010000000
        0.0249259567	        0.2275399283	        0.9082834657	        0.0000000000	        0.0000000000	        0.0000000000	        0.0000104461	        0.0000116068	        0.0000413450	        0.0031538655	        0.0035717053	        0.0000366980	        0.1000000000	        0.0010000000
        0.0268701452	        0.2444309604	        0.9013925831	        0.0000000000	        0.0000000000	        0.0000000000	        0.0000130186	        0.0000144652	        0.0000510010	        0.0035795613	        0.0035918947	        0.0000457989	        0.1000000000	        0.0010000000
        0.0289104319	        0.2619402097	        0.8942402871	        0.0000000000	        0.0000000000	        0.0000000000	        0.0000160208	        0.0000178009	        0.0000620241	        0.0040402680	        0.0036296283	        0.0000565713	        0.1000000000	        0.0010000000
        0.0310513501	        0.2800597169	        0.8868293098	        0.0000000000	        0.0000000000	        0.0000000000	        0.0000194807	        0.0000216452	        0.0000744110	        0.0045356732	        0.0036849662	        0.0000692034	        0.1000000000	        0.0010000000
        0.0332976245	        0.2987782147	        0.8791637030	        0.0000000000	        0.0000000000	        0.0000000000	        0.0000234217	        0.0000260242	        0.0000881242	        0.0050648818	        0.0037576124	        0.0000838848	        0.1000000000	        0.0010000000
        0.0356541773	        0.3180814332	        0.8712486831	        0.0000000000	        0.0000000000	        0.0000000000	        0.0000278638	        0.0000309598	        0.0001030967	        0.0056263915	        0.0038468829	        0.0001008043	        0.1000000000	        0.0010000000
        0.0381261335	        0.3379524322	        0.8630904642	        0.0000000000	        0.0000000000	        0.0000000000	        0.0000328235	        0.0000364706	        0.0001192381	        0.0062180931	        0.0039516889	        0.0001201471	        0.1000000000	        0.0010000000
        0.0407188268	        0.3583719183	        0.8546961003	        0.0000000000	        0.0000000000	        0.0000000000	        0.0000383160	        0.0000425733	        0.0001364416	        0.0068372951	        0.0040705386	        0.0001420920	        0.1000000000	        0.0010000000
        0.0434378046	        0.3793185126	        0.8460733497	        0.0000000000	        0.0000000000	        0.0000000000	        0.0000443558	        0.0000492842	        0.0001545188	        0.0074807704	        0.0042015587	        0.0001668100	        0.1000000000	        0.0010000000
        0.0462888334	        0.4007506514	        0.8372388112	        0.0000000000	        0.0000000000	        0.0000000000	        0.0000514882	        0.0000572091	        0.0001745368	        0.0081443126	        0.0043425001	        0.0001944385	        0.1000000000	        0.0010000000
        0.0492779039	        0.4225079325	        0.8282622588	        0.0000000000	        0.0000000000	        0.0000000000	        0.0000626245	        0.0000695828	        0.0002049241	        0.0088194578	        0.0044899358	        0.0002249368	        0.1000000000	        0.0010000000
        0.0524112352	        0.4444269398	        0.8192143048	        0.0000000000	        0.0000000000	        0.0000000000	        0.0000752217	        0.0000835797	        0.0002363013	        0.0094936559	        0.0046366016	        0.0002581882	        0.1000000000	        0.0010000000
        0.0556952793	        0.4664337185	        0.8101248700	        0.0000000000	        0.0000000000	        0.0000000000	        0.0000893591	        0.0000992879	        0.0002686559	        0.0101572413	        0.0047763717	        0.0002941594	        0.1000000000	        0.0010000000
        0.0591367250	        0.4884568016	        0.8010224349	        0.0000000000	        0.0000000000	        0.0000000000	        0.0001051197	        0.0001167996	        0.0003015998	        0.0108007772	        0.0049036890	        0.0003327812	        0.1000000000	        0.0010000000
        0.0627425009	        0.5104282874	        0.7919336143	        0.0000000000	        0.0000000000	        0.0000000000	        0.0001225897	        0.0001362107	        0.0003347698	        0.0114154111	        0.0050137455	        0.0003739493	        0.1000000000	        0.0010000000
        0.0665197783	        0.5322847249	        0.7828828293	        0.0000000000	        0.0000000000	        0.0000000000	        0.0001418584	        0.0001576204	        0.0003678348	        0.0119931763	        0.0051026222	        0.0004175264	        0.1000000000	        0.0010000000
        0.0704759731	        0.5539678073	        0.7738920725	        0.0000000000	        0.0000000000	        0.0000000000	        0.0001630171	        0.0001811301	        0.0004005008	        0.0125272236	        0.0051673769	        0.0004633449	        0.1000000000	        0.0010000000
        0.0746187471	        0.5754248730	        0.7649807597	        0.0000000000	        0.0000000000	        0.0000000000	        0.0001861580	        0.0002068422	        0.0004325132	        0.0130119759	        0.0052060763	        0.0005112102	        0.1000000000	        0.0010000000
        0.0789560085	        0.5966092184	        0.7561656625	        0.0000000000	        0.0000000000	        0.0000000000	        0.0002113730	        0.0002348589	        0.0004636584	        0.0134432046	        0.0052177733	        0.0005609046	        0.1000000000	        0.0010000000
        0.0834959110	        0.6174802318	        0.7474609136	        0.0000000000	        0.0000000000	        0.0000000000	        0.0002387529	        0.0002652810	        0.0004937626	        0.0138180327	        0.0052024369	        0.0006121917	        0.1000000000	        0.0010000000
        0.0882468523	        0.6380033642	        0.7388780742	        0.0000000000	        0.0000000000	        0.0000000000	        0.0002683855	        0.0002982061	        0.0005226904	        0.0141348771	        0.0051608445	        0.0006648204	        0.1000000000	        0.0010000000
        0.0932174715	        0.6581499588	        0.7304262524	        0.0000000000	        0.0000000000	        0.0000000000	        0.0003003549	        0.0003337277	        0.0005503422	        0.0143933413	        0.0050944476	        0.0007185288	        0.1000000000	        0.0010000000
        0.0984166444	        0.6778969629	        0.7221122610	        0.0000000000	        0.0000000000	        0.0000000000	        0.0003347399	        0.0003719332	        0.0005766505	        0.0145940749	        0.0050052258	        0.0007730483	        0.1000000000	        0.0010000000
        0.1038534780	        0.6972265508	        0.7139408025	        0.0000000000	        0.0000000000	        0.0000000000	        0.0003716126	        0.0004129029	        0.0006015762	        0.0147386118	        0.0048955382	        0.0008281068	        0.1000000000	        0.0010000000
        0.1095373034	        0.7161256799	        0.7059146724	        0.0000000000	        0.0000000000	        0.0000000000	        0.0004110375	        0.0004567084	        0.0006251049	        0.0148292021	        0.0047679824	        0.0008834319	        0.1000000000	        0.0010000000
        0.1154776665	        0.7345856062	        0.6980349694	        0.0000000000	        0.0000000000	        0.0000000000	        0.0004530700	        0.0005034111	        0.0006472427	        0.0148686457	        0.0046252681	        0.0009387533	        0.1000000000	        0.0010000000
        0.1216843175	        0.7526013788	        0.6903013074	        0.0000000000	        0.0000000000	        0.0000000000	        0.0004977553	        0.0005530614	        0.0006680124	        0.0148601370	        0.0044701092	        0.0009938048	        0.1000000000	        0.0010000000
        0.1281671974	        0.7701713311	        0.6827120220	        0.0000000000	        0.0000000000	        0.0000000000	        0.0005451274	        0.0006056971	        0.0006874506	        0.0148071246	        0.0043051369	        0.0010483269	        0.1000000000	        0.0010000000
        0.1349364233	        0.7872965815	        0.6752643675	        0.0000000000	        0.0000000000	        0.0000000000	        0.0005952084	        0.0006613427	        0.0007056038	        0.0147131903	        0.0041328333	        0.0011020675	        0.1000000000	        0.0010000000
        0.1420022705	        0.8039805551	        0.6679547019	        0.0000000000	        0.0000000000	        0.0000000000	        0.0006480079	        0.0007200088	        0.0007225263	        0.0145819478	        0.0039554852	        0.0011547841	        0.1000000000	        0.0010000000
        0.1493751529	        0.8202285329	        0.6607786580	        0.0000000000	        0.0000000000	        0.0000000000	        0.0007035225	        0.0007816917	        0.0007382776	        0.0144169615	        0.0037751545	        0.0012062444	        0.1000000000	        0.0010000000
        0.1570655998	        0.8360472329	        0.6537312997	        0.0000000000	        0.0000000000	        0.0000000000	        0.0007617358	        0.0008463732	        0.0007529205	        0.0142216835	        0.0035936643	        0.0012562280	        0.1000000000	        0.0010000000
        0.1650842307	        0.8514444256	        0.6468072644	        0.0000000000	        0.0000000000	        0.0000000000	        0.0008226192	        0.0009140213	        0.0007665195	        0.0139994081	        0.0034125954	        0.0013045270	        0.1000000000	        0.0010000000
        0.1734417267	        0.8664285844	        0.6400008907	        0.0000000000	        0.0000000000	        0.0000000000	        0.0008861321	        0.0009845912	        0.0007791395	        0.0137532406	        0.0032332934	        0.0013509477	        0.1000000000	        0.0010000000
        0.1821487988	        0.8810085694	        0.6333063351	        0.0000000000	        0.0000000000	        0.0000000000	        0.0009522238	        0.0010580264	        0.0007908447	        0.0134860791	        0.0030568812	        0.0013953115	        0.1000000000	        0.0010000000
        0.1912161531	        0.8951933428	        0.6267176764	        0.0000000000	        0.0000000000	        0.0000000000	        0.0010208353	        0.0011342614	        0.0008016979	        0.0132006061	        0.0028842764	        0.0014374561	        0.1000000000	        0.0010000000
        0.2006544527	        0.9089917139	        0.6202290119	        0.0000000000	        0.0000000000	        0.0000000000	        0.0010919021	        0.0012132245	        0.0008117601	        0.0128992896	        0.0027162115	        0.0014772374	        0.1000000000	        0.0010000000
        0.2104742760	        0.9224121100	        0.6138345462	        0.0000000000	        0.0000000000	        0.0000000000	        0.0011653575	        0.0012948416	        0.0008210901	        0.0125843896	        0.0025532545	        0.0015145310	        0.1000000000	        0.0010000000
        0.2206860715	        0.9354623705	        0.6075286746	        0.0000000000	        0.0000000000	        0.0000000000	        0.0012411372	        0.0013790413	        0.0008297438	        0.0122579705	        0.0023958306	        0.0015492334	        0.1000000000	        0.0010000000
        0.2313001094	        0.9481495617	        0.6013060635	        0.0000000000	        0.0000000000	        0.0000000000	        0.0013191846	        0.0014657607	        0.0008377749	        0.0119219177	        0.0022442427	        0.0015812650	        0.1000000000	        0.0010000000
        0.2423264290	        0.9604798096	        0.5951617294	        0.0000000000	        0.0000000000	        0.0000000000	        0.0013994573	        0.0015549525	        0.0008452342	        0.0115779563	        0.0020986911	        0.0016105710	        0.1000000000	        0.0010000000
        0.2537747838	        0.9724581496	        0.5890911179	        0.0000000000	        0.0000000000	        0.0000000000	        0.0014819345	        0.0016465939	        0.0008521700	        0.0112276725	        0.0019592913	        0.0016371246	        0.1000000000	        0.0010000000
        0.2656545813	        0.9840883919	        0.5830901846	        0.0000000000	        0.0000000000	        0.0000000000	        0.0015666263	        0.0017406959	        0.0008586280	        0.0108725359	        0.0018260906	        0.0016609288	        0.1000000000	        0.0010000000
        0.2779748214	        0.9953730038	        0.5771554787	        0.0000000000	        0.0000000000	        0.0000000000	        0.0016535831	        0.0018373146	        0.0008646518	        0.0105139234	        0.0016990828	        0.0016820187	        0.1000000000	        0.0010000000
        0.2907440307	        1.0063130099	        0.5712842294	        0.0000000000	        0.0000000000	        0.0000000000	        0.0017429074	        0.0019365638	        0.0008702825	        0.0101531423	        0.0015782210	        0.0017004639	        0.1000000000	        0.0010000000
        0.3039701934	        1.0169079153	        0.5654744346	        0.0000000000	        0.0000000000	        0.0000000000	        0.0018347656	        0.0020386284	        0.0008755595	        0.0097914541	        0.0014634291	        0.0017163702	        0.1000000000	        0.0010000000
        0.3176606809	        1.0271556560	        0.5597249510	        0.0000000000	        0.0000000000	        0.0000000000	        0.0019294011	        0.0021437790	        0.0008805200	        0.0094300969	        0.0013546111	        0.0017298812	        0.1000000000	        0.0010000000
        0.3318221777	        1.0370525856	        0.5540355810	        0.0000000000	        0.0000000000	        0.0000000000	        0.0020271477	        0.0022523863	        0.0008851995	        0.0090703065	        0.0012516590	        0.0017411792	        0.1000000000	        0.0010000000
        0.3464606064	        1.0465935073	        0.5484071542	        0.0000000000	        0.0000000000	        0.0000000000	        0.0021284421	        0.0023649357	        0.0008896317	        0.0087133351	        0.0011544593	        0.0017504850	        0.1000000000	        0.0010000000
        0.3615810508	        1.0557717626	        0.5428415934	        0.0000000000	        0.0000000000	        0.0000000000	        0.0022338355	        0.0024820395	        0.0008938486	        0.0083604662	        0.0010628974	        0.0017580564	        0.1000000000	        0.0010000000
        0.3771876783	        1.0645793905	        0.5373419590	        0.0000000000	        0.0000000000	        0.0000000000	        0.0023440021	        0.0026044467	        0.0008978800	        0.0080130250	        0.0009768609	        0.0017641854	        0.1000000000	        0.0010000000
        0.3932836622	        1.0730073665	        0.5319124597	        0.0000000000	        0.0000000000	        0.0000000000	        0.0024597431	        0.0027330479	        0.0009017537	        0.0076723824	        0.0008962406	        0.0017691929	        0.1000000000	        0.0010000000
        0.4098711039	        1.0810459334	        0.5265584176	        0.0000000000	        0.0000000000	        0.0000000000	        0.0025819847	        0.0028688718	        0.0009054947	        0.0073399519	        0.0008209307	        0.0017734222	        0.1000000000	        0.0010000000
        0.4269509569	        1.0886850251	        0.5212861744	        0.0000000000	        0.0000000000	        0.0000000000	        0.0027117656	        0.0030130729	        0.0009091252	        0.0070171770	        0.0007508268	        0.0017772288	        0.1000000000	        0.0010000000
        0.4445229527	        1.0959147799	        0.5161029310	        0.0000000000	        0.0000000000	        0.0000000000	        0.0028502147	        0.0031669052	        0.0009126635	        0.0067055099	        0.0006858230	        0.0017809698	        0.1000000000	        0.0010000000
        0.4625855294	        1.1027261253	        0.5110165105	        0.0000000000	        0.0000000000	        0.0000000000	        0.0029985123	        0.0033316803	        0.0009161236	        0.0064063813	        0.0006258080	        0.0017849903	        0.1000000000	        0.0010000000
        0.4811357642	        1.1091114045	        0.5060350482	        0.0000000000	        0.0000000000	        0.0000000000	        0.0031578370	        0.0035087078	        0.0009195148	        0.0061211612	        0.0005706605	        0.0017896094	        0.1000000000	        0.0010000000
        0.5001693105	        1.1150649990	        0.5011666166	        0.0000000000	        0.0000000000	        0.0000000000	        0.0033292936	        0.0036992151	        0.0009228411	        0.0058511158	        0.0005202445	        0.0017951066	        0.1000000000	        0.0010000000
        0.5196803412	        1.1205838939	        0.4964188071	        0.0000000000	        0.0000000000	        0.0000000000	        0.0035138249	        0.0039042499	        0.0009261009	        0.0055973620	        0.0004744062	        0.0018017096	        0.1000000000	        0.0010000000
        0.5396614981	        1.1256681260	        0.4917982964	        0.0000000000	        0.0000000000	        0.0000000000	        0.0037121092	        0.0041245658	        0.0009292876	        0.0053608257	        0.0004329706	        0.0018095847	        0.1000000000	        0.0010000000
        0.5601038497	        1.1303210614	        0.4873104355	        0.0000000000	        0.0000000000	        0.0000000000	        0.0039244490	        0.0043604989	        0.0009323896	        0.0051422080	        0.0003957416	        0.0018188319	        0.1000000000	        0.0010000000
        0.5809968569	        1.1345494644	        0.4829588977	        0.0000000000	        0.0000000000	        0.0000000000	        0.0041506583	        0.0046118426	        0.0009353920	        0.0049419638	        0.0003625028	        0.0018294836	        0.1000000000	        0.0010000000
        0.6023283492	        1.1383633415	        0.4787454189	        0.0000000000	        0.0000000000	        0.0000000000	        0.0043899598	        0.0048777331	        0.0009382770	        0.0047602962	        0.0003330208	        0.0018415094	        0.1000000000	        0.0010000000
        0.6240845103	        1.1417755733	        0.4746696515	        0.0000000000	        0.0000000000	        0.0000000000	        0.0046409024	        0.0051565583	        0.0009410260	        0.0045971656	        0.0003070506	        0.0018548241	        0.1000000000	        0.0010000000
        0.6462498761	        1.1448013692	        0.4707291407	        0.0000000000	        0.0000000000	        0.0000000000	        0.0049013116	        0.0054459017	        0.0009436207	        0.0044523155	        0.0002843410	        0.0018692996	        0.1000000000	        0.0010000000
        0.6688073438	        1.1474576013	        0.4669194151	        0.0000000000	        0.0000000000	        0.0000000000	        0.0051682826	        0.0057425362	        0.0009460444	        0.0043253080	        0.0002646417	        0.0018847775	        0.1000000000	        0.0010000000
        0.6917381935	        1.1497620796	        0.4632341730	        0.0000000000	        0.0000000000	        0.0000000000	        0.0054382246	        0.0060424717	        0.0009482829	        0.0042155681	        0.0002477091	        0.0019010833	        0.1000000000	        0.0010000000
        0.7150221237	        1.1517328304	        0.4596655377	        0.0000000000	        0.0000000000	        0.0000000000	        0.0057069580	        0.0063410645	        0.0009503251	        0.0041224305	        0.0002333124	        0.0019180382	        0.1000000000	        0.0010000000
        0.7386372983	        1.1533874282	        0.4562043515	        0.0000000000	        0.0000000000	        0.0000000000	        0.0059698635	        0.0066331816	        0.0009521632	        0.0040451855	        0.0002212383	        0.0019354702	        0.1000000000	        0.0010000000
        0.7625604087	        1.1547424169	        0.4528404824	        0.0000000000	        0.0000000000	        0.0000000000	        0.0062220742	        0.0069134157	        0.0009537928	        0.0039831202	        0.0002112939	        0.0019532218	        0.1000000000	        0.0010000000
        0.7867667475	        1.1558128419	        0.4495631202	        0.0000000000	        0.0000000000	        0.0000000000	        0.0064587000	        0.0071763333	        0.0009552126	        0.0039355542	        0.0002033099	        0.0019711563	        0.1000000000	        0.0010000000
        0.8112302966	        1.1566118973	        0.4463610492	        0.0000000000	        0.0000000000	        0.0000000000	        0.0066750654	        0.0074167394	        0.0009564238	        0.0039018667	        0.0001971412	        0.0019891607	        0.1000000000	        0.0010000000
        0.8359238264	        1.1571506850	        0.4432228860	        0.0000000000	        0.0000000000	        0.0000000000	        0.0068669447	        0.0076299386	        0.0009574303	        0.0038815173	        0.0001926676	        0.0020071478	        0.1000000000	        0.0010000000
        0.8608190076	        1.1574380759	        0.4401372845	        0.0000000000	        0.0000000000	        0.0000000000	        0.0070307733	        0.0078119703	        0.0009582378	        0.0038740588	        0.0001897937	        0.0020250563	        0.1000000000	        0.0010000000
        0.8858865338	        1.1574806589	        0.4370931058	        0.0000000000	        0.0000000000	        0.0000000000	        0.0071638210	        0.0079598011	        0.0009588536	        0.0038791437	        0.0001884478	        0.0020428499	        0.1000000000	        0.0010000000
        0.9110962541	        1.1572827652	        0.4340795606	        0.0000000000	        0.0000000000	        0.0000000000	        0.0072643123	        0.0080714582	        0.0009592863	        0.0038965257	        0.0001885813	        0.0020605160	        0.1000000000	        0.0010000000
        0.9364173138	        1.1568465565	        0.4310863287	        0.0000000000	        0.0000000000	        0.0000000000	        0.0073314861	        0.0081460957	        0.0009595457	        0.0039260550	        0.0001901671	        0.0020780637	        0.1000000000	        0.0010000000
        0.9618183033	        1.1561721686	        0.4281036617	        0.0000000000	        0.0000000000	        0.0000000000	        0.0073655924	        0.0081839916	        0.0009596424	        0.0039676711	        0.0001931985	        0.0020955216	        0.1000000000	        0.0010000000
        0.9872674122	        1.1552579022	        0.4251224741	        0.0000000000	        0.0000000000	        0.0000000000	        0.0073678286	        0.0081864762	        0.0009595879	        0.0040213906	        0.0001976872	        0.0021129354	        0.1000000000	        0.0010000000
        1.0127325878	        1.1541004582	        0.4221344261	        0.0000000000	        0.0000000000	        0.0000000000	        0.0073402244	        0.0081558049	        0.0009593940	        0.0040872924	        0.0002036623	        0.0021303651	        0.1000000000	        0.0010000000
        1.0381816967	        1.1526952114	        0.4191320003	        0.0000000000	        0.0000000000	        0.0000000000	        0.0072854859	        0.0080949843	        0.0009590734	        0.0041655006	        0.0002111680	        0.0021478816	        0.1000000000	        0.0010000000
        1.0635826862	        1.1510365189	        0.4161085716	        0.0000000000	        0.0000000000	        0.0000000000	        0.0072068147	        0.0080075719	        0.0009586389	        0.0042561641	        0.0002202621	        0.0021655635	        0.1000000000	        0.0010000000
        1.0889037459	        1.1491180569	        0.4130584690	        0.0000000000	        0.0000000000	        0.0000000000	        0.0071077168	        0.0078974631	        0.0009581032	        0.0043594360	        0.0002310136	        0.0021834923	        0.1000000000	        0.0010000000
        1.1141134662	        1.1469331773	        0.4099770258	        0.0000000000	        0.0000000000	        0.0000000000	        0.0069918147	        0.0077686830	        0.0009574795	        0.0044754517	        0.0002435008	        0.0022017484	        0.1000000000	        0.0010000000
        1.1391809924	        1.1444752722	        0.4068606134	        0.0000000000	        0.0000000000	        0.0000000000	        0.0068626770	        0.0076251967	        0.0009567800	        0.0046043066	        0.0002578089	        0.0022204053	        0.1000000000	        0.0010000000
        1.1640761736	        1.1417381333	        0.4037066549	        0.0000000000	        0.0000000000	        0.0000000000	        0.0067236738	        0.0074707487	        0.0009560169	        0.0047460367	        0.0002740275	        0.0022395242	        0.1000000000	        0.0010000000
        1.1887697034	        1.1387162889	        0.4005136138	        0.0000000000	        0.0000000000	        0.0000000000	        0.0065778637	        0.0073087374	        0.0009552013	        0.0049006005	        0.0002922484	        0.0022591482	        0.1000000000	        0.0010000000
        1.2132332525	        1.1354053029	        0.3972809546	        0.0000000000	        0.0000000000	        0.0000000000	        0.0064279153	        0.0071421281	        0.0009543429	        0.0050678654	        0.0003125634	        0.0022792970	        0.1000000000	        0.0010000000
        1.2374395913	        1.1318020189	        0.3940090762	        0.0000000000	        0.0000000000	        0.0000000000	        0.0062760633	        0.0069734037	        0.0009534505	        0.0052475983	        0.0003350625	        0.0022999621	        0.1000000000	        0.0010000000
        1.2613627017	        1.1279047378	        0.3906992167	        0.0000000000	        0.0000000000	        0.0000000000	        0.0061240943	        0.0068045492	        0.0009525310	        0.0054394623	        0.0003598321	        0.0023211026	        0.1000000000	        0.0010000000
        1.2849778763	        1.1237133200	        0.3873533354	        0.0000000000	        0.0000000000	        0.0000000000	        0.0059733593	        0.0066370659	        0.0009515894	        0.0056430184	        0.0003869543	        0.0023426431	        0.1000000000	        0.0010000000
        1.3082618065	        1.1192292092	        0.3839739775	        0.0000000000	        0.0000000000	        0.0000000000	        0.0058248059	        0.0064720065	        0.0009506292	        0.0058577323	        0.0004165061	        0.0023644723	        0.1000000000	        0.0010000000
        1.3311926562	        1.1144553811	        0.3805641270	        0.0000000000	        0.0000000000	        0.0000000000	        0.0056790245	        0.0063100272	        0.0009496521	        0.0060829865	        0.0004485596	        0.0023864439	        0.1000000000	        0.0010000000
        1.3537501239	        1.1093962255	        0.3771270572	        0.0000000000	        0.0000000000	        0.0000000000	        0.0055363031	        0.0061514479	        0.0009486577	        0.0063180954	        0.0004831827	        0.0024083789	        0.1000000000	        0.0010000000
        1.3759154897	        1.1040573738	        0.3736661858	        0.0000000000	        0.0000000000	        0.0000000000	        0.0053966850	        0.0059963167	        0.0009476444	        0.0065623231	        0.0005204403	        0.0024300694	        0.1000000000	        0.0010000000
        1.3976716508	        1.0984454867	        0.3701849402	        0.0000000000	        0.0000000000	        0.0000000000	        0.0052600262	        0.0058444736	        0.0009466089	        0.0068149016	        0.0005603953	        0.0024512830	        0.1000000000	        0.0010000000
        1.4190031431	        1.0925680190	        0.3666866393	        0.0000000000	        0.0000000000	        0.0000000000	        0.0051260486	        0.0056956096	        0.0009455468	        0.0070750489	        0.0006031109	        0.0024717691	        0.1000000000	        0.0010000000
        1.4398961503	        1.0864329750	        0.3631743936	        0.0000000000	        0.0000000000	        0.0000000000	        0.0049943881	        0.0055493201	        0.0009444527	        0.0073419865	        0.0006486518	        0.0024912648	        0.1000000000	        0.0010000000
        1.4603385019	        1.0800486682	        0.3596510267	        0.0000000000	        0.0000000000	        0.0000000000	        0.0048646352	        0.0054051502	        0.0009433202	        0.0076149530	        0.0006970866	        0.0025095007	        0.1000000000	        0.0010000000
        1.4803196588	        1.0734234965	        0.3561190165	        0.0000000000	        0.0000000000	        0.0000000000	        0.0047363692	        0.0052626324	        0.0009421423	        0.0078932169	        0.0007484894	        0.0025262076	        0.1000000000	        0.0010000000
        1.4998306895	        1.0665657381	        0.3525804560	        0.0000000000	        0.0000000000	        0.0000000000	        0.0046091843	        0.0051213158	        0.0009409112	        0.0081760848	        0.0008029410	        0.0025411216	        0.1000000000	        0.0010000000
        1.5188642358	        1.0594833746	        0.3490370301	        0.0000000000	        0.0000000000	        0.0000000000	        0.0044827099	        0.0049807888	        0.0009396189	        0.0084629080	        0.0008605306	        0.0025539890	        0.1000000000	        0.0010000000
        1.5374144706	        1.0521839425	        0.3454900081	        0.0000000000	        0.0000000000	        0.0000000000	        0.0043566246	        0.0048406940	        0.0009382569	        0.0087530854	        0.0009213570	        0.0025645706	        0.1000000000	        0.0010000000
        1.5554770473	        1.0446744119	        0.3419402465	        0.0000000000	        0.0000000000	        0.0000000000	        0.0042306650	        0.0047007389	        0.0009368163	        0.0090460642	        0.0009855288	        0.0025726451	        0.1000000000	        0.0010000000
        1.5730490431	        1.0369610931	        0.3383882005	        0.0000000000	        0.0000000000	        0.0000000000	        0.0041046306	        0.0045607007	        0.0009352877	        0.0093413385	        0.0010531655	        0.0025780118	        0.1000000000	        0.0010000000
        1.5901288961	        1.0290495655	        0.3348339422	        0.0000000000	        0.0000000000	        0.0000000000	        0.0039783850	        0.0044204278	        0.0009336614	        0.0096384461	        0.0011243977	        0.0025804921	        0.1000000000	        0.0010000000
        1.6067163378	        1.0209446290	        0.3312771823	        0.0000000000	        0.0000000000	        0.0000000000	        0.0038518543	        0.0042798381	        0.0009319274	        0.0099369640	        0.0011993665	        0.0025799316	        0.1000000000	        0.0010000000
        1.6228123217	        1.0126502715	        0.3277172944	        0.0000000000	        0.0000000000	        0.0000000000	        0.0037250240	        0.0041389156	        0.0009300751	        0.0102365024	        0.0012782242	        0.0025762001	        0.1000000000	        0.0010000000
        1.6384189492	        1.0041696513	        0.3241533391	        0.0000000000	        0.0000000000	        0.0000000000	        0.0035979341	        0.0039977046	        0.0009280932	        0.0105366983	        0.0013611328	        0.0025691920	        0.1000000000	        0.0010000000
        1.6535393936	        0.9955050912	        0.3205840890	        0.0000000000	        0.0000000000	        0.0000000000	        0.0034706732	        0.0038563035	        0.0009259702	        0.0108372086	        0.0014482640	        0.0025588263	        0.1000000000	        0.0010000000
        1.6681778223	        0.9866580803	        0.3170080515	        0.0000000000	        0.0000000000	        0.0000000000	        0.0033433719	        0.0037148577	        0.0009236935	        0.0111377021	        0.0015397977	        0.0025450462	        0.1000000000	        0.0010000000
        1.6823393191	        0.9776292831	        0.3134234904	        0.0000000000	        0.0000000000	        0.0000000000	        0.0032161967	        0.0035735519	        0.0009212498	        0.0114378518	        0.0016359211	        0.0025278180	        0.1000000000	        0.0010000000
        1.6960298066	        0.9684185527	        0.3098284457	        0.0000000000	        0.0000000000	        0.0000000000	        0.0030893430	        0.0034326034	        0.0009186249	        0.0117373268	        0.0017368266	        0.0025071301	        0.1000000000	        0.0010000000
        1.7092559693	        0.9590249472	        0.3062207508	        0.0000000000	        0.0000000000	        0.0000000000	        0.0029630286	        0.0032922540	        0.0009158035	        0.0120357842	        0.0018427104	        0.0024829925	        0.1000000000	        0.0010000000
        1.7220251786	        0.9494467481	        0.3025980481	        0.0000000000	        0.0000000000	        0.0000000000	        0.0028374876	        0.0031527640	        0.0009127693	        0.0123328601	        0.0019537695	        0.0024554351	        0.1000000000	        0.0010000000
        1.7343454187	        0.9396814794	        0.2989578018	        0.0000000000	        0.0000000000	        0.0000000000	        0.0027129649	        0.0030144054	        0.0009095046	        0.0126281610	        0.0020701996	        0.0024245063	        0.1000000000	        0.0010000000
        1.7462252162	        0.9297259279	        0.2952973099	        0.0000000000	        0.0000000000	        0.0000000000	        0.0025897104	        0.0028774560	        0.0009059901	        0.0129212553	        0.0021921914	        0.0023902724	        0.1000000000	        0.0010000000
        1.7576735710	        0.9195761630	        0.2916137130	        0.0000000000	        0.0000000000	        0.0000000000	        0.0024679749	        0.0027421943	        0.0009022053	        0.0132116634	        0.0023199265	        0.0023528156	        0.1000000000	        0.0010000000
        1.7686998906	        0.9092275577	        0.2879040029	        0.0000000000	        0.0000000000	        0.0000000000	        0.0023480054	        0.0026088948	        0.0008981275	        0.0134988488	        0.0024535730	        0.0023122330	        0.1000000000	        0.0010000000
        1.7793139285	        0.8986748084	        0.2841650289	        0.0000000000	        0.0000000000	        0.0000000000	        0.0022300416	        0.0024778240	        0.0008937324	        0.0137822078	        0.0025932801	        0.0022686353	        0.1000000000	        0.0010000000
        1.7895257240	        0.8879119570	        0.2803935042	        0.0000000000	        0.0000000000	        0.0000000000	        0.0021143131	        0.0023492367	        0.0008889937	        0.0140610592	        0.0027391716	        0.0022221458	        0.1000000000	        0.0010000000
        1.7993455473	        0.8769324124	        0.2765860102	        0.0000000000	        0.0000000000	        0.0000000000	        0.0020010360	        0.0022233733	        0.0008838825	        0.0143346342	        0.0028913384	        0.0021728989	        0.1000000000	        0.0010000000
        1.8087838469	        0.8657289752	        0.2727390017	        0.0000000000	        0.0000000000	        0.0000000000	        0.0018904116	        0.0021004574	        0.0008783677	        0.0146020646	        0.0030498303	        0.0021210390	        0.1000000000	        0.0010000000
        1.8178512012	        0.8542938635	        0.2688488115	        0.0000000000	        0.0000000000	        0.0000000000	        0.0017826243	        0.0019806937	        0.0008724155	        0.0148623722	        0.0032146458	        0.0020667198	        0.1000000000	        0.0010000000
        1.8265582733	        0.8426187434	        0.2649116553	        0.0000000000	        0.0000000000	        0.0000000000	        0.0016778403	        0.0018642670	        0.0008659894	        0.0151144566	        0.0033857212	        0.0020101030	        0.1000000000	        0.0010000000
        1.8349157693	        0.8306947632	        0.2609236371	        0.0000000000	        0.0000000000	        0.0000000000	        0.0015762069	        0.0017513410	        0.0008590496	        0.0153570836	        0.0035629178	        0.0019513576	        0.1000000000	        0.0010000000
        1.8429344002	        0.8185125939	        0.2568807570	        0.0000000000	        0.0000000000	        0.0000000000	        0.0014778518	        0.0016420575	        0.0008515535	        0.0155888733	        0.0037460081	        0.0018906590	        0.1000000000	        0.0010000000
        1.8506248471	        0.8060624776	        0.2527789188	        0.0000000000	        0.0000000000	        0.0000000000	        0.0013828829	        0.0015365366	        0.0008434549	        0.0158082890	        0.0039346596	        0.0018281883	        0.1000000000	        0.0010000000
        1.8579977295	        0.7933342840	        0.2486139414	        0.0000000000	        0.0000000000	        0.0000000000	        0.0012913887	        0.0014348764	        0.0008347042	        0.0160136260	        0.0041284183	        0.0017641317	        0.1000000000	        0.0010000000
        1.8650635767	        0.7803175790	        0.2443815724	        0.0000000000	        0.0000000000	        0.0000000000	        0.0012034379	        0.0013371532	        0.0008252483	        0.0162030024	        0.0043266900	        0.0016986797	        0.1000000000	        0.0010000000
        1.8718328026	        0.7670017067	        0.2400775048	        0.0000000000	        0.0000000000	        0.0000000000	        0.0011190802	        0.0012434225	        0.0008150303	        0.0163743508	        0.0045287210	        0.0016320271	        0.1000000000	        0.0010000000
        1.8783156825	        0.7533758859	        0.2356973990	        0.0000000000	        0.0000000000	        0.0000000000	        0.0010383473	        0.0011537192	        0.0008039899	        0.0165254138	        0.0047335789	        0.0015643718	        0.1000000000	        0.0010000000
        1.8845223335	        0.7394293259	        0.2312369086	        0.0000000000	        0.0000000000	        0.0000000000	        0.0009612530	        0.0010680589	        0.0007920632	        0.0166537414	        0.0049401321	        0.0014959153	        0.1000000000	        0.0010000000
        1.8904626966	        0.7251513626	        0.2266917129	        0.0000000000	        0.0000000000	        0.0000000000	        0.0008877946	        0.0009864385	        0.0007791832	        0.0167566949	        0.0051470325	        0.0014268618	        0.1000000000	        0.0010000000
        1.8961465220	        0.7105316183	        0.2220575563	        0.0000000000	        0.0000000000	        0.0000000000	        0.0008179538	        0.0009088376	        0.0007652799	        0.0168314554	        0.0053526987	        0.0013574181	        0.1000000000	        0.0010000000
        1.9015833556	        0.6955601879	        0.2173302947	        0.0000000000	        0.0000000000	        0.0000000000	        0.0007516976	        0.0008352196	        0.0007502809	        0.0168750406	        0.0055553045	        0.0012877932	        0.1000000000	        0.0010000000
        1.9067825285	        0.6802278544	        0.2125059523	        0.0000000000	        0.0000000000	        0.0000000000	        0.0006889798	        0.0007655331	        0.0007341125	        0.0168843312	        0.0057527734	        0.0012181984	        0.1000000000	        0.0010000000
        1.9117531477	        0.6645263361	        0.2075807867	        0.0000000000	        0.0000000000	        0.0000000000	        0.0006297417	        0.0006997130	        0.0007167003	        0.0168561085	        0.0059427802	        0.0011488468	        0.1000000000	        0.0010000000
        1.9165040890	        0.6484485675	        0.2025513666	        0.0000000000	        0.0000000000	        0.0000000000	        0.0005739139	        0.0006376821	        0.0006979709	        0.0167871046	        0.0061227658	        0.0010799530	        0.1000000000	        0.0010000000
        1.9210439915	        0.6319890168	        0.1974146606	        0.0000000000	        0.0000000000	        0.0000000000	        0.0005214171	        0.0005793523	        0.0006778535	        0.0166740689	        0.0062899639	        0.0010117328	        0.1000000000	        0.0010000000
        1.9253812529	        0.6151440390	        0.1921681395	        0.0000000000	        0.0000000000	        0.0000000000	        0.0004721635	        0.0005246261	        0.0006562821	        0.0165138511	        0.0064414465	        0.0009444023	        0.1000000000	        0.0010000000
        1.9295240269	        0.5979122665	        0.1868098924	        0.0000000000	        0.0000000000	        0.0000000000	        0.0004260584	        0.0004733982	        0.0006331983	        0.0163035018	        0.0065741884	        0.0008781781	        0.1000000000	        0.0010000000
        1.9334802217	        0.5802950351	        0.1813387573	        0.0000000000	        0.0000000000	        0.0000000000	        0.0003830010	        0.0004255567	        0.0006085546	        0.0160403922	        0.0066851548	        0.0008132755	        0.1000000000	        0.0010000000
        1.9372574991	        0.5622968426	        0.1757544659	        0.0000000000	        0.0000000000	        0.0000000000	        0.0003428861	        0.0003809845	        0.0005823180	        0.0157223520	        0.0067714123	        0.0007499081	        0.1000000000	        0.0010000000
        1.9408632750	        0.5439258356	        0.1700578030	        0.0000000000	        0.0000000000	        0.0000000000	        0.0003056051	        0.0003395612	        0.0005544751	        0.0153478221	        0.0068302650	        0.0006882861	        0.1000000000	        0.0010000000
        1.9443047207	        0.5251943186	        0.1642507798	        0.0000000000	        0.0000000000	        0.0000000000	        0.0002710478	        0.0003011642	        0.0005250371	        0.0149160195	        0.0068594122	        0.0006286148	        0.1000000000	        0.0010000000
        1.9475887648	        0.5061192749	        0.1583368194	        0.0000000000	        0.0000000000	        0.0000000000	        0.0002391030	        0.0002656700	        0.0004940462	        0.0144271074	        0.0068571245	        0.0005710927	        0.1000000000	        0.0010000000
        1.9507220961	        0.4867228896	        0.1523209509	        0.0000000000	        0.0000000000	        0.0000000000	        0.0002096606	        0.0002329562	        0.0004615819	        0.0138823603	        0.0068224311	        0.0005159091	        0.1000000000	        0.0010000000
        1.9537111666	        0.4670330602	        0.1462100122	        0.0000000000	        0.0000000000	        0.0000000000	        0.0001826123	        0.0002029026	        0.0004277693	        0.0132843143	        0.0067553083	        0.0004632414	        0.1000000000	        0.0010000000
        1.9565621954	        0.4470838760	        0.1400128518	        0.0000000000	        0.0000000000	        0.0000000000	        0.0001578532	        0.0001753925	        0.0003927865	        0.0126368859	        0.0066568547	        0.0004132528	        0.1000000000	        0.0010000000
        1.9592811732	        0.4269160471	        0.1337405271	        0.0000000000	        0.0000000000	        0.0000000000	        0.0001352831	        0.0001503146	        0.0003568732	        0.0119454442	        0.0065294410	        0.0003660888	        0.1000000000	        0.0010000000
        1.9618738665	        0.4065772525	        0.1274064871	        0.0000000000	        0.0000000000	        0.0000000000	        0.0001148075	        0.0001275639	        0.0003203387	        0.0112168183	        0.0063768151	        0.0003218746	        0.1000000000	        0.0010000000
        1.9643458227	        0.3861223719	        0.1210267250	        0.0000000000	        0.0000000000	        0.0000000000	        0.0000963388	        0.0001070432	        0.0002835684	        0.0104592236	        0.0062041498	        0.0002807117	        0.1000000000	        0.0010000000
        1.9667023755	        0.3656135445	        0.1146198809	        0.0000000000	        0.0000000000	        0.0000000000	        0.0000797968	        0.0000886631	        0.0002470278	        0.0096820921	        0.0060180189	        0.0002426755	        0.1000000000	        0.0010000000
        1.9689486499	        0.3451199769	        0.1082072614	        0.0000000000	        0.0000000000	        0.0000000000	        0.0000651083	        0.0000723425	        0.0002112606	        0.0088957980	        0.0058262971	        0.0002078126	        0.1000000000	        0.0010000000
        1.9710895681	        0.3247173855	        0.1018127301	        0.0000000000	        0.0000000000	        0.0000000000	        0.0000522062	        0.0000580069	        0.0001767675	        0.0081112809	        0.0056379846	        0.0001761384	        0.1000000000	        0.0010000000
        1.9731298548	        0.3045100631	        0.0954703433	        0.0000000000	        0.0000000000	        0.0000000000	        0.0000417567	        0.0000463963	        0.0001464382	        0.0073405405	        0.0054632354	        0.0001476698	        0.1000000000	        0.0010000000
        1.9750740433	        0.2846799057	        0.0892414210	        0.0000000000	        0.0000000000	        0.0000000000	        0.0000351908	        0.0000391009	        0.0001267239	        0.0065972338	        0.0053119838	        0.0001224754	        0.1000000000	        0.0010000000
        1.9769264814	        0.2653574344	        0.0831702930	        0.0000000000	        0.0000000000	        0.0000000000	        0.0000292711	        0.0000325235	        0.0001077243	        0.0058891329	        0.0051877391	        0.0001004821	        0.1000000000	        0.0010000000
        1.9786913367	        0.2465662108	        0.0772647270	        0.0000000000	        0.0000000000	        0.0000000000	        0.0000239960	        0.0000266622	        0.0000900760	        0.0052197340	        0.0050931873	        0.0000814671	        0.1000000000	        0.0010000000
        1.9803726030	        0.2283287321	        0.0715322760	        0.0000000000	        0.0000000000	        0.0000000000	        0.0000193595	        0.0000215106	        0.0000739721	        0.0045918879	        0.0050303969	        0.0000652010	        0.1000000000	        0.0010000000
        1.9819741058	        0.2106656943	        0.0659800099	        0.0000000000	        0.0000000000	        0.0000000000	        0.0000153484	        0.0000170537	        0.0000595685	        0.0040077187	        0.0050007745	        0.0000514481	        0.1000000000	        0.0010000000
        1.9834995080	        0.1935951202	        0.0606141968	        0.0000000000	        0.0000000000	        0.0000000000	        0.0000119391	        0.0000132657	        0.0000469660	        0.0034685764	        0.0050050585	        0.0000399688	        0.1000000000	        0.0010000000
        1.9849523159	        0.1771314720	        0.0554399750	        0.0000000000	        0.0000000000	        0.0000000000	        0.0000090975	        0.0000101083	        0.0000361977	        0.0029750303	        0.0050433479	        0.0000305212	        0.1000000000	        0.0010000000
        1.9863358846	        0.1612848876	        0.0504610670	        0.0000000000	        0.0000000000	        0.0000000000	        0.0000067784	        0.0000075315	        0.0000272255	        0.0025269053	        0.0051151638	        0.0000228655	        0.1000000000	        0.0010000000
        1.9876534236	        0.1460606647	        0.0456795805	        0.0000000000	        0.0000000000	        0.0000000000	        0.0000049281	        0.0000054757	        0.0000199448	        0.0021233592	        0.0052195366	        0.0000167669	        0.1000000000	        0.0010000000
        1.9889080021	        0.1314590661	        0.0410959235	        0.0000000000	        0.0000000000	        0.0000000000	        0.0000034873	        0.0000038748	        0.0000141981	        0.0017629891	        0.0053551061	        0.0000120001	        0.1000000000	        0.0010000000
        1.9901025543	        0.1174754588	        0.0367088391	        0.0000000000	        0.0000000000	        0.0000000000	        0.0000023942	        0.0000026602	        0.0000097923	        0.0014439538	        0.0055202268	        0.0000083527	        0.1000000000	        0.0010000000
        1.9912398850	        0.1041007397	        0.0325155441	        0.0000000000	        0.0000000000	        0.0000000000	        0.0000015881	        0.0000017646	        0.0000065175	        0.0011640989	        0.0057130656	        0.0000056287	        0.1000000000	        0.0010000000
        1.9923226740	        0.0913219665	        0.0285119412	        0.0000000000	        0.0000000000	        0.0000000000	        0.0000010121	        0.0000011246	        0.0000041638	        0.0009210725	        0.0059316871	        0.0000036504	        0.1000000000	        0.0010000000
        1.9933534817	        0.0791230967	        0.0246928721	        0.0000000000	        0.0000000000	        0.0000000000	        0.0000006150	        0.0000006834	        0.0000025345	        0.0007124244	        0.0061741219	        0.0000022603	        0.1000000000	        0.0010000000
        1.9943347532	        0.0674857491	        0.0210523793	        0.0000000000	        0.0000000000	        0.0000000000	        0.0000003525	        0.0000003917	        0.0000014545	        0.0005356843	        0.0064384172	        0.0000013215	        0.1000000000	        0.0010000000
        1.9952688237	        0.0563899215	        0.0175839536	        0.0000000000	        0.0000000000	        0.0000000000	        0.0000001877	        0.0000002085	        0.0000007749	        0.0003884211	        0.0067226710	        0.0000007181	        0.1000000000	        0.0010000000
        1.9961579223	        0.0458146241	        0.0142807516	        0.0000000000	        0.0000000000	        0.0000000000	        0.0000000906	        0.0000001007	        0.0000003744	        0.0002682824	        0.0070250527	        0.0000003541	        0.1000000000	        0.0010000000
        1.9970041770	        0.0357384069	        0.0111357776	        0.0000000000	        0.0000000000	        0.0000000000	        0.0000000382	        0.0000000425	        0.0000001579	        0.0001730204	        0.0073438134	        0.0000001525	        0.1000000000	        0.0010000000
        1.9978096186	        0.0261397797	        0.0081420269	        0.0000000000	        0.0000000000	        0.0000000000	        0.0000000131	        0.0000000146	        0.0000000543	        0.0001005055	        0.0076772883	        0.0000000536	        0.1000000000	        0.0010000000
        1.9985761848	        0.0169975295	        0.0052925943	        0.0000000000	        0.0000000000	        0.0000000000	        0.0000000032	        0.0000000036	        0.0000000132	        0.0000487318	        0.0080238941	        0.0000000133	        0.1000000000	        0.0010000000
        1.9993057241	        0.0082909505	        0.0025807517	        0.0000000000	        0.0000000000	        0.0000000000	        0.0000000004	        0.0000000004	        0.0000000016	        0.0000158172	        0.0083821242	        0.0000000016	        0.1000000000	        0.0010000000
        2.0000000000	        0.0000000000	        0.0000000000	        0.0000000000	        0.0000000000	        0.0000000000	        0.0000000000	        0.0000000000	        0.0000000000	        0.0000000000	        0.0087505422	        0.0000000000	        0.1000000000	        0.0010000000
