        0.0000000000	        0.0000000000	        1.0000000000	        4.4686621900	       26.4015750624	        0.0014270374	        0.0000000000	        0.0000000000	        0.0000000000	        0.0000000000	        0.0070930286	        0.0000000000	        0.1000000000	        0.0010000000
        0.0006386460	        0.0067163277	        0.9970033651	        4.3487270552	       26.3932327327	        0.0013948111	        0.0000000002	        0.0000000002	        0.0000000008	        0.0000083898	        0.0068786014	        0.0000000005	        0.1000000000	        0.0010000000
        0.0013591019	        0.0142889910	        0.9936932625	        4.2170209417	       26.3839769620	        0.0013594596	        0.0000000014	        0.0000000016	        0.0000000073	        0.0000276111	        0.0066504682	        0.0000000048	        0.1000000000	        0.0010000000
        0.0021717769	        0.0228256218	        0.9900464236	        4.0729242080	       26.3737182170	        0.0013208309	        0.0000000067	        0.0000000075	        0.0000000331	        0.0000612969	        0.0064097866	        0.0000000219	        0.1000000000	        0.0010000000
        0.0030883849	        0.0324468322	        0.9860401998	        3.9159344298	       26.3623561783	        0.0012788087	        0.0000000226	        0.0000000251	        0.0000001083	        0.0001140089	        0.0061583755	        0.0000000723	        0.1000000000	        0.0010000000
        0.0041221033	        0.0432874666	        0.9816532838	        3.7457144936	       26.3497755624	        0.0012333265	        0.0000000625	        0.0000000694	        0.0000002902	        0.0001914337	        0.0058988629	        0.0000001958	        0.1000000000	        0.0010000000
        0.0052877492	        0.0554977220	        0.9768666175	        3.5621469667	       26.3358393667	        0.0011843832	        0.0000001515	        0.0000001683	        0.0000006796	        0.0003006089	        0.0056348526	        0.0000004640	        0.1000000000	        0.0010000000
        0.0066019743	        0.0692439015	        0.9716645358	        3.3653918133	       26.3203781122	        0.0011320606	        0.0000003341	        0.0000003712	        0.0000014413	        0.0004501740	        0.0053711114	        0.0000009988	        0.1000000000	        0.0010000000
        0.0080834821	        0.0847083992	        0.9660362046	        3.1559415638	       26.3031729585	        0.0010765398	        0.0000006847	        0.0000007608	        0.0000028281	        0.0006506300	        0.0051137671	        0.0000019975	        0.1000000000	        0.0010000000
        0.0097532660	        0.1020882757	        0.9599774220	        2.9346633921	       26.2839295386	        0.0010181143	        0.0000013226	        0.0000014695	        0.0000052024	        0.0009145715	        0.0048705010	        0.0000037655	        0.1000000000	        0.0010000000
        0.0116348733	        0.1215915230	        0.9534928190	        2.7028103644	       26.2622378851	        0.0009571963	        0.0000024288	        0.0000026986	        0.0000090441	        0.0012568082	        0.0046506894	        0.0000067573	        0.1000000000	        0.0010000000
        0.0137546927	        0.1434299499	        0.9465983773	        2.4620136453	       26.2375541849	        0.0008943173	        0.0000042630	        0.0000047367	        0.0000149242	        0.0016942377	        0.0044654091	        0.0000116219	        0.1000000000	        0.0010000000
        0.0161422702	        0.1678078483	        0.9393239074	        2.2145088401	       26.2095081015	        0.0008301994	        0.0000071722	        0.0000079691	        0.0000234207	        0.0022452483	        0.0043271634	        0.0000192478	        0.1000000000	        0.0010000000
        0.0188306506	        0.1949066401	        0.9317147160	        1.9630023494	       26.1779334030	        0.0007657241	        0.0000115810	        0.0000128677	        0.0000349656	        0.0029283937	        0.0042491332	        0.0000307978	        0.1000000000	        0.0010000000
        0.0218567475	        0.2248676954	        0.9238311833	        1.7107491188	       26.1425262252	        0.0007019265	        0.0000179561	        0.0000199512	        0.0000496548	        0.0037601578	        0.0042437676	        0.0000477213	        0.1000000000	        0.0010000000
        0.0252617393	        0.2577776335	        0.9157449695	        1.4614894745	       26.1026938443	        0.0006399561	        0.0000267508	        0.0000297231	        0.0000671151	        0.0047519231	        0.0043206709	        0.0000717361	        0.1000000000	        0.0010000000
        0.0290914903	        0.2936606378	        0.9075314585	        1.2194754208	       26.0578770307	        0.0005810819	        0.0000383539	        0.0000426154	        0.0000865456	        0.0059067132	        0.0044840436	        0.0001047778	        0.1000000000	        0.0010000000
        0.0333969940	        0.3324791485	        0.8992598153	        0.9891663642	       26.0075175618	        0.0005266028	        0.0000530768	        0.0000589742	        0.0001064762	        0.0072166123	        0.0047302826	        0.0001489270	        0.1000000000	        0.0010000000
        0.0382348325	        0.3738013282	        0.8910592450	        0.7747921527	       25.9507922667	        0.0004777613	        0.0000776561	        0.0000862846	        0.0001360241	        0.0086519561	        0.0050468661	        0.0002059019	        0.1000000000	        0.0010000000
        0.0436676462	        0.4167247106	        0.8831031286	        0.5801227160	       25.8875423428	        0.0004356818	        0.0001144691	        0.0001271879	        0.0001721553	        0.0101381628	        0.0053861372	        0.0002764291	        0.1000000000	        0.0010000000
        0.0497646022	        0.4604247857	        0.8754858583	        0.4080974995	       25.8170305217	        0.0004013088	        0.0001616170	        0.0001795745	        0.0002069943	        0.0115799958	        0.0056845524	        0.0003606221	        0.1000000000	        0.0010000000
        0.0566018496	        0.5042599660	        0.8682246099	        0.2603696581	       25.7378958728	        0.0003753221	        0.0002205525	        0.0002450583	        0.0002402809	        0.0128916330	        0.0058914979	        0.0004581493	        0.1000000000	        0.0010000000
        0.0642629411	        0.5476602211	        0.8612987187	        0.1371776880	       25.6503677716	        0.0003581005	        0.0002928844	        0.0003254271	        0.0002723929	        0.0140037210	        0.0059747679	        0.0005680037	        0.1000000000	        0.0010000000
        0.0728392004	        0.5901554304	        0.8546600217	        0.0375672660	       25.5526071604	        0.0003497802	        0.0003803282	        0.0004225868	        0.0003042523	        0.0148715173	        0.0059234241	        0.0006885783	        0.1000000000	        0.0010000000
        0.0824300053	        0.6313877962	        0.8482437017	       -0.0403730466	       25.4442693378	        0.0003502180	        0.0004846283	        0.0005384759	        0.0003369703	        0.0154765463	        0.0057455208	        0.0008177894	        0.1000000000	        0.0010000000
        0.0931429507	        0.6711103872	        0.8419775382	       -0.0990722265	       25.3261600301	        0.0003590608	        0.0006074633	        0.0006749593	        0.0003715795	        0.0158230691	        0.0054623997	        0.0009532134	        0.1000000000	        0.0010000000
        0.1050938490	        0.7091754976	        0.8357887699	       -0.1410818521	       25.1951905321	        0.0003757819	        0.0007503364	        0.0008337071	        0.0004088669	        0.0159317537	        0.0051019680	        0.0010922133	        0.1000000000	        0.0010000000
        0.1184065179	        0.7455171077	        0.8296086476	       -0.1688582978	       25.0511779107	        0.0003997225	        0.0009144592	        0.0010160657	        0.0004492878	        0.0158328289	        0.0046929130	        0.0012320423	        0.1000000000	        0.0010000000
        0.1332122955	        0.7801312644	        0.8233751302	       -0.1845946293	       24.8947477323	        0.0004299779	        0.0011006354	        0.0012229282	        0.0004929334	        0.0155602310	        0.0042608067	        0.0013699243	        0.1000000000	        0.0010000000
        0.1496492201	        0.8130571280	        0.8170344060	       -0.1903373094	       24.7230552523	        0.0004655941	        0.0013091546	        0.0014546163	        0.0005395380	        0.0151473925	        0.0038261593	        0.0015031192	        0.1000000000	        0.0010000000
        0.1678608015	        0.8443602504	        0.8105415287	       -0.1878776199	       24.5365634976	        0.0005053893	        0.0015397094	        0.0017107883	        0.0005885088	        0.0146246874	        0.0034039771	        0.0016289814	        0.1000000000	        0.0010000000
        0.1879943127	        0.8741186671	        0.8038607784	       -0.1789715711	       24.3334186446	        0.0005480242	        0.0017913517	        0.0019903908	        0.0006389805	        0.0140182234	        0.0030042459	        0.0017450211	        0.1000000000	        0.0010000000
        0.2101985296	        0.9024117224	        0.7969656508	       -0.1652329919	       24.1136419568	        0.0005920837	        0.0020625105	        0.0022916783	        0.0006898903	        0.0133495849	        0.0026328462	        0.0018489757	        0.1000000000	        0.0010000000
        0.2346208557	        0.9293111797	        0.7898388776	       -0.1480444184	       23.8765601157	        0.0006361094	        0.0023510964	        0.0026123293	        0.0007400450	        0.0126361722	        0.0022925693	        0.0019388967	        0.1000000000	        0.0010000000
        0.2614037844	        0.9548740462	        0.7824728596	       -0.1288053000	       23.6213211751	        0.0006787446	        0.0026547219	        0.0029496910	        0.0007882108	        0.0118918794	        0.0019840498	        0.0020132534	        0.1000000000	        0.0010000000
        0.2906806794	        0.9791365926	        0.7748700257	       -0.1089100704	       23.3466976237	        0.0007186398	        0.0029710680	        0.0033011867	        0.0008332470	        0.0111279440	        0.0017065402	        0.0020710543	        0.1000000000	        0.0010000000
        0.3225708876	        1.0021092374	        0.7670430919	       -0.0893231232	       23.0516661923	        0.0007547834	        0.0032984177	        0.0036649086	        0.0008741884	        0.0103538774	        0.0014585123	        0.0021119812	        0.1000000000	        0.0010000000
        0.3571742551	        1.0237723132	        0.7590163785	       -0.0707072702	       22.7365190709	        0.0007864124	        0.0036363575	        0.0040403972	        0.0009102666	        0.0095784192	        0.0012381039	        0.0021365209	        0.1000000000	        0.0010000000
        0.3945651751	        1.0440732534	        0.7508278921	       -0.0536177817	       22.4000718823	        0.0008130564	        0.0039865970	        0.0044295523	        0.0009409564	        0.0088104672	        0.0010434314	        0.0021460736	        0.1000000000	        0.0010000000
        0.4347863703	        1.0629264576	        0.7425312424	       -0.0384073413	       22.0429966008	        0.0008343047	        0.0043537669	        0.0048375187	        0.0009660207	        0.0080598923	        0.0008727856	        0.0021429933	        0.1000000000	        0.0010000000
        0.4778426900	        1.0802178635	        0.7341968619	       -0.0258093658	       21.6647868917	        0.0008500224	        0.0047458969	        0.0052732187	        0.0009856505	        0.0073380757	        0.0007247178	        0.0021305040	        0.1000000000	        0.0010000000
        0.5236952751	        1.0958165954	        0.7259088364	       -0.0162966045	       21.2654469513	        0.0008606632	        0.0051740685	        0.0057489650	        0.0010005841	        0.0066579313	        0.0005980146	        0.0021124282	        0.1000000000	        0.0010000000
        0.5722565058	        1.1095950282	        0.7177579461	       -0.0096130371	       20.8453828770	        0.0008673428	        0.0056505330	        0.0062783700	        0.0010119132	        0.0060331719	        0.0004915706	        0.0020926999	        0.1000000000	        0.0010000000
        0.6233861842	        1.1214552756	        0.7098322144	       -0.0059828290	       20.4055482184	        0.0008717371	        0.0061846078	        0.0068717864	        0.0010209745	        0.0054767746	        0.0004041997	        0.0020747255	        0.1000000000	        0.0010000000
        0.6768894010	        1.1313549909	        0.7022011115	       -0.0049877000	       19.9486772603	        0.0008749488	        0.0067762374	        0.0075291527	        0.0010292017	        0.0049990131	        0.0003344647	        0.0020607815	        0.1000000000	        0.0010000000
        0.7325164896	        1.1393218008	        0.6949019841	       -0.0071212524	       19.4751739858	        0.0008785949	        0.0074084646	        0.0082316273	        0.0010381044	        0.0046058406	        0.0002806195	        0.0020517028	        0.1000000000	        0.0010000000
        0.7899653716	        1.1454481355	        0.6879271609	       -0.0122642218	       18.9870303621	        0.0008849368	        0.0080418868	        0.0089354298	        0.0010493204	        0.0042984296	        0.0002407104	        0.0020470120	        0.1000000000	        0.0010000000
        0.8488864424	        1.1498668939	        0.6812216944	       -0.0203889258	       18.4882289124	        0.0008956274	        0.0086152938	        0.0095725486	        0.0010644620	        0.0040741302	        0.0002127984	        0.0020454128	        0.1000000000	        0.0010000000
        0.9088899606	        1.1527171135	        0.6746877236	       -0.0314492950	       17.9813080552	        0.0009134453	        0.0090555471	        0.0100617190	        0.0010851481	        0.0039283876	        0.0001952089	        0.0020453954	        0.1000000000	        0.0010000000
        0.9695556872	        1.1541111707	        0.6681920783	       -0.0429647002	       17.4698256985	        0.0009391950	        0.0092957791	        0.0103286435	        0.0011121710	        0.0038568200	        0.0001867297	        0.0020457245	        0.1000000000	        0.0010000000
        1.0304443128	        1.1541111707	        0.6615829769	       -0.0538604675	       16.9566770293	        0.0009729309	        0.0092957791	        0.0103286435	        0.0011450842	        0.0038568200	        0.0001867297	        0.0020457245	        0.1000000000	        0.0010000000
        1.0911100394	        1.1527171135	        0.6546995154	       -0.0649541788	       16.4458649073	        0.0010144842	        0.0090555471	        0.0100617190	        0.0011833483	        0.0039283876	        0.0001952089	        0.0020453954	        0.1000000000	        0.0010000000
        1.1511135576	        1.1498668939	        0.6473742491	       -0.0752526836	       15.9421459334	        0.0010626890	        0.0086152938	        0.0095725486	        0.0012264096	        0.0040741302	        0.0002127984	        0.0020454128	        0.1000000000	        0.0010000000
        1.2100346284	        1.1454481355	        0.6394458249	       -0.0840250620	       15.4466071502	        0.0011164700	        0.0080418868	        0.0089354298	        0.0012732168	        0.0042984296	        0.0002407104	        0.0020470120	        0.1000000000	        0.0010000000
        1.2674835104	        1.1393218008	        0.6307749576	       -0.0890781936	       14.9643646244	        0.0011740228	        0.0074084646	        0.0082316273	        0.0013218870	        0.0046058406	        0.0002806195	        0.0020517028	        0.1000000000	        0.0010000000
        1.3231105990	        1.1313549909	        0.6212698590	       -0.0896306985	       14.4979458424	        0.0012317078	        0.0067762374	        0.0075291527	        0.0013697997	        0.0049990131	        0.0003344647	        0.0020607815	        0.1000000000	        0.0010000000
        1.3766138158	        1.1214552756	        0.6109038042	       -0.0854432548	       14.0475467207	        0.0012858503	        0.0061846078	        0.0068717864	        0.0014142598	        0.0054767746	        0.0004041997	        0.0020747255	        0.1000000000	        0.0010000000
        1.4277434942	        1.1095950282	        0.5997204416	       -0.0767994759	       13.6159031643	        0.0013339880	        0.0056505330	        0.0062783700	        0.0014527957	        0.0060331719	        0.0004915706	        0.0020926999	        0.1000000000	        0.0010000000
        1.4763047249	        1.0958165954	        0.5878227258	       -0.0634732955	       13.2045536376	        0.0013735840	        0.0051740685	        0.0057489650	        0.0014831623	        0.0066579313	        0.0005980146	        0.0021124282	        0.1000000000	        0.0010000000
        1.5221573100	        1.0802178635	        0.5753530946	       -0.0457093925	       12.8139229508	        0.0014030900	        0.0047458969	        0.0052732187	        0.0015034099	        0.0073380757	        0.0007247178	        0.0021305040	        0.1000000000	        0.0010000000
        1.5652136297	        1.0629264576	        0.5624686164	       -0.0245977511	       12.4441707809	        0.0014205394	        0.0043537669	        0.0048375187	        0.0015122971	        0.0080598923	        0.0008727856	        0.0021429933	        0.1000000000	        0.0010000000
        1.6054348249	        1.0440732534	        0.5493173596	       -0.0011035408	       12.0961153054	        0.0014261530	        0.0039865970	        0.0044295523	        0.0015094429	        0.0088104672	        0.0010434314	        0.0021460736	        0.1000000000	        0.0010000000
        1.6428257449	        1.0237723132	        0.5360238504	        0.0244170768	       11.7674223652	        0.0014211660	        0.0036363575	        0.0040403972	        0.0014950672	        0.0095784192	        0.0012381039	        0.0021365209	        0.1000000000	        0.0010000000
        1.6774291124	        1.0021092374	        0.5226847089	        0.0516279861	       11.4596875706	        0.0014062208	        0.0032984177	        0.0036649086	        0.0014697533	        0.0103538774	        0.0014585123	        0.0021119812	        0.1000000000	        0.0010000000
        1.7093193206	        0.9791365926	        0.5093694688	        0.0788613916	       11.1716618278	        0.0013823866	        0.0029710680	        0.0033011867	        0.0014345583	        0.0111279440	        0.0017065402	        0.0020710543	        0.1000000000	        0.0010000000
        1.7385962156	        0.9548740462	        0.4961200740	        0.1045047214	       10.9020840378	        0.0013516484	        0.0026547219	        0.0029496910	        0.0013910323	        0.0118918794	        0.0019840498	        0.0020132534	        0.1000000000	        0.0010000000
        1.7653791443	        0.9293111797	        0.4829524796	        0.1263846891	       10.6517899590	        0.0013161808	        0.0023510964	        0.0026123293	        0.0013410417	        0.0126361722	        0.0022925693	        0.0019388967	        0.1000000000	        0.0010000000
        1.7898014704	        0.9024117224	        0.4698575658	        0.1418675061	       10.4190870964	        0.0012784411	        0.0020625105	        0.0022916783	        0.0012866540	        0.0133495849	        0.0026328462	        0.0018489757	        0.1000000000	        0.0010000000
        1.8120056873	        0.8741186671	        0.4568014590	        0.1484651244	       10.2032769937	        0.0012412560	        0.0017913517	        0.0019903908	        0.0012299134	        0.0140182234	        0.0030042459	        0.0017450211	        0.1000000000	        0.0010000000
        1.8321391985	        0.8443602504	        0.4437266349	        0.1436965393	       10.0036142237	        0.0012071460	        0.0015397094	        0.0017107883	        0.0011725909	        0.0146246874	        0.0034039771	        0.0016289814	        0.1000000000	        0.0010000000
        1.8503507799	        0.8130571280	        0.4305532962	        0.1246992919	        9.8193750613	        0.0011788188	        0.0013091546	        0.0014546163	        0.0011160314	        0.0151473925	        0.0038261593	        0.0015031192	        0.1000000000	        0.0010000000
        1.8667877045	        0.7801312644	        0.4171803993	        0.0887065713	        9.6502992330	        0.0011584222	        0.0011006354	        0.0012229282	        0.0010610192	        0.0155602310	        0.0042608067	        0.0013699243	        0.1000000000	        0.0010000000
        1.8815934821	        0.7455171077	        0.4034877530	        0.0328421693	        9.4956239421	        0.0011478133	        0.0009144592	        0.0010160657	        0.0010076556	        0.0158328289	        0.0046929130	        0.0012320423	        0.1000000000	        0.0010000000
        1.8949061510	        0.7091754976	        0.3893392843	       -0.0459042735	        9.3544741799	        0.0011485006	        0.0007503364	        0.0008337071	        0.0009553068	        0.0159317537	        0.0051019680	        0.0010922133	        0.1000000000	        0.0010000000
        1.9068570493	        0.6711103872	        0.3745881663	       -0.1510318482	        9.2252316920	        0.0011617443	        0.0006074633	        0.0006749593	        0.0009026306	        0.0158230691	        0.0054623997	        0.0009532134	        0.1000000000	        0.0010000000
        1.9175699947	        0.6313877962	        0.3590841130	       -0.2835951311	        9.1087378428	        0.0011881378	        0.0004846283	        0.0005384759	        0.0008475861	        0.0154765463	        0.0057455208	        0.0008177894	        0.1000000000	        0.0010000000
        1.9271607996	        0.5901554304	        0.3426877400	       -0.4451619265	        9.0034034342	        0.0012279106	        0.0003803282	        0.0004225868	        0.0007876469	        0.0148715173	        0.0059234241	        0.0006885783	        0.1000000000	        0.0010000000
        1.9357370589	        0.5476602211	        0.3252873532	       -0.6361220738	        8.9081001390	        0.0012809969	        0.0002928844	        0.0003254271	        0.0007202716	        0.0140037210	        0.0059747679	        0.0005680037	        0.1000000000	        0.0010000000
        1.9433981504	        0.5042599660	        0.3068197377	       -0.8509627513	        8.8232761667	        0.0013456798	        0.0002205525	        0.0002450583	        0.0006434196	        0.0128916330	        0.0058914979	        0.0004581493	        0.1000000000	        0.0010000000
        1.9502353978	        0.4604247857	        0.2872973049	       -1.0886083351	        8.7468884348	        0.0014216784	        0.0001616170	        0.0001795745	        0.0005564112	        0.0115799958	        0.0056845524	        0.0003606221	        0.1000000000	        0.0010000000
        1.9563323538	        0.4167247106	        0.2668255162	       -1.3396649876	        8.6789638192	        0.0015061251	        0.0001144691	        0.0001271879	        0.0004607368	        0.0101381628	        0.0053861372	        0.0002764291	        0.1000000000	        0.0010000000
        1.9617651675	        0.3738013282	        0.2456184625	       -1.5992965726	        8.6183644223	        0.0015977172	        0.0000776561	        0.0000862846	        0.0003598763	        0.0086519561	        0.0050468661	        0.0002059019	        0.1000000000	        0.0010000000
        1.9666030060	        0.3324791485	        0.2240801028	       -1.8593835019	        8.5644303868	        0.0016938453	        0.0000530768	        0.0000589742	        0.0002769117	        0.0072166123	        0.0047302826	        0.0001489270	        0.1000000000	        0.0010000000
        1.9709085097	        0.2936606378	        0.2027793257	       -2.1112707491	        8.5169151168	        0.0017914488	        0.0000383539	        0.0000426154	        0.0002203290	        0.0059067132	        0.0044840436	        0.0001047778	        0.1000000000	        0.0010000000
        1.9747382607	        0.2577776335	        0.1821119616	       -2.3529765431	        8.4746467003	        0.0018895210	        0.0000267508	        0.0000297231	        0.0001667902	        0.0047519231	        0.0043206709	        0.0000717361	        0.1000000000	        0.0010000000
        1.9781432525	        0.2248676954	        0.1622722757	       -2.5817200659	        8.4369288503	        0.0019867682	        0.0000179561	        0.0000199512	        0.0001202736	        0.0037601578	        0.0042437676	        0.0000477213	        0.1000000000	        0.0010000000
        1.9811693494	        0.1949066401	        0.1434301581	       -2.7941506816	        8.4034642976	        0.0020812485	        0.0000115810	        0.0000128677	        0.0000825056	        0.0029283937	        0.0042491332	        0.0000307978	        0.1000000000	        0.0010000000
        1.9838577298	        0.1678078483	        0.1257153147	       -2.9871200434	        8.3741569763	        0.0021707743	        0.0000071722	        0.0000079691	        0.0000538488	        0.0022452483	        0.0043271634	        0.0000192478	        0.1000000000	        0.0010000000
        1.9862453073	        0.1434299499	        0.1092096873	       -3.1610979871	        8.3484697112	        0.0022548139	        0.0000042630	        0.0000047367	        0.0000334605	        0.0016942377	        0.0044654091	        0.0000116219	        0.1000000000	        0.0010000000
        1.9883651267	        0.1215915230	        0.0939482227	       -3.3183690732	        8.3256942069	        0.0023337198	        0.0000024288	        0.0000026986	        0.0000197955	        0.0012568082	        0.0046506894	        0.0000067573	        0.1000000000	        0.0010000000
        1.9902467340	        0.1020882757	        0.0799260852	       -3.4603130765	        8.3054107506	        0.0024074148	        0.0000013226	        0.0000014695	        0.0000111317	        0.0009145715	        0.0048705010	        0.0000037655	        0.1000000000	        0.0010000000
        1.9919165179	        0.0847083992	        0.0671087479	       -3.5874621071	        8.2874380072	        0.0024754502	        0.0000006847	        0.0000007608	        0.0000059248	        0.0006506300	        0.0051137671	        0.0000019975	        0.1000000000	        0.0010000000
        1.9933980257	        0.0692439015	        0.0554417450	       -3.7006658642	        8.2715841644	        0.0025376759	        0.0000003341	        0.0000003712	        0.0000029611	        0.0004501740	        0.0053711114	        0.0000009988	        0.1000000000	        0.0010000000
        1.9947122508	        0.0554977220	        0.0448585210	       -3.8010175319	        8.2576426564	        0.0025941910	        0.0000001515	        0.0000001683	        0.0000013714	        0.0003006089	        0.0056348526	        0.0000004640	        0.1000000000	        0.0010000000
        1.9958778967	        0.0432874666	        0.0352861924	       -3.8897053238	        8.2454080085	        0.0026452473	        0.0000000625	        0.0000000694	        0.0000005761	        0.0001914337	        0.0058988629	        0.0000001958	        0.1000000000	        0.0010000000
        1.9969116151	        0.0324468322	        0.0266495459	       -3.9679208728	        8.2346849815	        0.0026911842	        0.0000000226	        0.0000000251	        0.0000002118	        0.0001140089	        0.0061583755	        0.0000000723	        0.1000000000	        0.0010000000
        1.9978282231	        0.0228256218	        0.0188737150	       -4.0368053403	        8.2252933684	        0.0027323843	        0.0000000067	        0.0000000075	        0.0000000639	        0.0000612969	        0.0064097866	        0.0000000219	        0.1000000000	        0.0010000000
        1.9986408981	        0.0142889910	        0.0118859240	       -4.0974201785	        8.2170700355	        0.0027692448	        0.0000000014	        0.0000000016	        0.0000000139	        0.0000276111	        0.0066504682	        0.0000000048	        0.1000000000	        0.0010000000
        1.9993613540	        0.0067163277	        0.0056165921	       -4.1507336960	        8.2098692682	        0.0028021589	        0.0000000002	        0.0000000002	        0.0000000015	        0.0000083898	        0.0068786014	        0.0000000005	        0.1000000000	        0.0010000000
        2.0000000000	        0.0000000000	        0.0000000000	       -4.1976174834	        8.2035621237	        0.0028315040	        0.0000000000	        0.0000000000	        0.0000000000	        0.0000000000	        0.0070930286	        0.0000000000	        0.1000000000	        0.0010000000
