        0.0000000000	        0.0000000000	        1.0000000000	        7.4793462837	       30.1105329785	        0.0008293964	        0.0000000000	        0.0000000000	        0.0000000000	        0.0000000000	        0.0070930286	        0.0000000000	        0.1000000000	        0.0010000000
        0.0006386460	        0.0067163277	        0.9977900441	        6.9413002515	       30.0947262451	        0.0007786659	        0.0000000002	        0.0000000002	        0.0000000006	        0.0000083898	        0.0068786014	        0.0000000005	        0.1000000000	        0.0010000000
        0.0013591019	        0.0142889910	        0.9954097854	        6.3732754848	       30.0773187189	        0.0007252996	        0.0000000014	        0.0000000016	        0.0000000052	        0.0000276111	        0.0066504682	        0.0000000048	        0.1000000000	        0.0010000000
        0.0021717769	        0.0228256218	        0.9928566814	        5.7799908901	       30.0581873946	        0.0006697946	        0.0000000067	        0.0000000075	        0.0000000228	        0.0000612969	        0.0064097866	        0.0000000219	        0.1000000000	        0.0010000000
        0.0030883849	        0.0324468322	        0.9901292563	        5.1681709464	       30.0372005519	        0.0006128407	        0.0000000226	        0.0000000251	        0.0000000726	        0.0001140089	        0.0061583755	        0.0000000723	        0.1000000000	        0.0010000000
        0.0041221033	        0.0432874666	        0.9872266337	        4.5467767429	       30.0142118464	        0.0005553375	        0.0000000625	        0.0000000694	        0.0000001892	        0.0001914337	        0.0058988629	        0.0000001958	        0.1000000000	        0.0010000000
        0.0052877492	        0.0554977220	        0.9841477706	        3.9270845715	       29.9890494602	        0.0004983922	        0.0000001515	        0.0000001683	        0.0000004311	        0.0003006089	        0.0056348526	        0.0000004640	        0.1000000000	        0.0010000000
        0.0066019743	        0.0692439015	        0.9808904033	        3.3224691620	       29.9614973243	        0.0004432844	        0.0000003341	        0.0000003712	        0.0000008914	        0.0004501740	        0.0053711114	        0.0000009988	        0.1000000000	        0.0010000000
        0.0080834821	        0.0847083992	        0.9774498012	        2.7476663092	       29.9312639073	        0.0003913710	        0.0000006847	        0.0000007608	        0.0000017115	        0.0006506300	        0.0051137671	        0.0000019975	        0.1000000000	        0.0010000000
        0.0097532660	        0.1020882757	        0.9738175470	        2.2171671738	       29.8979318326	        0.0003438953	        0.0000013226	        0.0000014695	        0.0000030978	        0.0009145715	        0.0048705010	        0.0000037655	        0.1000000000	        0.0010000000
        0.0116348733	        0.1215915230	        0.9699806573	        1.7422161453	       29.8608783536	        0.0003016413	        0.0000024288	        0.0000026986	        0.0000053378	        0.0012568082	        0.0046506894	        0.0000067573	        0.1000000000	        0.0010000000
        0.0137546927	        0.1434299499	        0.9659212556	        1.3272513510	       29.8192192948	        0.0002645825	        0.0000042630	        0.0000047367	        0.0000088100	        0.0016942377	        0.0044654091	        0.0000116219	        0.1000000000	        0.0010000000
        0.0161422702	        0.1678078483	        0.9616165537	        0.9766460072	       29.7722513320	        0.0002331078	        0.0000071722	        0.0000079691	        0.0000139753	        0.0022452483	        0.0043271634	        0.0000192478	        0.1000000000	        0.0010000000
        0.0188306506	        0.1949066401	        0.9570401006	        0.6886947443	       29.7194601873	        0.0002075465	        0.0000115810	        0.0000128677	        0.0000213351	        0.0029283937	        0.0042491332	        0.0000307978	        0.1000000000	        0.0010000000
        0.0218567475	        0.2248676954	        0.9521633084	        0.4588672329	       29.6605815341	        0.0001878586	        0.0000179561	        0.0000199512	        0.0000313513	        0.0037601578	        0.0042437676	        0.0000477213	        0.1000000000	        0.0010000000
        0.0252617393	        0.2577776335	        0.9469570413	        0.2820532920	       29.5957603886	        0.0001735994	        0.0000267508	        0.0000297231	        0.0000443459	        0.0047519231	        0.0043206709	        0.0000717361	        0.1000000000	        0.0010000000
        0.0290914903	        0.2936606378	        0.9413933679	        0.1503367429	       29.5244879916	        0.0001642739	        0.0000383539	        0.0000426154	        0.0000604296	        0.0059067132	        0.0044840436	        0.0001047778	        0.1000000000	        0.0010000000
        0.0333969940	        0.3324791485	        0.9354464528	        0.0533369272	       29.4455750675	        0.0001593987	        0.0000530768	        0.0000589742	        0.0000791513	        0.0072166123	        0.0047302826	        0.0001489270	        0.1000000000	        0.0010000000
        0.0382348325	        0.3738013282	        0.9291484025	       -0.0177607079	       29.3583965507	        0.0001585438	        0.0000776561	        0.0000862846	        0.0001081467	        0.0086519561	        0.0050468661	        0.0002059019	        0.1000000000	        0.0010000000
        0.0436676462	        0.4167247106	        0.9226009995	       -0.0710993961	       29.2622452000	        0.0001614128	        0.0001144691	        0.0001271879	        0.0001466006	        0.0101381628	        0.0053861372	        0.0002764291	        0.1000000000	        0.0010000000
        0.0497646022	        0.4604247857	        0.9158867227	       -0.1131881867	       29.1562560654	        0.0001679434	        0.0001616170	        0.0001795745	        0.0001884692	        0.0115799958	        0.0056845524	        0.0003606221	        0.1000000000	        0.0010000000
        0.0566018496	        0.5042599660	        0.9090540399	       -0.1484256017	       29.0395475108	        0.0001782809	        0.0002205525	        0.0002450583	        0.0002328617	        0.0128916330	        0.0058914979	        0.0004581493	        0.1000000000	        0.0010000000
        0.0642629411	        0.5476602211	        0.9021376428	       -0.1793355345	       28.9111279629	        0.0001927567	        0.0002928844	        0.0003254271	        0.0002791022	        0.0140037210	        0.0059747679	        0.0005680037	        0.1000000000	        0.0010000000
        0.0728392004	        0.5901554304	        0.8951553387	       -0.2069069184	       28.7699096381	        0.0002118413	        0.0003803282	        0.0004225868	        0.0003269761	        0.0148715173	        0.0059234241	        0.0006885783	        0.1000000000	        0.0010000000
        0.0824300053	        0.6313877962	        0.8881075823	       -0.2310807800	       28.6148939903	        0.0002360190	        0.0004846283	        0.0005384759	        0.0003766564	        0.0154765463	        0.0057455208	        0.0008177894	        0.1000000000	        0.0010000000
        0.0931429507	        0.6711103872	        0.8809791983	       -0.2512302950	       28.4434321243	        0.0002657757	        0.0006074633	        0.0006749593	        0.0004285656	        0.0158230691	        0.0054623997	        0.0009532134	        0.1000000000	        0.0010000000
        0.1050938490	        0.7091754976	        0.8737425400	       -0.2664971365	       28.2552690291	        0.0003013717	        0.0007503364	        0.0008337071	        0.0004832080	        0.0159317537	        0.0051019680	        0.0010922133	        0.1000000000	        0.0010000000
        0.1184065179	        0.7455171077	        0.8663613699	       -0.2760478959	       28.0488938886	        0.0003429757	        0.0009144592	        0.0010160657	        0.0005410015	        0.0158328289	        0.0046929130	        0.0012320423	        0.1000000000	        0.0010000000
        0.1332122955	        0.7801312644	        0.8587948883	       -0.2793460163	       27.8232273128	        0.0003902700	        0.0011006354	        0.0012229282	        0.0006021397	        0.0155602310	        0.0042608067	        0.0013699243	        0.1000000000	        0.0010000000
        0.1496492201	        0.8130571280	        0.8510013845	       -0.2762104857	       27.5749049469	        0.0004428173	        0.0013091546	        0.0014546163	        0.0006664980	        0.0151473925	        0.0038261593	        0.0015031192	        0.1000000000	        0.0010000000
        0.1678608015	        0.8443602504	        0.8429413806	       -0.2667894819	       27.3048440954	        0.0004997113	        0.0015397094	        0.0017107883	        0.0007335806	        0.0146246874	        0.0034039771	        0.0016289814	        0.1000000000	        0.0010000000
        0.1879943127	        0.8741186671	        0.8345803611	       -0.2519084945	       27.0098219285	        0.0005597479	        0.0017913517	        0.0019903908	        0.0008025443	        0.0140182234	        0.0030042459	        0.0017450211	        0.1000000000	        0.0010000000
        0.2101985296	        0.9024117224	        0.8258904001	       -0.2329632929	       26.6895497014	        0.0006216366	        0.0020625105	        0.0022916783	        0.0008723154	        0.0133495849	        0.0026328462	        0.0018489757	        0.1000000000	        0.0010000000
        0.2346208557	        0.9293111797	        0.8168506999	       -0.2112908156	       26.3417442630	        0.0006839553	        0.0023510964	        0.0026123293	        0.0009417080	        0.0126361722	        0.0022925693	        0.0019388967	        0.1000000000	        0.0010000000
        0.2614037844	        0.9548740462	        0.8074483093	       -0.1878238633	       25.9649586596	        0.0007452998	        0.0026547219	        0.0029496910	        0.0010094636	        0.0118918794	        0.0019840498	        0.0020132534	        0.1000000000	        0.0010000000
        0.2906806794	        0.9791365926	        0.7976800532	       -0.1635226444	       25.5583190279	        0.0008042928	        0.0029710680	        0.0033011867	        0.0010742996	        0.0111279440	        0.0017065402	        0.0020710543	        0.1000000000	        0.0010000000
        0.3225708876	        1.0021092374	        0.7875548159	       -0.1401075067	       25.1214258123	        0.0008597499	        0.0032984177	        0.0036649086	        0.0011351495	        0.0103538774	        0.0014585123	        0.0021119812	        0.1000000000	        0.0010000000
        0.3571742551	        1.0237723132	        0.7770938035	       -0.1189374837	       24.6512863613	        0.0009110949	        0.0036363575	        0.0040403972	        0.0011914073	        0.0095784192	        0.0012381039	        0.0021365209	        0.1000000000	        0.0010000000
        0.3945651751	        1.0440732534	        0.7663314646	       -0.0998027602	       24.1480950187	        0.0009579544	        0.0039865970	        0.0044295523	        0.0012427602	        0.0088104672	        0.0010434314	        0.0021460736	        0.1000000000	        0.0010000000
        0.4347863703	        1.0629264576	        0.7553211994	       -0.0825152677	       23.6119922143	        0.0009998394	        0.0043537669	        0.0048375187	        0.0012889815	        0.0080598923	        0.0008727856	        0.0021429933	        0.1000000000	        0.0010000000
        0.4778426900	        1.0802178635	        0.7441403354	       -0.0672305150	       23.0430983749	        0.0010365716	        0.0047458969	        0.0052732187	        0.0013300354	        0.0073380757	        0.0007247178	        0.0021305040	        0.1000000000	        0.0010000000
        0.5236952751	        1.0958165954	        0.7328909477	       -0.0547618063	       22.4404697392	        0.0010684160	        0.0051740685	        0.0057489650	        0.0013663538	        0.0066579313	        0.0005980146	        0.0021124282	        0.1000000000	        0.0010000000
        0.5722565058	        1.1095950282	        0.7216920720	       -0.0456972185	       21.8063263703	        0.0010962819	        0.0056505330	        0.0062783700	        0.0013989967	        0.0060331719	        0.0004915706	        0.0020926999	        0.1000000000	        0.0010000000
        0.6233861842	        1.1214552756	        0.7106645934	       -0.0401929652	       21.1423405009	        0.0011212735	        0.0061846078	        0.0068717864	        0.0014294805	        0.0054767746	        0.0004041997	        0.0020747255	        0.1000000000	        0.0010000000
        0.6768894010	        1.1313549909	        0.6999107329	       -0.0377004092	       20.4506861069	        0.0011450567	        0.0067762374	        0.0075291527	        0.0014593578	        0.0049990131	        0.0003344647	        0.0020607815	        0.1000000000	        0.0010000000
        0.7325164896	        1.1393218008	        0.6894942543	       -0.0389747523	       19.7349956144	        0.0011695795	        0.0074084646	        0.0082316273	        0.0014902397	        0.0046058406	        0.0002806195	        0.0020517028	        0.1000000000	        0.0010000000
        0.7899653716	        1.1454481355	        0.6794199151	       -0.0420413989	       18.9992933500	        0.0011964353	        0.0080418868	        0.0089354298	        0.0015232853	        0.0042984296	        0.0002407104	        0.0020470120	        0.1000000000	        0.0010000000
        0.8488864424	        1.1498668939	        0.6696347491	       -0.0482556418	       18.2492732419	        0.0012269267	        0.0086152938	        0.0095725486	        0.0015593446	        0.0040741302	        0.0002127984	        0.0020454128	        0.1000000000	        0.0010000000
        0.9088899606	        1.1527171135	        0.6600252855	       -0.0578107238	       17.4911858545	        0.0012634718	        0.0090555471	        0.0100617190	        0.0015997506	        0.0039283876	        0.0001952089	        0.0020453954	        0.1000000000	        0.0010000000
        0.9695556872	        1.1541111707	        0.6504261851	       -0.0709300749	       16.7300166889	        0.0013085072	        0.0092957791	        0.0103286435	        0.0016460444	        0.0038568200	        0.0001867297	        0.0020457245	        0.1000000000	        0.0010000000
        1.0304443128	        1.1541111707	        0.6406298927	       -0.0870553526	       15.9756481435	        0.0013639450	        0.0092957791	        0.0103286435	        0.0016997473	        0.0038568200	        0.0001867297	        0.0020457245	        0.1000000000	        0.0010000000
        1.0911100394	        1.1527171135	        0.6303980092	       -0.1034807818	       15.2337542245	        0.0014306622	        0.0090555471	        0.0100617190	        0.0017613375	        0.0039283876	        0.0001952089	        0.0020453954	        0.1000000000	        0.0010000000
        1.1511135576	        1.1498668939	        0.6194811187	       -0.1182856791	       14.5120812543	        0.0015073063	        0.0086152938	        0.0095725486	        0.0018297922	        0.0040741302	        0.0002127984	        0.0020454128	        0.1000000000	        0.0010000000
        1.2100346284	        1.1454481355	        0.6076396398	       -0.1290033203	       13.8159689814	        0.0015914766	        0.0080418868	        0.0089354298	        0.0019027678	        0.0042984296	        0.0002407104	        0.0020470120	        0.1000000000	        0.0010000000
        1.2674835104	        1.1393218008	        0.5946741920	       -0.1336144372	       13.1529878960	        0.0016785447	        0.0074084646	        0.0082316273	        0.0019767358	        0.0046058406	        0.0002806195	        0.0020517028	        0.1000000000	        0.0010000000
        1.3231105990	        1.1313549909	        0.5804594931	       -0.1323881164	       12.5233358881	        0.0017644540	        0.0067762374	        0.0075291527	        0.0020480019	        0.0049990131	        0.0003344647	        0.0020607815	        0.1000000000	        0.0010000000
        1.3766138158	        1.1214552756	        0.5649646209	       -0.1248361423	       11.9314654029	        0.0018445266	        0.0061846078	        0.0068717864	        0.0021131507	        0.0054767746	        0.0004041997	        0.0020747255	        0.1000000000	        0.0010000000
        1.4277434942	        1.1095950282	        0.5482609070	       -0.1089256673	       11.3750315857	        0.0019138534	        0.0056505330	        0.0062783700	        0.0021683293	        0.0060331719	        0.0004915706	        0.0020926999	        0.1000000000	        0.0010000000
        1.4763047249	        1.0958165954	        0.5305156072	       -0.0871213446	       10.8576405194	        0.0019684069	        0.0051740685	        0.0057489650	        0.0022101615	        0.0066579313	        0.0005980146	        0.0021124282	        0.1000000000	        0.0010000000
        1.5221573100	        1.0802178635	        0.5119494591	       -0.0617435454	       10.3739688741	        0.0020079178	        0.0047458969	        0.0052732187	        0.0022369125	        0.0073380757	        0.0007247178	        0.0021305040	        0.1000000000	        0.0010000000
        1.5652136297	        1.0629264576	        0.4927914143	       -0.0318844093	        9.9243300406	        0.0020316420	        0.0043537669	        0.0048375187	        0.0022475932	        0.0080598923	        0.0008727856	        0.0021429933	        0.1000000000	        0.0010000000
        1.6054348249	        1.0440732534	        0.4732548524	        0.0044851291	        9.5066528840	        0.0020385372	        0.0039865970	        0.0044295523	        0.0022410461	        0.0088104672	        0.0010434314	        0.0021460736	        0.1000000000	        0.0010000000
        1.6428257449	        1.0237723132	        0.4535292864	        0.0485208432	        9.1187398965	        0.0020275939	        0.0036363575	        0.0040403972	        0.0022161013	        0.0095784192	        0.0012381039	        0.0021365209	        0.1000000000	        0.0010000000
        1.6774291124	        1.0021092374	        0.4337779290	        0.0993484704	        8.7584779356	        0.0019985005	        0.0032984177	        0.0036649086	        0.0021722547	        0.0103538774	        0.0014585123	        0.0021119812	        0.1000000000	        0.0010000000
        1.7093193206	        0.9791365926	        0.4141348485	        0.1572535431	        8.4238563827	        0.0019516707	        0.0029710680	        0.0033011867	        0.0021097593	        0.0111279440	        0.0017065402	        0.0020710543	        0.1000000000	        0.0010000000
        1.7385962156	        0.9548740462	        0.3947101662	        0.2231295050	        8.1125057762	        0.0018875169	        0.0026547219	        0.0029496910	        0.0020292106	        0.0118918794	        0.0019840498	        0.0020132534	        0.1000000000	        0.0010000000
        1.7653791443	        0.9293111797	        0.3755982639	        0.2960077239	        7.8230639792	        0.0018076762	        0.0023510964	        0.0026123293	        0.0019316757	        0.0126361722	        0.0022925693	        0.0019388967	        0.1000000000	        0.0010000000
        1.7898014704	        0.9024117224	        0.3568808809	        0.3734530046	        7.5532144810	        0.0017138319	        0.0020625105	        0.0022916783	        0.0018190116	        0.0133495849	        0.0026328462	        0.0018489757	        0.1000000000	        0.0010000000
        1.8120056873	        0.8741186671	        0.3386271664	        0.4504632442	        7.3020478411	        0.0016088984	        0.0017913517	        0.0019903908	        0.0016940447	        0.0140182234	        0.0030042459	        0.0017450211	        0.1000000000	        0.0010000000
        1.8321391985	        0.8443602504	        0.3208889443	        0.5224028370	        7.0670332668	        0.0014961742	        0.0015397094	        0.0017107883	        0.0015603731	        0.0146246874	        0.0034039771	        0.0016289814	        0.1000000000	        0.0010000000
        1.8503507799	        0.8130571280	        0.3036985923	        0.5847909647	        6.8475397545	        0.0013801087	        0.0013091546	        0.0014546163	        0.0014218570	        0.0151473925	        0.0038261593	        0.0015031192	        0.1000000000	        0.0010000000
        1.8667877045	        0.7801312644	        0.2870682531	        0.6332867854	        6.6426958643	        0.0012649297	        0.0011006354	        0.0012229282	        0.0012822412	        0.0155602310	        0.0042608067	        0.0013699243	        0.1000000000	        0.0010000000
        1.8815934821	        0.7455171077	        0.2709898950	        0.6643157188	        6.4521536194	        0.0011544919	        0.0009144592	        0.0010160657	        0.0011448294	        0.0158328289	        0.0046929130	        0.0012320423	        0.1000000000	        0.0010000000
        1.8949061510	        0.7091754976	        0.2554370814	        0.6754297353	        6.2748023788	        0.0010520163	        0.0007503364	        0.0008337071	        0.0010122155	        0.0159317537	        0.0051019680	        0.0010922133	        0.1000000000	        0.0010000000
        1.9068570493	        0.6711103872	        0.2403687255	        0.6646146710	        6.1089898892	        0.0009593959	        0.0006074633	        0.0006749593	        0.0008861724	        0.0158230691	        0.0054623997	        0.0009532134	        0.1000000000	        0.0010000000
        1.9175699947	        0.6313877962	        0.2257335713	        0.6301175461	        5.9560851038	        0.0008795313	        0.0004846283	        0.0005384759	        0.0007676886	        0.0154765463	        0.0057455208	        0.0008177894	        0.1000000000	        0.0010000000
        1.9271607996	        0.5901554304	        0.2114753863	        0.5699519223	        5.8147684580	        0.0008132437	        0.0003803282	        0.0004225868	        0.0006570970	        0.0148715173	        0.0059234241	        0.0006885783	        0.1000000000	        0.0010000000
        1.9357370589	        0.5476602211	        0.1975385144	        0.4813013381	        5.6838749766	        0.0007609872	        0.0002928844	        0.0003254271	        0.0005542794	        0.0140037210	        0.0059747679	        0.0005680037	        0.1000000000	        0.0010000000
        1.9433981504	        0.5042599660	        0.1838734419	        0.3630432329	        5.5645840154	        0.0007237294	        0.0002205525	        0.0002450583	        0.0004588651	        0.0128916330	        0.0058914979	        0.0004581493	        0.1000000000	        0.0010000000
        1.9502353978	        0.4604247857	        0.1704452979	        0.2103768383	        5.4546270498	        0.0007009123	        0.0001616170	        0.0001795745	        0.0003705482	        0.0115799958	        0.0056845524	        0.0003606221	        0.1000000000	        0.0010000000
        1.9563323538	        0.4167247106	        0.1572388479	        0.0232850216	        5.3547072292	        0.0006923849	        0.0001144691	        0.0001271879	        0.0002893817	        0.0101381628	        0.0053861372	        0.0002764291	        0.1000000000	        0.0010000000
        1.9617651675	        0.3738013282	        0.1442674581	       -0.2015579258	        5.2635818558	        0.0006977002	        0.0000776561	        0.0000862846	        0.0002156250	        0.0086519561	        0.0050468661	        0.0002059019	        0.1000000000	        0.0010000000
        1.9666030060	        0.3324791485	        0.1316273268	       -0.4627542568	        5.1810732419	        0.0007158308	        0.0000530768	        0.0000589742	        0.0001601767	        0.0072166123	        0.0047302826	        0.0001489270	        0.1000000000	        0.0010000000
        1.9709085097	        0.2936606378	        0.1194876048	       -0.7562373415	        5.1074400288	        0.0007455580	        0.0000383539	        0.0000426154	        0.0001244666	        0.0059067132	        0.0044840436	        0.0001047778	        0.1000000000	        0.0010000000
        1.9747382607	        0.2577776335	        0.1079189969	       -1.0813658317	        5.0410544576	        0.0007856671	        0.0000267508	        0.0000297231	        0.0000929894	        0.0047519231	        0.0043206709	        0.0000717361	        0.1000000000	        0.0010000000
        1.9781432525	        0.2248676954	        0.0969039774	       -1.4365084329	        4.9813621675	        0.0008351617	        0.0000179561	        0.0000199512	        0.0000667791	        0.0037601578	        0.0042437676	        0.0000477213	        0.1000000000	        0.0010000000
        1.9811693494	        0.1949066401	        0.0864418386	       -1.8139986535	        4.9282265337	        0.0008921460	        0.0000115810	        0.0000128677	        0.0000459587	        0.0029283937	        0.0042491332	        0.0000307978	        0.1000000000	        0.0010000000
        1.9838577298	        0.1678078483	        0.0765403753	       -2.2022062523	        4.8815687812	        0.0009540880	        0.0000071722	        0.0000079691	        0.0000302642	        0.0022452483	        0.0043271634	        0.0000192478	        0.1000000000	        0.0010000000
        1.9862453073	        0.1434299499	        0.0672091837	       -2.5963518710	        4.8407701715	        0.0010195393	        0.0000042630	        0.0000047367	        0.0000190506	        0.0016942377	        0.0044654091	        0.0000116219	        0.1000000000	        0.0010000000
        1.9883651267	        0.1215915230	        0.0584539242	       -2.9950588057	        4.8049773612	        0.0010876424	        0.0000024288	        0.0000026986	        0.0000114483	        0.0012568082	        0.0046506894	        0.0000067573	        0.1000000000	        0.0010000000
        1.9902467340	        0.1020882757	        0.0502736178	       -3.3927229594	        4.7735138346	        0.0011570637	        0.0000013226	        0.0000014695	        0.0000065502	        0.0009145715	        0.0048705010	        0.0000037655	        0.1000000000	        0.0010000000
        1.9919165179	        0.0847083992	        0.0426609311	       -3.7808623234	        4.7458593545	        0.0012262246	        0.0000006847	        0.0000007608	        0.0000035499	        0.0006506300	        0.0051137671	        0.0000019975	        0.1000000000	        0.0010000000
        1.9933980257	        0.0692439015	        0.0356034113	       -4.1532222158	        4.7215556965	        0.0012938481	        0.0000003341	        0.0000003712	        0.0000018068	        0.0004501740	        0.0053711114	        0.0000009988	        0.1000000000	        0.0010000000
        1.9947122508	        0.0554977220	        0.0290844565	       -4.5057287068	        4.7001950061	        0.0013589818	        0.0000001515	        0.0000001683	        0.0000008518	        0.0003006089	        0.0056348526	        0.0000004640	        0.1000000000	        0.0010000000
        1.9958778967	        0.0432874666	        0.0230840637	       -4.8359578314	        4.6814165354	        0.0014209529	        0.0000000625	        0.0000000694	        0.0000003640	        0.0001914337	        0.0058988629	        0.0000001958	        0.1000000000	        0.0010000000
        1.9969116151	        0.0324468322	        0.0175794681	       -5.1427160253	        4.6649026076	        0.0014793208	        0.0000000226	        0.0000000251	        0.0000001360	        0.0001140089	        0.0061583755	        0.0000000723	        0.1000000000	        0.0010000000
        1.9978282231	        0.0228256218	        0.0125457386	       -5.4257111386	        4.6503743227	        0.0015338321	        0.0000000067	        0.0000000075	        0.0000000416	        0.0000612969	        0.0064097866	        0.0000000219	        0.1000000000	        0.0010000000
        1.9986408981	        0.0142889910	        0.0079563589	       -5.6852965901	        4.6375873128	        0.0015843807	        0.0000000014	        0.0000000016	        0.0000000092	        0.0000276111	        0.0066504682	        0.0000000048	        0.1000000000	        0.0010000000
        1.9993613540	        0.0067163277	        0.0037837896	       -5.9222741347	        4.6263277290	        0.0016309729	        0.0000000002	        0.0000000002	        0.0000000010	        0.0000083898	        0.0068786014	        0.0000000005	        0.1000000000	        0.0010000000
        2.0000000000	        0.0000000000	        0.0000000000	       -6.1377432660	        4.6164085488	        0.0016736979	        0.0000000000	        0.0000000000	        0.0000000000	        0.0000000000	        0.0070930286	        0.0000000000	        0.1000000000	        0.0010000000
