        0.0000000000	        0.0000000000	        1.0000000000	        6.9253463728	       -0.0000001177	        0.0008293964	        0.0000000000	        0.0000000000	        0.0000000000	        0.0000000000	        0.0070930286	        0.0000000000	        0.1000000000	        0.0010000000
        0.0006386460	        0.0067163277	        0.9978489823	        6.4277958946	       -0.0000001226	        0.0007786659	        0.0000000002	        0.0000000002	        0.0000000006	        0.0000083898	        0.0068786014	        0.0000000005	        0.1000000000	        0.0010000000
        0.0013591019	        0.0142889910	        0.9955268490	        5.9025595871	       -0.0000001276	        0.0007252996	        0.0000000014	        0.0000000016	        0.0000000050	        0.0000276111	        0.0066504682	        0.0000000048	        0.1000000000	        0.0010000000
        0.0021717769	        0.0228256218	        0.9930295477	        5.3540164035	       -0.0000001325	        0.0006697946	        0.0000000067	        0.0000000075	        0.0000000224	        0.0000612969	        0.0064097866	        0.0000000219	        0.1000000000	        0.0010000000
        0.0030883849	        0.0324468322	        0.9903538011	        4.7884049607	       -0.0000001373	        0.0006128407	        0.0000000226	        0.0000000251	        0.0000000714	        0.0001140089	        0.0061583755	        0.0000000723	        0.1000000000	        0.0010000000
        0.0041221033	        0.0432874666	        0.9874966420	        4.2140387668	       -0.0000001419	        0.0005553375	        0.0000000625	        0.0000000694	        0.0000001866	        0.0001914337	        0.0058988629	        0.0000001958	        0.1000000000	        0.0010000000
        0.0052877492	        0.0554977220	        0.9844546595	        3.6413809717	       -0.0000001461	        0.0004983922	        0.0000001515	        0.0000001683	        0.0000004269	        0.0003006089	        0.0056348526	        0.0000004640	        0.1000000000	        0.0010000000
        0.0066019743	        0.0692439015	        0.9812229618	        3.0828466438	       -0.0000001499	        0.0004432844	        0.0000003341	        0.0000003712	        0.0000008864	        0.0004501740	        0.0053711114	        0.0000009988	        0.1000000000	        0.0010000000
        0.0080834821	        0.0847083992	        0.9777939350	        2.5521244856	       -0.0000001534	        0.0003913710	        0.0000006847	        0.0000007608	        0.0000017101	        0.0006506300	        0.0051137671	        0.0000019975	        0.1000000000	        0.0010000000
        0.0097532660	        0.1020882757	        0.9741559894	        2.0626967222	       -0.0000001566	        0.0003438953	        0.0000013226	        0.0000014695	        0.0000031112	        0.0009145715	        0.0048705010	        0.0000037655	        0.1000000000	        0.0010000000
        0.0116348733	        0.1215915230	        0.9702925733	        1.6250691770	       -0.0000001602	        0.0003016413	        0.0000024288	        0.0000026986	        0.0000053906	        0.0012568082	        0.0046506894	        0.0000067573	        0.1000000000	        0.0010000000
        0.0137546927	        0.1434299499	        0.9661816472	        1.2434807508	       -0.0000001649	        0.0002645825	        0.0000042630	        0.0000047367	        0.0000089501	        0.0016942377	        0.0044654091	        0.0000116219	        0.1000000000	        0.0010000000
        0.0161422702	        0.1678078483	        0.9617954088	        0.9220716066	       -0.0000001710	        0.0002331078	        0.0000071722	        0.0000079691	        0.0000142888	        0.0022452483	        0.0043271634	        0.0000192478	        0.1000000000	        0.0010000000
        0.0188306506	        0.1949066401	        0.9571012112	        0.6593018622	       -0.0000001779	        0.0002075465	        0.0000115810	        0.0000128677	        0.0000219655	        0.0029283937	        0.0042491332	        0.0000307978	        0.1000000000	        0.0010000000
        0.0218567475	        0.2248676954	        0.9520628603	        0.4510334759	       -0.0000001855	        0.0001878586	        0.0000179561	        0.0000199512	        0.0000325201	        0.0037601578	        0.0042437676	        0.0000477213	        0.1000000000	        0.0010000000
        0.0252617393	        0.2577776335	        0.9466422686	        0.2926278377	       -0.0000001941	        0.0001735994	        0.0000267508	        0.0000297231	        0.0000463685	        0.0047519231	        0.0043206709	        0.0000717361	        0.1000000000	        0.0010000000
        0.0290914903	        0.2936606378	        0.9408017090	        0.1767973666	       -0.0000002039	        0.0001642739	        0.0000383539	        0.0000426154	        0.0000637159	        0.0059067132	        0.0044840436	        0.0001047778	        0.1000000000	        0.0010000000
        0.0333969940	        0.3324791485	        0.9345057004	        0.0939136671	       -0.0000002145	        0.0001593987	        0.0000530768	        0.0000589742	        0.0000842627	        0.0072166123	        0.0047302826	        0.0001489270	        0.1000000000	        0.0010000000
        0.0382348325	        0.3738013282	        0.9277659990	        0.0358220894	       -0.0000002260	        0.0001585438	        0.0000776561	        0.0000862846	        0.0001165869	        0.0086519561	        0.0050468661	        0.0002059019	        0.1000000000	        0.0010000000
        0.0436676462	        0.4167247106	        0.9206577306	       -0.0050936565	       -0.0000002393	        0.0001614128	        0.0001144691	        0.0001271879	        0.0001604209	        0.0101381628	        0.0053861372	        0.0002764291	        0.1000000000	        0.0010000000
        0.0497646022	        0.4604247857	        0.9132541230	       -0.0350330381	       -0.0000002549	        0.0001679434	        0.0001616170	        0.0001795745	        0.0002093170	        0.0115799958	        0.0056845524	        0.0003606221	        0.1000000000	        0.0010000000
        0.0566018496	        0.5042599660	        0.9056122569	       -0.0583260152	       -0.0000002724	        0.0001782809	        0.0002205525	        0.0002450583	        0.0002619592	        0.0128916330	        0.0058914979	        0.0004581493	        0.1000000000	        0.0010000000
        0.0642629411	        0.5476602211	        0.8977870113	       -0.0776740970	       -0.0000002908	        0.0001927567	        0.0002928844	        0.0003254271	        0.0003170259	        0.0140037210	        0.0059747679	        0.0005680037	        0.1000000000	        0.0010000000
        0.0728392004	        0.5901554304	        0.8898250389	       -0.0943449614	       -0.0000003108	        0.0002118413	        0.0003803282	        0.0004225868	        0.0003735035	        0.0148715173	        0.0059234241	        0.0006885783	        0.1000000000	        0.0010000000
        0.0824300053	        0.6313877962	        0.8817605299	       -0.1085923069	       -0.0000003313	        0.0002360190	        0.0004846283	        0.0005384759	        0.0004307398	        0.0154765463	        0.0057455208	        0.0008177894	        0.1000000000	        0.0010000000
        0.0931429507	        0.6711103872	        0.8736133736	       -0.1202819855	       -0.0000003544	        0.0002657757	        0.0006074633	        0.0006749593	        0.0004884171	        0.0158230691	        0.0054623997	        0.0009532134	        0.1000000000	        0.0010000000
        0.1050938490	        0.7091754976	        0.8653893336	       -0.1295829166	       -0.0000003869	        0.0003013717	        0.0007503364	        0.0008337071	        0.0005464984	        0.0159317537	        0.0051019680	        0.0010922133	        0.1000000000	        0.0010000000
        0.1184065179	        0.7455171077	        0.8570809066	       -0.1366891607	       -0.0000004223	        0.0003429757	        0.0009144592	        0.0010160657	        0.0006051668	        0.0158328289	        0.0046929130	        0.0012320423	        0.1000000000	        0.0010000000
        0.1332122955	        0.7801312644	        0.8486688214	       -0.1412806903	       -0.0000004630	        0.0003902700	        0.0011006354	        0.0012229282	        0.0006647015	        0.0155602310	        0.0042608067	        0.0013699243	        0.1000000000	        0.0010000000
        0.1496492201	        0.8130571280	        0.8401250324	       -0.1426053789	       -0.0000005122	        0.0004428173	        0.0013091546	        0.0014546163	        0.0007252759	        0.0151473925	        0.0038261593	        0.0015031192	        0.1000000000	        0.0010000000
        0.1678608015	        0.8443602504	        0.8314172042	       -0.1406097324	       -0.0000005885	        0.0004997113	        0.0015397094	        0.0017107883	        0.0007868316	        0.0146246874	        0.0034039771	        0.0016289814	        0.1000000000	        0.0010000000
        0.1879943127	        0.8741186671	        0.8225119981	       -0.1344388265	       -0.0000007093	        0.0005597479	        0.0017913517	        0.0019903908	        0.0008489171	        0.0140182234	        0.0030042459	        0.0017450211	        0.1000000000	        0.0010000000
        0.2101985296	        0.9024117224	        0.8133809801	       -0.1242841863	       -0.0000008551	        0.0006216366	        0.0020625105	        0.0022916783	        0.0009105891	        0.0133495849	        0.0026328462	        0.0018489757	        0.1000000000	        0.0010000000
        0.2346208557	        0.9293111797	        0.8040044302	       -0.1119833237	       -0.0000009774	        0.0006839553	        0.0023510964	        0.0026123293	        0.0009707514	        0.0126361722	        0.0022925693	        0.0019388967	        0.1000000000	        0.0010000000
        0.2614037844	        0.9548740462	        0.7943701130	       -0.1012580764	       -0.0000010827	        0.0007452998	        0.0026547219	        0.0029496910	        0.0010289305	        0.0118918794	        0.0019840498	        0.0020132534	        0.1000000000	        0.0010000000
        0.2906806794	        0.9791365926	        0.7844640887	       -0.0934027647	       -0.0000011756	        0.0008042928	        0.0029710680	        0.0033011867	        0.0010855700	        0.0111279440	        0.0017065402	        0.0020710543	        0.1000000000	        0.0010000000
        0.3225708876	        1.0021092374	        0.7742679182	       -0.0849387802	       -0.0000012310	        0.0008597499	        0.0032984177	        0.0036649086	        0.0011407828	        0.0103538774	        0.0014585123	        0.0021119812	        0.1000000000	        0.0010000000
        0.3571742551	        1.0237723132	        0.7637756790	       -0.0759530565	       -0.0000012687	        0.0009110949	        0.0036363575	        0.0040403972	        0.0011939356	        0.0095784192	        0.0012381039	        0.0021365209	        0.1000000000	        0.0010000000
        0.3945651751	        1.0440732534	        0.7529995286	       -0.0620231564	       -0.0000012550	        0.0009579544	        0.0039865970	        0.0044295523	        0.0012430260	        0.0088104672	        0.0010434314	        0.0021460736	        0.1000000000	        0.0010000000
        0.4347863703	        1.0629264576	        0.7419984178	       -0.0449625891	       -0.0000012358	        0.0009998394	        0.0043537669	        0.0048375187	        0.0012849127	        0.0080598923	        0.0008727856	        0.0021429933	        0.1000000000	        0.0010000000
        0.4778426900	        1.0802178635	        0.7308784481	       -0.0362575537	       -0.0000012975	        0.0010365716	        0.0047458969	        0.0052732187	        0.0013202545	        0.0073380757	        0.0007247178	        0.0021305040	        0.1000000000	        0.0010000000
        0.5236952751	        1.0958165954	        0.7197331150	       -0.0328042277	       -0.0000015305	        0.0010684160	        0.0051740685	        0.0057489650	        0.0013528699	        0.0066579313	        0.0005980146	        0.0021124282	        0.1000000000	        0.0010000000
        0.5722565058	        1.1095950282	        0.7086517161	       -0.0279874100	       -0.0000018465	        0.0010962819	        0.0056505330	        0.0062783700	        0.0013839478	        0.0060331719	        0.0004915706	        0.0020926999	        0.1000000000	        0.0010000000
        0.6233861842	        1.1214552756	        0.6977458474	       -0.0267408592	       -0.0000022018	        0.0011212735	        0.0061846078	        0.0068717864	        0.0014142714	        0.0054767746	        0.0004041997	        0.0020747255	        0.1000000000	        0.0010000000
        0.6768894010	        1.1313549909	        0.6871021228	       -0.0334836889	       -0.0000024238	        0.0011450567	        0.0067762374	        0.0075291527	        0.0014483628	        0.0049990131	        0.0003344647	        0.0020607815	        0.1000000000	        0.0010000000
        0.7325164896	        1.1393218008	        0.6767350088	       -0.0437189619	       -0.0000023436	        0.0011695795	        0.0074084646	        0.0082316273	        0.0014910738	        0.0046058406	        0.0002806195	        0.0020517028	        0.1000000000	        0.0010000000
        0.7899653716	        1.1454481355	        0.6665998367	       -0.0486839087	       -0.0000021525	        0.0011964353	        0.0080418868	        0.0089354298	        0.0015415758	        0.0042984296	        0.0002407104	        0.0020470120	        0.1000000000	        0.0010000000
        0.8488864424	        1.1498668939	        0.6566370450	       -0.0522249588	       -0.0000017777	        0.0012269267	        0.0086152938	        0.0095725486	        0.0015962023	        0.0040741302	        0.0002127984	        0.0020454128	        0.1000000000	        0.0010000000
        0.9088899606	        1.1527171135	        0.6467467831	       -0.0537313899	       -0.0000012769	        0.0012634718	        0.0090555471	        0.0100617190	        0.0016522764	        0.0039283876	        0.0001952089	        0.0020453954	        0.1000000000	        0.0010000000
        0.9695556872	        1.1541111707	        0.6367977920	       -0.0490269094	       -0.0000009195	        0.0013085072	        0.0092957791	        0.0103286435	        0.0017046944	        0.0038568200	        0.0001867297	        0.0020457245	        0.1000000000	        0.0010000000
        1.0304443128	        1.1541111707	        0.6266603153	       -0.0459383272	       -0.0000008199	        0.0013639450	        0.0092957791	        0.0103286435	        0.0017501762	        0.0038568200	        0.0001867297	        0.0020457245	        0.1000000000	        0.0010000000
        1.0911100394	        1.1527171135	        0.6161754100	       -0.0581364194	       -0.0000007335	        0.0014306622	        0.0090555471	        0.0100617190	        0.0017962201	        0.0039283876	        0.0001952089	        0.0020453954	        0.1000000000	        0.0010000000
        1.1511135576	        1.1498668939	        0.6050926986	       -0.0720779306	       -0.0000004167	        0.0015073063	        0.0086152938	        0.0095725486	        0.0018505273	        0.0040741302	        0.0002127984	        0.0020454128	        0.1000000000	        0.0010000000
        1.2100346284	        1.1454481355	        0.5931591439	       -0.0847351431	       -0.0000000178	        0.0015914766	        0.0080418868	        0.0089354298	        0.0019128717	        0.0042984296	        0.0002407104	        0.0020470120	        0.1000000000	        0.0010000000
        1.2674835104	        1.1393218008	        0.5801540443	       -0.1046017818	        0.0000003777	        0.0016785447	        0.0074084646	        0.0082316273	        0.0019854896	        0.0046058406	        0.0002806195	        0.0020517028	        0.1000000000	        0.0010000000
        1.3231105990	        1.1313549909	        0.5658586332	       -0.1126162435	        0.0000005146	        0.0017644540	        0.0067762374	        0.0075291527	        0.0020655640	        0.0049990131	        0.0003344647	        0.0020607815	        0.1000000000	        0.0010000000
        1.3766138158	        1.1214552756	        0.5501897065	       -0.0996142430	        0.0000005070	        0.0018445266	        0.0061846078	        0.0068717864	        0.0021388539	        0.0054767746	        0.0004041997	        0.0020747255	        0.1000000000	        0.0010000000
        1.4277434942	        1.1095950282	        0.5332684018	       -0.0943779076	        0.0000005382	        0.0019138534	        0.0056505330	        0.0062783700	        0.0022004560	        0.0060331719	        0.0004915706	        0.0020926999	        0.1000000000	        0.0010000000
        1.4763047249	        1.0958165954	        0.5152302848	       -0.0939173127	        0.0000006972	        0.0019684069	        0.0051740685	        0.0057489650	        0.0022554041	        0.0066579313	        0.0005980146	        0.0021124282	        0.1000000000	        0.0010000000
        1.5221573100	        1.0802178635	        0.4962136478	       -0.0747362963	        0.0000006210	        0.0020079178	        0.0047458969	        0.0052732187	        0.0022986504	        0.0073380757	        0.0007247178	        0.0021305040	        0.1000000000	        0.0010000000
        1.5652136297	        1.0629264576	        0.4764649189	       -0.0358928516	        0.0000003677	        0.0020316420	        0.0043537669	        0.0048375187	        0.0023180781	        0.0080598923	        0.0008727856	        0.0021429933	        0.1000000000	        0.0010000000
        1.6054348249	        1.0440732534	        0.4563055716	        0.0112143683	        0.0000000804	        0.0020385372	        0.0039865970	        0.0044295523	        0.0023073100	        0.0088104672	        0.0010434314	        0.0021460736	        0.1000000000	        0.0010000000
        1.6428257449	        1.0237723132	        0.4360418773	        0.0548185007	       -0.0000001310	        0.0020275939	        0.0036363575	        0.0040403972	        0.0022683567	        0.0095784192	        0.0012381039	        0.0021365209	        0.1000000000	        0.0010000000
        1.6774291124	        1.0021092374	        0.4158977879	        0.0936434979	       -0.0000003214	        0.0019985005	        0.0032984177	        0.0036649086	        0.0022069524	        0.0103538774	        0.0014585123	        0.0021119812	        0.1000000000	        0.0010000000
        1.7093193206	        0.9791365926	        0.3960181875	        0.1306471633	       -0.0000005566	        0.0019516707	        0.0029710680	        0.0033011867	        0.0021278356	        0.0111279440	        0.0017065402	        0.0020710543	        0.1000000000	        0.0010000000
        1.7385962156	        0.9548740462	        0.3764952934	        0.1702904818	       -0.0000007587	        0.0018875169	        0.0026547219	        0.0029496910	        0.0020336262	        0.0118918794	        0.0019840498	        0.0020132534	        0.1000000000	        0.0010000000
        1.7653791443	        0.9293111797	        0.3573977462	        0.2107214098	       -0.0000007223	        0.0018076762	        0.0023510964	        0.0026123293	        0.0019262667	        0.0126361722	        0.0022925693	        0.0019388967	        0.1000000000	        0.0010000000
        1.7898014704	        0.9024117224	        0.3387719375	        0.2508455786	       -0.0000005712	        0.0017138319	        0.0020625105	        0.0022916783	        0.0018081875	        0.0133495849	        0.0026328462	        0.0018489757	        0.1000000000	        0.0010000000
        1.8120056873	        0.8741186671	        0.3206466452	        0.2883519465	       -0.0000003809	        0.0016088984	        0.0017913517	        0.0019903908	        0.0016821021	        0.0140182234	        0.0030042459	        0.0017450211	        0.1000000000	        0.0010000000
        1.8321391985	        0.8443602504	        0.3030337344	        0.3253735933	       -0.0000001760	        0.0014961742	        0.0015397094	        0.0017107883	        0.0015503807	        0.0146246874	        0.0034039771	        0.0016289814	        0.1000000000	        0.0010000000
        1.8503507799	        0.8130571280	        0.2859417494	        0.3629222701	       -0.0000000330	        0.0013801087	        0.0013091546	        0.0014546163	        0.0014146842	        0.0151473925	        0.0038261593	        0.0015031192	        0.1000000000	        0.0010000000
        1.8667877045	        0.7801312644	        0.2693836578	        0.3972056720	        0.0000000737	        0.0012649297	        0.0011006354	        0.0012229282	        0.0012768117	        0.0155602310	        0.0042608067	        0.0013699243	        0.1000000000	        0.0010000000
        1.8815934821	        0.7455171077	        0.2533715548	        0.4220350137	        0.0000001462	        0.0011544919	        0.0009144592	        0.0010160657	        0.0011392072	        0.0158328289	        0.0046929130	        0.0012320423	        0.1000000000	        0.0010000000
        1.8949061510	        0.7091754976	        0.2379078257	        0.4314024535	        0.0000001900	        0.0010520163	        0.0007503364	        0.0008337071	        0.0010046395	        0.0159317537	        0.0051019680	        0.0010922133	        0.1000000000	        0.0010000000
        1.9068570493	        0.6711103872	        0.2229795729	        0.4217911356	        0.0000002093	        0.0009593959	        0.0006074633	        0.0006749593	        0.0008755560	        0.0158230691	        0.0054623997	        0.0009532134	        0.1000000000	        0.0010000000
        1.9175699947	        0.6313877962	        0.2085601647	        0.3914517050	        0.0000002027	        0.0008795313	        0.0004846283	        0.0005384759	        0.0007536451	        0.0154765463	        0.0057455208	        0.0008177894	        0.1000000000	        0.0010000000
        1.9271607996	        0.5901554304	        0.1946147873	        0.3388982754	        0.0000001822	        0.0008132437	        0.0003803282	        0.0004225868	        0.0006398183	        0.0148715173	        0.0059234241	        0.0006885783	        0.1000000000	        0.0010000000
        1.9357370589	        0.5476602211	        0.1811065111	        0.2622080100	        0.0000001533	        0.0007609872	        0.0002928844	        0.0003254271	        0.0005344216	        0.0140037210	        0.0059747679	        0.0005680037	        0.1000000000	        0.0010000000
        1.9433981504	        0.5042599660	        0.1680017195	        0.1590090884	        0.0000001274	        0.0007237294	        0.0002205525	        0.0002450583	        0.0004374969	        0.0128916330	        0.0058914979	        0.0004581493	        0.1000000000	        0.0010000000
        1.9502353978	        0.4604247857	        0.1552749562	        0.0267882486	        0.0000001021	        0.0007009123	        0.0001616170	        0.0001795745	        0.0003490373	        0.0115799958	        0.0056845524	        0.0003606221	        0.1000000000	        0.0010000000
        1.9563323538	        0.4167247106	        0.1429133080	       -0.1367044758	        0.0000000760	        0.0006923849	        0.0001144691	        0.0001271879	        0.0002692311	        0.0101381628	        0.0053861372	        0.0002764291	        0.1000000000	        0.0010000000
        1.9617651675	        0.3738013282	        0.1309199670	       -0.3329632543	        0.0000000516	        0.0006977002	        0.0000776561	        0.0000862846	        0.0001983714	        0.0086519561	        0.0050468661	        0.0002059019	        0.1000000000	        0.0010000000
        1.9666030060	        0.3324791485	        0.1193511341	       -0.5623261226	        0.0000000299	        0.0007158308	        0.0000530768	        0.0000589742	        0.0001461853	        0.0072166123	        0.0047302826	        0.0001489270	        0.1000000000	        0.0010000000
        1.9709085097	        0.2936606378	        0.1083046305	       -0.8235828407	        0.0000000111	        0.0007455580	        0.0000383539	        0.0000426154	        0.0001130947	        0.0059067132	        0.0044840436	        0.0001047778	        0.1000000000	        0.0010000000
        1.9747382607	        0.2577776335	        0.0978089164	       -1.1139621460	       -0.0000000043	        0.0007856671	        0.0000267508	        0.0000297231	        0.0000842722	        0.0047519231	        0.0043206709	        0.0000717361	        0.1000000000	        0.0010000000
        1.9781432525	        0.2248676954	        0.0878380745	       -1.4298775471	       -0.0000000153	        0.0008351617	        0.0000179561	        0.0000199512	        0.0000604043	        0.0037601578	        0.0042437676	        0.0000477213	        0.1000000000	        0.0010000000
        1.9811693494	        0.1949066401	        0.0783819768	       -1.7661841898	       -0.0000000234	        0.0008921460	        0.0000115810	        0.0000128677	        0.0000415244	        0.0029283937	        0.0042491332	        0.0000307978	        0.1000000000	        0.0010000000
        1.9838577298	        0.1678078483	        0.0694392530	       -2.1169544343	       -0.0000000309	        0.0009540880	        0.0000071722	        0.0000079691	        0.0000273341	        0.0022452483	        0.0043271634	        0.0000192478	        0.1000000000	        0.0010000000
        1.9862453073	        0.1434299499	        0.0610113879	       -2.4767946630	       -0.0000000373	        0.0010195393	        0.0000042630	        0.0000047367	        0.0000172117	        0.0016942377	        0.0044654091	        0.0000116219	        0.1000000000	        0.0010000000
        1.9883651267	        0.1215915230	        0.0530986923	       -2.8408326492	       -0.0000000406	        0.0010876424	        0.0000024288	        0.0000026986	        0.0000103516	        0.0012568082	        0.0046506894	        0.0000067573	        0.1000000000	        0.0010000000
        1.9902467340	        0.1020882757	        0.0456982468	       -3.2032606693	       -0.0000000407	        0.0011570637	        0.0000013226	        0.0000014695	        0.0000059290	        0.0009145715	        0.0048705010	        0.0000037655	        0.1000000000	        0.0010000000
        1.9919165179	        0.0847083992	        0.0388033706	       -3.5581017379	       -0.0000000395	        0.0012262246	        0.0000006847	        0.0000007608	        0.0000032170	        0.0006506300	        0.0051137671	        0.0000019975	        0.1000000000	        0.0010000000
        1.9933980257	        0.0692439015	        0.0324037400	       -3.9005916244	       -0.0000000379	        0.0012938481	        0.0000003341	        0.0000003712	        0.0000016392	        0.0004501740	        0.0053711114	        0.0000009988	        0.1000000000	        0.0010000000
        1.9947122508	        0.0554977220	        0.0264856662	       -4.2272316392	       -0.0000000367	        0.0013589818	        0.0000001515	        0.0000001683	        0.0000007737	        0.0003006089	        0.0056348526	        0.0000004640	        0.1000000000	        0.0010000000
        1.9958778967	        0.0432874666	        0.0210324487	       -4.5356343270	       -0.0000000361	        0.0014209529	        0.0000000625	        0.0000000694	        0.0000003310	        0.0001914337	        0.0058988629	        0.0000001958	        0.1000000000	        0.0010000000
        1.9969116151	        0.0324468322	        0.0160247905	       -4.8243460366	       -0.0000000362	        0.0014793208	        0.0000000226	        0.0000000251	        0.0000001238	        0.0001140089	        0.0061583755	        0.0000000723	        0.1000000000	        0.0010000000
        1.9978282231	        0.0228256218	        0.0114412674	       -5.0926702718	       -0.0000000370	        0.0015338321	        0.0000000067	        0.0000000075	        0.0000000379	        0.0000612969	        0.0064097866	        0.0000000219	        0.1000000000	        0.0010000000
        1.9986408981	        0.0142889910	        0.0072588329	       -5.3405048285	       -0.0000000382	        0.0015843807	        0.0000000014	        0.0000000016	        0.0000000083	        0.0000276111	        0.0066504682	        0.0000000048	        0.1000000000	        0.0010000000
        1.9993613540	        0.0067163277	        0.0034533321	       -5.5681988389	       -0.0000000399	        0.0016309729	        0.0000000002	        0.0000000002	        0.0000000009	        0.0000083898	        0.0068786014	        0.0000000005	        0.1000000000	        0.0010000000
        2.0000000000	        0.0000000000	        0.0000000000	       -5.7764316435	       -0.0000000419	        0.0016736979	        0.0000000000	        0.0000000000	        0.0000000000	        0.0000000000	        0.0070930286	        0.0000000000	        0.1000000000	        0.0010000000
