        0.0000000000	        0.0000000000	        1.0000000000	        4.4251308097	       -0.0000007788	        0.0014270374	        0.0000000000	        0.0000000000	        0.0000000000	        0.0000000000	        0.0070930286	        0.0000000000	        0.1000000000	        0.0010000000
        0.0006386460	        0.0067163277	        0.9970230185	        4.3080475034	       -0.0000007813	        0.0013948111	        0.0000000002	        0.0000000002	        0.0000000008	        0.0000083898	        0.0068786014	        0.0000000005	        0.1000000000	        0.0010000000
        0.0013591019	        0.0142889910	        0.9937344248	        4.1795215039	       -0.0000007837	        0.0013594596	        0.0000000014	        0.0000000016	        0.0000000072	        0.0000276111	        0.0066504682	        0.0000000048	        0.1000000000	        0.0010000000
        0.0021717769	        0.0228256218	        0.9901110617	        4.0389652364	       -0.0000007861	        0.0013208309	        0.0000000067	        0.0000000075	        0.0000000329	        0.0000612969	        0.0064097866	        0.0000000219	        0.1000000000	        0.0010000000
        0.0030883849	        0.0324468322	        0.9861303824	        3.8859098921	       -0.0000007885	        0.0012788087	        0.0000000226	        0.0000000251	        0.0000001076	        0.0001140089	        0.0061583755	        0.0000000723	        0.1000000000	        0.0010000000
        0.0041221033	        0.0432874666	        0.9817711518	        3.7200531085	       -0.0000007907	        0.0012333265	        0.0000000625	        0.0000000694	        0.0000002884	        0.0001914337	        0.0058988629	        0.0000001958	        0.1000000000	        0.0010000000
        0.0052877492	        0.0554977220	        0.9770143150	        3.5413127483	       -0.0000007929	        0.0011843832	        0.0000001515	        0.0000001683	        0.0000006755	        0.0003006089	        0.0056348526	        0.0000004640	        0.1000000000	        0.0010000000
        0.0066019743	        0.0692439015	        0.9718440613	        3.3498838016	       -0.0000007952	        0.0011320606	        0.0000003341	        0.0000003712	        0.0000014326	        0.0004501740	        0.0053711114	        0.0000009988	        0.1000000000	        0.0010000000
        0.0080834821	        0.0847083992	        0.9662491183	        3.1462924798	       -0.0000007978	        0.0010765398	        0.0000006847	        0.0000007608	        0.0000028118	        0.0006506300	        0.0051137671	        0.0000019975	        0.1000000000	        0.0010000000
        0.0097532660	        0.1020882757	        0.9602243125	        2.9314369085	       -0.0000008011	        0.0010181143	        0.0000013226	        0.0000014695	        0.0000051747	        0.0009145715	        0.0048705010	        0.0000037655	        0.1000000000	        0.0010000000
        0.0116348733	        0.1215915230	        0.9537724069	        2.7065966501	       -0.0000008061	        0.0009571963	        0.0000024288	        0.0000026986	        0.0000090030	        0.0012568082	        0.0046506894	        0.0000067573	        0.1000000000	        0.0010000000
        0.0137546927	        0.1434299499	        0.9469061400	        2.4734168230	       -0.0000008137	        0.0008943173	        0.0000042630	        0.0000047367	        0.0000148750	        0.0016942377	        0.0044654091	        0.0000116219	        0.1000000000	        0.0010000000
        0.0161422702	        0.1678078483	        0.9396502038	        2.2340755760	       -0.0000008240	        0.0008301994	        0.0000071722	        0.0000079691	        0.0000233890	        0.0022452483	        0.0043271634	        0.0000192478	        0.1000000000	        0.0010000000
        0.0188306506	        0.1949066401	        0.9320426130	        1.9911266181	       -0.0000008349	        0.0007657241	        0.0000115810	        0.0000128677	        0.0000350174	        0.0029283937	        0.0042491332	        0.0000307978	        0.1000000000	        0.0010000000
        0.0218567475	        0.2248676954	        0.9241345449	        1.7476563239	       -0.0000008457	        0.0007019265	        0.0000179561	        0.0000199512	        0.0000499196	        0.0037601578	        0.0042437676	        0.0000477213	        0.1000000000	        0.0010000000
        0.0252617393	        0.2577776335	        0.9159877095	        1.5072501584	       -0.0000008587	        0.0006399561	        0.0000267508	        0.0000297231	        0.0000677985	        0.0047519231	        0.0043206709	        0.0000717361	        0.1000000000	        0.0010000000
        0.0290914903	        0.2936606378	        0.9076688469	        1.2738388256	       -0.0000008748	        0.0005810819	        0.0000383539	        0.0000426154	        0.0000879132	        0.0059067132	        0.0044840436	        0.0001047778	        0.1000000000	        0.0010000000
        0.0333969940	        0.3324791485	        0.8992420564	        1.0514354547	       -0.0000008932	        0.0005266028	        0.0000530768	        0.0000589742	        0.0001089246	        0.0072166123	        0.0047302826	        0.0001489270	        0.1000000000	        0.0010000000
        0.0382348325	        0.3738013282	        0.8908178602	        0.8440583661	       -0.0000009136	        0.0004777613	        0.0000776561	        0.0000862846	        0.0001405668	        0.0086519561	        0.0050468661	        0.0002059019	        0.1000000000	        0.0010000000
        0.0436676462	        0.4167247106	        0.8825458058	        0.6553046612	       -0.0000009365	        0.0004356818	        0.0001144691	        0.0001271879	        0.0001801455	        0.0101381628	        0.0053861372	        0.0002764291	        0.1000000000	        0.0010000000
        0.0497646022	        0.4604247857	        0.8745216698	        0.4879884483	       -0.0000009621	        0.0004013088	        0.0001616170	        0.0001795745	        0.0002193140	        0.0115799958	        0.0056845524	        0.0003606221	        0.1000000000	        0.0010000000
        0.0566018496	        0.5042599660	        0.8667817620	        0.3438395553	       -0.0000009888	        0.0003753221	        0.0002205525	        0.0002450583	        0.0002573099	        0.0128916330	        0.0058914979	        0.0004581493	        0.1000000000	        0.0010000000
        0.0642629411	        0.5476602211	        0.8593290733	        0.2233269951	       -0.0000010145	        0.0003581005	        0.0002928844	        0.0003254271	        0.0002940472	        0.0140037210	        0.0059747679	        0.0005680037	        0.1000000000	        0.0010000000
        0.0728392004	        0.5901554304	        0.8521388341	        0.1257134853	       -0.0000010382	        0.0003497802	        0.0003803282	        0.0004225868	        0.0003300681	        0.0148715173	        0.0059234241	        0.0006885783	        0.1000000000	        0.0010000000
        0.0824300053	        0.6313877962	        0.8451663394	        0.0493248022	       -0.0000010593	        0.0003502180	        0.0004846283	        0.0005384759	        0.0003662272	        0.0154765463	        0.0057455208	        0.0008177894	        0.1000000000	        0.0010000000
        0.0931429507	        0.6711103872	        0.8383552144	       -0.0080796947	       -0.0000010840	        0.0003590608	        0.0006074633	        0.0006749593	        0.0004033998	        0.0158230691	        0.0054623997	        0.0009532134	        0.1000000000	        0.0010000000
        0.1050938490	        0.7091754976	        0.8316448287	       -0.0490133842	       -0.0000011182	        0.0003757819	        0.0007503364	        0.0008337071	        0.0004422605	        0.0159317537	        0.0051019680	        0.0010922133	        0.1000000000	        0.0010000000
        0.1184065179	        0.7455171077	        0.8249761150	       -0.0762162303	       -0.0000011716	        0.0003997225	        0.0009144592	        0.0010160657	        0.0004831631	        0.0158328289	        0.0046929130	        0.0012320423	        0.1000000000	        0.0010000000
        0.1332122955	        0.7801312644	        0.8182952281	       -0.0928736153	       -0.0000012589	        0.0004299779	        0.0011006354	        0.0012229282	        0.0005261622	        0.0155602310	        0.0042608067	        0.0013699243	        0.1000000000	        0.0010000000
        0.1496492201	        0.8130571280	        0.8115542414	       -0.1019606980	       -0.0000014006	        0.0004655941	        0.0013091546	        0.0014546163	        0.0005711301	        0.0151473925	        0.0038261593	        0.0015031192	        0.1000000000	        0.0010000000
        0.1678608015	        0.8443602504	        0.8047101661	       -0.1053533989	       -0.0000015771	        0.0005053893	        0.0015397094	        0.0017107883	        0.0006178011	        0.0146246874	        0.0034039771	        0.0016289814	        0.1000000000	        0.0010000000
        0.1879943127	        0.8741186671	        0.7977249123	       -0.1037254685	       -0.0000017611	        0.0005480242	        0.0017913517	        0.0019903908	        0.0006656533	        0.0140182234	        0.0030042459	        0.0017450211	        0.1000000000	        0.0010000000
        0.2101985296	        0.9024117224	        0.7905675936	       -0.0981571378	       -0.0000019045	        0.0005920837	        0.0020625105	        0.0022916783	        0.0007138774	        0.0133495849	        0.0026328462	        0.0018489757	        0.1000000000	        0.0010000000
        0.2346208557	        0.9293111797	        0.7832154761	       -0.0894246779	       -0.0000019933	        0.0006361094	        0.0023510964	        0.0026123293	        0.0007614466	        0.0126361722	        0.0022925693	        0.0019388967	        0.1000000000	        0.0010000000
        0.2614037844	        0.9548740462	        0.7756556801	       -0.0780999488	       -0.0000020968	        0.0006787446	        0.0026547219	        0.0029496910	        0.0008071093	        0.0118918794	        0.0019840498	        0.0020132534	        0.1000000000	        0.0010000000
        0.2906806794	        0.9791365926	        0.7678877241	       -0.0675084431	       -0.0000022737	        0.0007186398	        0.0029710680	        0.0033011867	        0.0008500190	        0.0111279440	        0.0017065402	        0.0020710543	        0.1000000000	        0.0010000000
        0.3225708876	        1.0021092374	        0.7599153336	       -0.0605067405	       -0.0000024749	        0.0007547834	        0.0032984177	        0.0036649086	        0.0008905630	        0.0103538774	        0.0014585123	        0.0021119812	        0.1000000000	        0.0010000000
        0.3571742551	        1.0237723132	        0.7517371192	       -0.0523213703	       -0.0000025593	        0.0007864124	        0.0036363575	        0.0040403972	        0.0009288117	        0.0095784192	        0.0012381039	        0.0021365209	        0.1000000000	        0.0010000000
        0.3945651751	        1.0440732534	        0.7433697782	       -0.0408856659	       -0.0000024484	        0.0008130564	        0.0039865970	        0.0044295523	        0.0009630936	        0.0088104672	        0.0010434314	        0.0021460736	        0.1000000000	        0.0010000000
        0.4347863703	        1.0629264576	        0.7348641493	       -0.0302121347	       -0.0000023814	        0.0008343047	        0.0043537669	        0.0048375187	        0.0009920398	        0.0080598923	        0.0008727856	        0.0021429933	        0.1000000000	        0.0010000000
        0.4778426900	        1.0802178635	        0.7262908028	       -0.0206834475	       -0.0000023909	        0.0008500224	        0.0047458969	        0.0052732187	        0.0010154902	        0.0073380757	        0.0007247178	        0.0021305040	        0.1000000000	        0.0010000000
        0.5236952751	        1.0958165954	        0.7177385134	       -0.0139539249	       -0.0000024004	        0.0008606632	        0.0051740685	        0.0057489650	        0.0010341541	        0.0066579313	        0.0005980146	        0.0021124282	        0.1000000000	        0.0010000000
        0.5722565058	        1.1095950282	        0.7093003543	       -0.0097309977	       -0.0000023777	        0.0008673428	        0.0056505330	        0.0062783700	        0.0010495064	        0.0060331719	        0.0004915706	        0.0020926999	        0.1000000000	        0.0010000000
        0.6233861842	        1.1214552756	        0.7010646344	       -0.0027625622	       -0.0000022797	        0.0008717371	        0.0061846078	        0.0068717864	        0.0010611510	        0.0054767746	        0.0004041997	        0.0020747255	        0.1000000000	        0.0010000000
        0.6768894010	        1.1313549909	        0.6931313413	        0.0096998334	       -0.0000023176	        0.0008749488	        0.0067762374	        0.0075291527	        0.0010652779	        0.0049990131	        0.0003344647	        0.0020607815	        0.1000000000	        0.0010000000
        0.7325164896	        1.1393218008	        0.6856110604	        0.0177386400	       -0.0000025148	        0.0008785949	        0.0074084646	        0.0082316273	        0.0010604532	        0.0046058406	        0.0002806195	        0.0020517028	        0.1000000000	        0.0010000000
        0.7899653716	        1.1454481355	        0.6785500936	        0.0173733773	       -0.0000028003	        0.0008849368	        0.0080418868	        0.0089354298	        0.0010512581	        0.0042984296	        0.0002407104	        0.0020470120	        0.1000000000	        0.0010000000
        0.8488864424	        1.1498668939	        0.6719055087	        0.0116007756	       -0.0000029291	        0.0008956274	        0.0086152938	        0.0095725486	        0.0010433879	        0.0040741302	        0.0002127984	        0.0020454128	        0.1000000000	        0.0010000000
        0.9088899606	        1.1527171135	        0.6655727693	       -0.0042654133	       -0.0000028538	        0.0009134453	        0.0090555471	        0.0100617190	        0.0010438784	        0.0039283876	        0.0001952089	        0.0020453954	        0.1000000000	        0.0010000000
        0.9695556872	        1.1541111707	        0.6593714265	       -0.0183279656	       -0.0000028928	        0.0009391950	        0.0092957791	        0.0103286435	        0.0010567520	        0.0038568200	        0.0001867297	        0.0020457245	        0.1000000000	        0.0010000000
        1.0304443128	        1.1541111707	        0.6531210267	       -0.0226077601	       -0.0000028695	        0.0009729309	        0.0092957791	        0.0103286435	        0.0010763574	        0.0038568200	        0.0001867297	        0.0020457245	        0.1000000000	        0.0010000000
        1.0911100394	        1.1527171135	        0.6466886728	       -0.0300208039	       -0.0000024807	        0.0010144842	        0.0090555471	        0.0100617190	        0.0010992552	        0.0039283876	        0.0001952089	        0.0020453954	        0.1000000000	        0.0010000000
        1.1511135576	        1.1498668939	        0.6399220231	       -0.0480193604	       -0.0000019243	        0.0010626890	        0.0086152938	        0.0095725486	        0.0011317567	        0.0040741302	        0.0002127984	        0.0020454128	        0.1000000000	        0.0010000000
        1.2100346284	        1.1454481355	        0.6326122450	       -0.0584259717	       -0.0000015071	        0.0011164700	        0.0080418868	        0.0089354298	        0.0011747355	        0.0042984296	        0.0002407104	        0.0020470120	        0.1000000000	        0.0010000000
        1.2674835104	        1.1393218008	        0.6246066605	       -0.0644812633	       -0.0000011867	        0.0011740228	        0.0074084646	        0.0082316273	        0.0012222542	        0.0046058406	        0.0002806195	        0.0020517028	        0.1000000000	        0.0010000000
        1.3231105990	        1.1313549909	        0.6158062316	       -0.0737314707	       -0.0000008806	        0.0012317078	        0.0067762374	        0.0075291527	        0.0012734829	        0.0049990131	        0.0003344647	        0.0020607815	        0.1000000000	        0.0010000000
        1.3766138158	        1.1214552756	        0.6061327369	       -0.0827119637	       -0.0000007032	        0.0012858503	        0.0061846078	        0.0068717864	        0.0013291397	        0.0054767746	        0.0004041997	        0.0020747255	        0.1000000000	        0.0010000000
        1.4277434942	        1.1095950282	        0.5955538101	       -0.0796458426	       -0.0000005084	        0.0013339880	        0.0056505330	        0.0062783700	        0.0013836517	        0.0060331719	        0.0004915706	        0.0020926999	        0.1000000000	        0.0010000000
        1.4763047249	        1.0958165954	        0.5841501730	       -0.0681148525	       -0.0000003387	        0.0013735840	        0.0051740685	        0.0057489650	        0.0014290169	        0.0066579313	        0.0005980146	        0.0021124282	        0.1000000000	        0.0010000000
        1.5221573100	        1.0802178635	        0.5720760353	       -0.0577457079	       -0.0000003270	        0.0014030900	        0.0047458969	        0.0052732187	        0.0014629352	        0.0073380757	        0.0007247178	        0.0021305040	        0.1000000000	        0.0010000000
        1.5652136297	        1.0629264576	        0.5594786449	       -0.0553417943	       -0.0000002805	        0.0014205394	        0.0043537669	        0.0048375187	        0.0014887872	        0.0080598923	        0.0008727856	        0.0021429933	        0.1000000000	        0.0010000000
        1.6054348249	        1.0440732534	        0.5464450468	       -0.0472569301	       -0.0000001551	        0.0014261530	        0.0039865970	        0.0044295523	        0.0015074312	        0.0088104672	        0.0010434314	        0.0021460736	        0.1000000000	        0.0010000000
        1.6428257449	        1.0237723132	        0.5330691220	       -0.0303995104	        0.0000000082	        0.0014211660	        0.0036363575	        0.0040403972	        0.0015149218	        0.0095784192	        0.0012381039	        0.0021365209	        0.1000000000	        0.0010000000
        1.6774291124	        1.0021092374	        0.5194587120	       -0.0091786614	        0.0000001594	        0.0014062208	        0.0032984177	        0.0036649086	        0.0015086214	        0.0103538774	        0.0014585123	        0.0021119812	        0.1000000000	        0.0010000000
        1.7093193206	        0.9791365926	        0.5057098574	        0.0151275287	        0.0000001437	        0.0013823866	        0.0029710680	        0.0033011867	        0.0014881231	        0.0111279440	        0.0017065402	        0.0020710543	        0.1000000000	        0.0010000000
        1.7385962156	        0.9548740462	        0.4919021830	        0.0391733264	        0.0000001045	        0.0013516484	        0.0026547219	        0.0029496910	        0.0014543949	        0.0118918794	        0.0019840498	        0.0020132534	        0.1000000000	        0.0010000000
        1.7653791443	        0.9293111797	        0.4780895535	        0.0624376952	        0.0000001616	        0.0013161808	        0.0023510964	        0.0026123293	        0.0014092118	        0.0126361722	        0.0022925693	        0.0019388967	        0.1000000000	        0.0010000000
        1.7898014704	        0.9024117224	        0.4643046544	        0.0816982338	        0.0000002617	        0.0012784411	        0.0020625105	        0.0022916783	        0.0013547287	        0.0133495849	        0.0026328462	        0.0018489757	        0.1000000000	        0.0010000000
        1.8120056873	        0.8741186671	        0.4505549249	        0.0906790002	        0.0000002851	        0.0012412560	        0.0017913517	        0.0019903908	        0.0012940238	        0.0140182234	        0.0030042459	        0.0017450211	        0.1000000000	        0.0010000000
        1.8321391985	        0.8443602504	        0.4368116239	        0.0851772744	        0.0000002453	        0.0012071460	        0.0015397094	        0.0017107883	        0.0012305710	        0.0146246874	        0.0034039771	        0.0016289814	        0.1000000000	        0.0010000000
        1.8503507799	        0.8130571280	        0.4230088914	        0.0620154674	        0.0000001654	        0.0011788188	        0.0013091546	        0.0014546163	        0.0011672348	        0.0151473925	        0.0038261593	        0.0015031192	        0.1000000000	        0.0010000000
        1.8667877045	        0.7801312644	        0.4090474483	        0.0180402305	        0.0000000870	        0.0011584222	        0.0011006354	        0.0012229282	        0.0011058491	        0.0155602310	        0.0042608067	        0.0013699243	        0.1000000000	        0.0010000000
        1.8815934821	        0.7455171077	        0.3947997809	       -0.0487551730	        0.0000000532	        0.0011478133	        0.0009144592	        0.0010160657	        0.0010469818	        0.0158328289	        0.0046929130	        0.0012320423	        0.1000000000	        0.0010000000
        1.8949061510	        0.7091754976	        0.3801197681	       -0.1399657910	        0.0000000572	        0.0011485006	        0.0007503364	        0.0008337071	        0.0009898586	        0.0159317537	        0.0051019680	        0.0010922133	        0.1000000000	        0.0010000000
        1.9068570493	        0.6711103872	        0.3648549445	       -0.2572458313	        0.0000000738	        0.0011617443	        0.0006074633	        0.0006749593	        0.0009325813	        0.0158230691	        0.0054623997	        0.0009532134	        0.1000000000	        0.0010000000
        1.9175699947	        0.6313877962	        0.3488606800	       -0.4019979675	        0.0000000798	        0.0011881378	        0.0004846283	        0.0005384759	        0.0008725021	        0.0154765463	        0.0057455208	        0.0008177894	        0.1000000000	        0.0010000000
        1.9271607996	        0.5901554304	        0.3320167597	       -0.5745915181	        0.0000000751	        0.0012279106	        0.0003803282	        0.0004225868	        0.0008066997	        0.0148715173	        0.0059234241	        0.0006885783	        0.1000000000	        0.0010000000
        1.9357370589	        0.5476602211	        0.3142463920	       -0.7735024448	        0.0000000608	        0.0012809969	        0.0002928844	        0.0003254271	        0.0007325758	        0.0140037210	        0.0059747679	        0.0005680037	        0.1000000000	        0.0010000000
        1.9433981504	        0.5042599660	        0.2955360355	       -0.9949718834	        0.0000000357	        0.0013456798	        0.0002205525	        0.0002450583	        0.0006485700	        0.0128916330	        0.0058914979	        0.0004581493	        0.1000000000	        0.0010000000
        1.9502353978	        0.4604247857	        0.2759522458	       -1.2332958572	        0.0000000032	        0.0014216784	        0.0001616170	        0.0001795745	        0.0005548960	        0.0115799958	        0.0056845524	        0.0003606221	        0.1000000000	        0.0010000000
        1.9563323538	        0.4167247106	        0.2556507273	       -1.4815979996	       -0.0000000289	        0.0015061251	        0.0001144691	        0.0001271879	        0.0004541025	        0.0101381628	        0.0053861372	        0.0002764291	        0.1000000000	        0.0010000000
        1.9617651675	        0.3738013282	        0.2348735512	       -1.7328067730	       -0.0000000591	        0.0015977172	        0.0000776561	        0.0000862846	        0.0003507050	        0.0086519561	        0.0050468661	        0.0002059019	        0.1000000000	        0.0010000000
        1.9666030060	        0.3324791485	        0.2139946631	       -1.9805021195	       -0.0000000860	        0.0016938453	        0.0000530768	        0.0000589742	        0.0002675518	        0.0072166123	        0.0047302826	        0.0001489270	        0.1000000000	        0.0010000000
        1.9709085097	        0.2936606378	        0.1934824230	       -2.2194743393	       -0.0000001092	        0.0017914488	        0.0000383539	        0.0000426154	        0.0002117579	        0.0059067132	        0.0044840436	        0.0001047778	        0.1000000000	        0.0010000000
        1.9747382607	        0.2577776335	        0.1736591350	       -2.4459286177	       -0.0000001309	        0.0018895210	        0.0000267508	        0.0000297231	        0.0001597156	        0.0047519231	        0.0043206709	        0.0000717361	        0.1000000000	        0.0010000000
        1.9781432525	        0.2248676954	        0.1546935288	       -2.6574105108	       -0.0000001486	        0.0019867682	        0.0000179561	        0.0000199512	        0.0001148346	        0.0037601578	        0.0042437676	        0.0000477213	        0.1000000000	        0.0010000000
        1.9811693494	        0.1949066401	        0.1367265936	       -2.8526729087	       -0.0000001631	        0.0020812485	        0.0000115810	        0.0000128677	        0.0000786133	        0.0029283937	        0.0042491332	        0.0000307978	        0.1000000000	        0.0010000000
        1.9838577298	        0.1678078483	        0.1198612005	       -3.0313687320	       -0.0000001787	        0.0021707743	        0.0000071722	        0.0000079691	        0.0000512489	        0.0022452483	        0.0043271634	        0.0000192478	        0.1000000000	        0.0010000000
        1.9862453073	        0.1434299499	        0.1041583473	       -3.1937615628	       -0.0000001942	        0.0022548139	        0.0000042630	        0.0000047367	        0.0000318325	        0.0016942377	        0.0044654091	        0.0000116219	        0.1000000000	        0.0010000000
        1.9883651267	        0.1215915230	        0.0896398020	       -3.3405136019	       -0.0000002061	        0.0023337198	        0.0000024288	        0.0000026986	        0.0000188355	        0.0012568082	        0.0046506894	        0.0000067573	        0.1000000000	        0.0010000000
        1.9902467340	        0.1020882757	        0.0762948688	       -3.4725728008	       -0.0000002134	        0.0024074148	        0.0000013226	        0.0000014695	        0.0000105974	        0.0009145715	        0.0048705010	        0.0000037655	        0.1000000000	        0.0010000000
        1.9919165179	        0.0847083992	        0.0640885612	       -3.5910422284	       -0.0000002171	        0.0024754502	        0.0000006847	        0.0000007608	        0.0000056444	        0.0006506300	        0.0051137671	        0.0000019975	        0.1000000000	        0.0010000000
        1.9933980257	        0.0692439015	        0.0529692567	       -3.6970635688	       -0.0000002184	        0.0025376759	        0.0000003341	        0.0000003712	        0.0000028231	        0.0004501740	        0.0053711114	        0.0000009988	        0.1000000000	        0.0010000000
        1.9947122508	        0.0554977220	        0.0428749581	       -3.7917631522	       -0.0000002180	        0.0025941910	        0.0000001515	        0.0000001683	        0.0000013085	        0.0003006089	        0.0056348526	        0.0000004640	        0.1000000000	        0.0010000000
        1.9958778967	        0.0432874666	        0.0337380146	       -3.8762210238	       -0.0000002164	        0.0026452473	        0.0000000625	        0.0000000694	        0.0000005501	        0.0001914337	        0.0058988629	        0.0000001958	        0.1000000000	        0.0010000000
        1.9969116151	        0.0324468322	        0.0254885123	       -3.9514529096	       -0.0000002142	        0.0026911842	        0.0000000226	        0.0000000251	        0.0000002023	        0.0001140089	        0.0061583755	        0.0000000723	        0.1000000000	        0.0010000000
        1.9978282231	        0.0228256218	        0.0180566328	       -4.0184009136	       -0.0000002115	        0.0027323843	        0.0000000067	        0.0000000075	        0.0000000611	        0.0000612969	        0.0064097866	        0.0000000219	        0.1000000000	        0.0010000000
        1.9986408981	        0.0142889910	        0.0113742566	       -4.0779300296	       -0.0000002085	        0.0027692448	        0.0000000014	        0.0000000016	        0.0000000132	        0.0000276111	        0.0066504682	        0.0000000048	        0.1000000000	        0.0010000000
        1.9993613540	        0.0067163277	        0.0053760222	       -4.1308284386	       -0.0000002055	        0.0028021589	        0.0000000002	        0.0000000002	        0.0000000015	        0.0000083898	        0.0068786014	        0.0000000005	        0.1000000000	        0.0010000000
        2.0000000000	        0.0000000000	        0.0000000000	       -4.1778101847	       -0.0000002025	        0.0028315040	        0.0000000000	        0.0000000000	        0.0000000000	        0.0000000000	        0.0070930286	        0.0000000000	        0.1000000000	        0.0010000000
