        0.0000000000	        0.0000000000	        1.0000000000	        6.9495858012	       30.1630057611	        0.0010992882	        0.0000000000	        0.0000000000	        0.0000000000	        0.0000000000	        0.0070930286	        0.0000000000	        0.1000000000	        0.0010000000
        0.0006386460	        0.0067163277	        0.9979088265	        6.4501859320	       30.1484984921	        0.0010319476	        0.0000000002	        0.0000000002	        0.0000000006	        0.0000083898	        0.0068786014	        0.0000000005	        0.1000000000	        0.0010000000
        0.0013591019	        0.0142889910	        0.9956545783	        5.9229948323	       30.1325126020	        0.0009611015	        0.0000000014	        0.0000000016	        0.0000000049	        0.0000276111	        0.0066504682	        0.0000000048	        0.1000000000	        0.0010000000
        0.0021717769	        0.0228256218	        0.9932342860	        5.3724063584	       30.1149307036	        0.0008874070	        0.0000000067	        0.0000000075	        0.0000000217	        0.0000612969	        0.0064097866	        0.0000000219	        0.1000000000	        0.0010000000
        0.0030883849	        0.0324468322	        0.9906458932	        4.8046803171	       30.0956256332	        0.0008117762	        0.0000000226	        0.0000000251	        0.0000000690	        0.0001140089	        0.0061583755	        0.0000000723	        0.1000000000	        0.0010000000
        0.0041221033	        0.0432874666	        0.9878878031	        4.2281582222	       30.0744543417	        0.0007353980	        0.0000000625	        0.0000000694	        0.0000001800	        0.0001914337	        0.0058988629	        0.0000001958	        0.1000000000	        0.0010000000
        0.0052877492	        0.0554977220	        0.9849581360	        3.6533379346	       30.0512469820	        0.0006597360	        0.0000001515	        0.0000001683	        0.0000004106	        0.0003006089	        0.0056348526	        0.0000004640	        0.1000000000	        0.0010000000
        0.0066019743	        0.0692439015	        0.9818536981	        3.0926746499	       30.0257883466	        0.0005864799	        0.0000003341	        0.0000003712	        0.0000008503	        0.0004501740	        0.0053711114	        0.0000009988	        0.1000000000	        0.0010000000
        0.0080834821	        0.0847083992	        0.9785687412	        2.5598993021	       29.9977873673	        0.0005174197	        0.0000006847	        0.0000007608	        0.0000016358	        0.0006506300	        0.0051137671	        0.0000019975	        0.1000000000	        0.0010000000
        0.0097532660	        0.1020882757	        0.9750936966	        2.0685318245	       29.9668282869	        0.0004541904	        0.0000013226	        0.0000014695	        0.0000029674	        0.0009145715	        0.0048705010	        0.0000037655	        0.1000000000	        0.0010000000
        0.0116348733	        0.1215915230	        0.9714141592	        1.6290993251	       29.9322940559	        0.0003978132	        0.0000024288	        0.0000026986	        0.0000051263	        0.0012568082	        0.0046506894	        0.0000067573	        0.1000000000	        0.0010000000
        0.0137546927	        0.1434299499	        0.9675103016	        1.2458327624	       29.8933336822	        0.0003482258	        0.0000042630	        0.0000047367	        0.0000084872	        0.0016942377	        0.0044654091	        0.0000116219	        0.1000000000	        0.0010000000
        0.0161422702	        0.1678078483	        0.9633565005	        0.9228799604	       29.8494848101	        0.0003059029	        0.0000071722	        0.0000079691	        0.0000135142	        0.0022452483	        0.0043271634	        0.0000192478	        0.1000000000	        0.0010000000
        0.0188306506	        0.1949066401	        0.9589221179	        0.6587126465	       29.8007387718	        0.0002712208	        0.0000115810	        0.0000128677	        0.0000207271	        0.0029283937	        0.0042491332	        0.0000307978	        0.1000000000	        0.0010000000
        0.0218567475	        0.2248676954	        0.9541726412	        0.4491873779	       29.7468730468	        0.0002440533	        0.0000179561	        0.0000199512	        0.0000306296	        0.0037601578	        0.0042437676	        0.0000477213	        0.1000000000	        0.0010000000
        0.0252617393	        0.2577776335	        0.9490711817	        0.2896393152	       29.6871583847	        0.0002237248	        0.0000267508	        0.0000297231	        0.0000436133	        0.0047519231	        0.0043206709	        0.0000717361	        0.1000000000	        0.0010000000
        0.0290914903	        0.2936606378	        0.9435806047	        0.1727776605	       29.6209490779	        0.0002094490	        0.0000383539	        0.0000426154	        0.0000598796	        0.0059067132	        0.0044840436	        0.0001047778	        0.1000000000	        0.0010000000
        0.0333969940	        0.3324791485	        0.9376653491	        0.0889887993	       29.5477214246	        0.0002004113	        0.0000530768	        0.0000589742	        0.0000791637	        0.0072166123	        0.0047302826	        0.0001489270	        0.1000000000	        0.0010000000
        0.0382348325	        0.3738013282	        0.9313337195	        0.0300807209	       29.4668096613	        0.0001958705	        0.0000776561	        0.0000862846	        0.0001095509	        0.0086519561	        0.0050468661	        0.0002059019	        0.1000000000	        0.0010000000
        0.0436676462	        0.4167247106	        0.9246530995	       -0.0115861227	       29.3772947395	        0.0001951844	        0.0001144691	        0.0001271879	        0.0001508369	        0.0101381628	        0.0053861372	        0.0002764291	        0.1000000000	        0.0010000000
        0.0497646022	        0.4604247857	        0.9176888256	       -0.0422154113	       29.2789850453	        0.0001979709	        0.0001616170	        0.0001795745	        0.0001970289	        0.0115799958	        0.0056845524	        0.0003606221	        0.1000000000	        0.0010000000
        0.0566018496	        0.5042599660	        0.9104908797	       -0.0661450429	       29.1710555716	        0.0002041300	        0.0002205525	        0.0002450583	        0.0002469647	        0.0128916330	        0.0058914979	        0.0004581493	        0.1000000000	        0.0010000000
        0.0642629411	        0.5476602211	        0.9031070517	       -0.0860920568	       29.0510736797	        0.0002137635	        0.0002928844	        0.0003254271	        0.0002994821	        0.0140037210	        0.0059747679	        0.0005680037	        0.1000000000	        0.0010000000
        0.0728392004	        0.5901554304	        0.8955773044	       -0.1034170397	       28.9191895575	        0.0002271498	        0.0003803282	        0.0004225868	        0.0003537142	        0.0148715173	        0.0059234241	        0.0006885783	        0.1000000000	        0.0010000000
        0.0824300053	        0.6313877962	        0.8879297019	       -0.1185366680	       28.7740416729	        0.0002446735	        0.0004846283	        0.0005384759	        0.0004091441	        0.0154765463	        0.0057455208	        0.0008177894	        0.1000000000	        0.0010000000
        0.0931429507	        0.6711103872	        0.8801784312	       -0.1312836283	       28.6144829494	        0.0002667108	        0.0006074633	        0.0006749593	        0.0004655808	        0.0158230691	        0.0054623997	        0.0009532134	        0.1000000000	        0.0010000000
        0.1050938490	        0.7091754976	        0.8723239524	       -0.1412660546	       28.4371399264	        0.0002935079	        0.0007503364	        0.0008337071	        0.0005230682	        0.0159317537	        0.0051019680	        0.0010922133	        0.1000000000	        0.0010000000
        0.1184065179	        0.7455171077	        0.8643547650	       -0.1481505858	       28.2426830536	        0.0003252483	        0.0009144592	        0.0010160657	        0.0005817653	        0.0158328289	        0.0046929130	        0.0012320423	        0.1000000000	        0.0010000000
        0.1332122955	        0.7801312644	        0.8562500143	       -0.1517082085	       28.0284940882	        0.0003617626	        0.0011006354	        0.0012229282	        0.0006418235	        0.0155602310	        0.0042608067	        0.0013699243	        0.1000000000	        0.0010000000
        0.1496492201	        0.8130571280	        0.8479824866	       -0.1518722360	       27.7925897278	        0.0004028212	        0.0013091546	        0.0014546163	        0.0007032803	        0.0151473925	        0.0038261593	        0.0015031192	        0.1000000000	        0.0010000000
        0.1678608015	        0.8443602504	        0.8395215919	       -0.1486558984	       27.5341611459	        0.0004478534	        0.0015397094	        0.0017107883	        0.0007659723	        0.0146246874	        0.0034039771	        0.0016289814	        0.1000000000	        0.0010000000
        0.1879943127	        0.8741186671	        0.8308363823	       -0.1424280223	       27.2508513407	        0.0004960495	        0.0017913517	        0.0019903908	        0.0008295043	        0.0140182234	        0.0030042459	        0.0017450211	        0.1000000000	        0.0010000000
        0.2101985296	        0.9024117224	        0.8218978150	       -0.1339224538	       26.9410764428	        0.0005465090	        0.0020625105	        0.0022916783	        0.0008933104	        0.0133495849	        0.0026328462	        0.0018489757	        0.1000000000	        0.0010000000
        0.2346208557	        0.9293111797	        0.8126800018	       -0.1236632945	       26.6038045457	        0.0005982477	        0.0023510964	        0.0026123293	        0.0009566999	        0.0126361722	        0.0022925693	        0.0019388967	        0.1000000000	        0.0010000000
        0.2614037844	        0.9548740462	        0.8031621273	       -0.1123544433	       26.2363599057	        0.0006502058	        0.0026547219	        0.0029496910	        0.0010189090	        0.0118918794	        0.0019840498	        0.0020132534	        0.1000000000	        0.0010000000
        0.2906806794	        0.9791365926	        0.7933299773	       -0.1005898197	       25.8383624894	        0.0007014167	        0.0029710680	        0.0033011867	        0.0010791884	        0.0111279440	        0.0017065402	        0.0020710543	        0.1000000000	        0.0010000000
        0.3225708876	        1.0021092374	        0.7831781056	       -0.0887076595	       25.4071686017	        0.0007509641	        0.0032984177	        0.0036649086	        0.0011368181	        0.0103538774	        0.0014585123	        0.0021119812	        0.1000000000	        0.0010000000
        0.3571742551	        1.0237723132	        0.7727134676	       -0.0771268724	       24.9433344209	        0.0007979368	        0.0036363575	        0.0040403972	        0.0011911554	        0.0095784192	        0.0012381039	        0.0021365209	        0.1000000000	        0.0010000000
        0.3945651751	        1.0440732534	        0.7619592431	       -0.0662424814	       24.4449556290	        0.0008417824	        0.0039865970	        0.0044295523	        0.0012417377	        0.0088104672	        0.0010434314	        0.0021460736	        0.1000000000	        0.0010000000
        0.4347863703	        1.0629264576	        0.7509587763	       -0.0557729102	       23.9129297516	        0.0008819342	        0.0043537669	        0.0048375187	        0.0012881742	        0.0080598923	        0.0008727856	        0.0021429933	        0.1000000000	        0.0010000000
        0.4778426900	        1.0802178635	        0.7397820109	       -0.0462534565	       23.3462149302	        0.0009179344	        0.0047458969	        0.0052732187	        0.0013302472	        0.0073380757	        0.0007247178	        0.0021305040	        0.1000000000	        0.0010000000
        0.5236952751	        1.0958165954	        0.7285249525	       -0.0381483009	       22.7446129743	        0.0009497813	        0.0051740685	        0.0057489650	        0.0013682023	        0.0066579313	        0.0005980146	        0.0021124282	        0.1000000000	        0.0010000000
        0.5722565058	        1.1095950282	        0.7173033782	       -0.0320327561	       22.1102982080	        0.0009777782	        0.0056505330	        0.0062783700	        0.0014028341	        0.0060331719	        0.0004915706	        0.0020926999	        0.1000000000	        0.0010000000
        0.6233861842	        1.1214552756	        0.7062376316	       -0.0277897191	       21.4454032100	        0.0010027738	        0.0061846078	        0.0068717864	        0.0014352627	        0.0054767746	        0.0004041997	        0.0020747255	        0.1000000000	        0.0010000000
        0.6768894010	        1.1313549909	        0.6954339355	       -0.0253700877	       20.7519871997	        0.0010258982	        0.0067762374	        0.0075291527	        0.0014665861	        0.0049990131	        0.0003344647	        0.0020607815	        0.1000000000	        0.0010000000
        0.7325164896	        1.1393218008	        0.6849624348	       -0.0253253990	       20.0325668278	        0.0010488013	        0.0074084646	        0.0082316273	        0.0014980255	        0.0046058406	        0.0002806195	        0.0020517028	        0.1000000000	        0.0010000000
        0.7899653716	        1.1454481355	        0.6748360625	       -0.0285266187	       19.2922110404	        0.0010738862	        0.0080418868	        0.0089354298	        0.0015313246	        0.0042984296	        0.0002407104	        0.0020470120	        0.1000000000	        0.0010000000
        0.8488864424	        1.1498668939	        0.6649981187	       -0.0349002835	       18.5354979544	        0.0011042837	        0.0086152938	        0.0095725486	        0.0015685942	        0.0040741302	        0.0002127984	        0.0020454128	        0.1000000000	        0.0010000000
        0.9088899606	        1.1527171135	        0.6553263894	       -0.0433231251	       17.7696500808	        0.0011426086	        0.0090555471	        0.0100617190	        0.0016114619	        0.0039283876	        0.0001952089	        0.0020453954	        0.1000000000	        0.0010000000
        0.9695556872	        1.1541111707	        0.6456489348	       -0.0517774031	       16.9993944997	        0.0011899993	        0.0092957791	        0.0103286435	        0.0016601096	        0.0038568200	        0.0001867297	        0.0020457245	        0.1000000000	        0.0010000000
        1.0304443128	        1.1541111707	        0.6357652649	       -0.0599023572	       16.2334396917	        0.0012456335	        0.0092957791	        0.0103286435	        0.0017135966	        0.0038568200	        0.0001867297	        0.0020457245	        0.1000000000	        0.0010000000
        1.0911100394	        1.1527171135	        0.6254575716	       -0.0688459925	       15.4767075551	        0.0013091928	        0.0090555471	        0.0100617190	        0.0017714586	        0.0039283876	        0.0001952089	        0.0020453954	        0.1000000000	        0.0010000000
        1.1511135576	        1.1498668939	        0.6144949648	       -0.0767843937	       14.7366656790	        0.0013803878	        0.0086152938	        0.0095725486	        0.0018330728	        0.0040741302	        0.0002127984	        0.0020454128	        0.1000000000	        0.0010000000
        1.2100346284	        1.1454481355	        0.6026583993	       -0.0828492907	       14.0179141167	        0.0014574704	        0.0080418868	        0.0089354298	        0.0018967696	        0.0042984296	        0.0002407104	        0.0020470120	        0.1000000000	        0.0010000000
        1.2674835104	        1.1393218008	        0.5897662375	       -0.0888935478	       13.3271927106	        0.0015390813	        0.0074084646	        0.0082316273	        0.0019615984	        0.0046058406	        0.0002806195	        0.0020517028	        0.1000000000	        0.0010000000
        1.3231105990	        1.1313549909	        0.5756863923	       -0.0939483741	       12.6673043125	        0.0016233678	        0.0067762374	        0.0075291527	        0.0020271079	        0.0049990131	        0.0003344647	        0.0020607815	        0.1000000000	        0.0010000000
        1.3766138158	        1.1214552756	        0.5603597685	       -0.0951014741	       12.0423067861	        0.0017066584	        0.0061846078	        0.0068717864	        0.0020911725	        0.0054767746	        0.0004041997	        0.0020747255	        0.1000000000	        0.0010000000
        1.4277434942	        1.1095950282	        0.5438226936	       -0.0909367297	       11.4523093449	        0.0017846254	        0.0056505330	        0.0062783700	        0.0021499898	        0.0060331719	        0.0004915706	        0.0020926999	        0.1000000000	        0.0010000000
        1.4763047249	        1.0958165954	        0.5262021209	       -0.0816732531	       10.8999149690	        0.0018535869	        0.0051740685	        0.0057489650	        0.0021995580	        0.0066579313	        0.0005980146	        0.0021124282	        0.1000000000	        0.0010000000
        1.5221573100	        1.0802178635	        0.5076854538	       -0.0662416201	       10.3846760904	        0.0019097328	        0.0047458969	        0.0052732187	        0.0022360184	        0.0073380757	        0.0007247178	        0.0021305040	        0.1000000000	        0.0010000000
        1.5652136297	        1.0629264576	        0.4884930064	       -0.0453521803	        9.9051085916	        0.0019498320	        0.0043537669	        0.0048375187	        0.0022560493	        0.0080598923	        0.0008727856	        0.0021429933	        0.1000000000	        0.0010000000
        1.6054348249	        1.0440732534	        0.4688452668	       -0.0185251167	        9.4603067977	        0.0019714589	        0.0039865970	        0.0044295523	        0.0022572327	        0.0088104672	        0.0010434314	        0.0021460736	        0.1000000000	        0.0010000000
        1.6428257449	        1.0237723132	        0.4489472966	        0.0133729330	        9.0480124814	        0.0019733191	        0.0036363575	        0.0040403972	        0.0022381075	        0.0095784192	        0.0012381039	        0.0021365209	        0.1000000000	        0.0010000000
        1.6774291124	        1.0021092374	        0.4289763328	        0.0487659098	        8.6664766246	        0.0019563232	        0.0032984177	        0.0036649086	        0.0021986234	        0.0103538774	        0.0014585123	        0.0021119812	        0.1000000000	        0.0010000000
        1.7093193206	        0.9791365926	        0.4090746555	        0.0889885764	        8.3136302674	        0.0019211315	        0.0029710680	        0.0033011867	        0.0021393668	        0.0111279440	        0.0017065402	        0.0020710543	        0.1000000000	        0.0010000000
        1.7385962156	        0.9548740462	        0.3893603072	        0.1355502298	        7.9871907588	        0.0018678428	        0.0026547219	        0.0029496910	        0.0020607834	        0.0118918794	        0.0019840498	        0.0020132534	        0.1000000000	        0.0010000000
        1.7653791443	        0.9293111797	        0.3699384735	        0.1864986961	        7.6859260476	        0.0017976201	        0.0023510964	        0.0026123293	        0.0019639217	        0.0126361722	        0.0022925693	        0.0019388967	        0.1000000000	        0.0010000000
        1.7898014704	        0.9024117224	        0.3508995285	        0.2389259911	        7.4071735243	        0.0017125944	        0.0020625105	        0.0022916783	        0.0018510690	        0.0133495849	        0.0026328462	        0.0018489757	        0.1000000000	        0.0010000000
        1.8120056873	        0.8741186671	        0.3323158144	        0.2898449753	        7.1499723186	        0.0016166950	        0.0017913517	        0.0019903908	        0.0017254604	        0.0140182234	        0.0030042459	        0.0017450211	        0.1000000000	        0.0010000000
        1.8321391985	        0.8443602504	        0.3142401285	        0.3364932930	        6.9116949510	        0.0015133568	        0.0015397094	        0.0017107883	        0.0015907994	        0.0146246874	        0.0034039771	        0.0016289814	        0.1000000000	        0.0010000000
        1.8503507799	        0.8130571280	        0.2967061544	        0.3759393429	        6.6913456560	        0.0014069195	        0.0013091546	        0.0014546163	        0.0014508774	        0.0151473925	        0.0038261593	        0.0015031192	        0.1000000000	        0.0010000000
        1.8667877045	        0.7801312644	        0.2797291520	        0.4051705635	        6.4879103773	        0.0013016837	        0.0011006354	        0.0012229282	        0.0013093068	        0.0155602310	        0.0042608067	        0.0013699243	        0.1000000000	        0.0010000000
        1.8815934821	        0.7455171077	        0.2633070408	        0.4214046966	        6.3004992801	        0.0012014035	        0.0009144592	        0.0010160657	        0.0011692758	        0.0158328289	        0.0046929130	        0.0012320423	        0.1000000000	        0.0010000000
        1.8949061510	        0.7091754976	        0.2474225379	        0.4223236997	        6.1276418759	        0.0011092734	        0.0007503364	        0.0008337071	        0.0010333450	        0.0159317537	        0.0051019680	        0.0010922133	        0.1000000000	        0.0010000000
        1.9068570493	        0.6711103872	        0.2320466689	        0.4060355157	        5.9675741949	        0.0010274315	        0.0006074633	        0.0006749593	        0.0009033471	        0.0158230691	        0.0054623997	        0.0009532134	        0.1000000000	        0.0010000000
        1.9175699947	        0.6313877962	        0.2171433491	        0.3711245676	        5.8210178529	        0.0009588335	        0.0004846283	        0.0005384759	        0.0007803997	        0.0154765463	        0.0057455208	        0.0008177894	        0.1000000000	        0.0010000000
        1.9271607996	        0.5901554304	        0.2026749237	        0.3158299420	        5.6865745088	        0.0009044398	        0.0003803282	        0.0004225868	        0.0006650484	        0.0148715173	        0.0059234241	        0.0006885783	        0.1000000000	        0.0010000000
        1.9357370589	        0.5476602211	        0.1886071064	        0.2375542497	        5.5628733041	        0.0008648995	        0.0002928844	        0.0003254271	        0.0005574964	        0.0140037210	        0.0059747679	        0.0005680037	        0.1000000000	        0.0010000000
        1.9433981504	        0.5042599660	        0.1749127838	        0.1350863466	        5.4507009587	        0.0008411033	        0.0002205525	        0.0002450583	        0.0004577868	        0.0128916330	        0.0058914979	        0.0004581493	        0.1000000000	        0.0010000000
        1.9502353978	        0.4604247857	        0.1615775581	        0.0038786247	        5.3477692311	        0.0008328584	        0.0001616170	        0.0001795745	        0.0003660625	        0.0115799958	        0.0056845524	        0.0003606221	        0.1000000000	        0.0010000000
        1.9563323538	        0.4167247106	        0.1486006173	       -0.1566089830	        5.2546839529	        0.0008399535	        0.0001144691	        0.0001271879	        0.0002827564	        0.0101381628	        0.0053861372	        0.0002764291	        0.1000000000	        0.0010000000
        1.9617651675	        0.3738013282	        0.1359990558	       -0.3498843871	        5.1700450700	        0.0008621914	        0.0000776561	        0.0000862846	        0.0002084317	        0.0086519561	        0.0050468661	        0.0002059019	        0.1000000000	        0.0010000000
        1.9666030060	        0.3324791485	        0.1238435048	       -0.5754428414	        5.0935197181	        0.0008985208	        0.0000530768	        0.0000589742	        0.0001535398	        0.0072166123	        0.0047302826	        0.0001489270	        0.1000000000	        0.0010000000
        1.9709085097	        0.2936606378	        0.1122459609	       -0.8304312805	        5.0253348931	        0.0009475780	        0.0000383539	        0.0000426154	        0.0001186494	        0.0059067132	        0.0044840436	        0.0001047778	        0.1000000000	        0.0010000000
        1.9747382607	        0.2577776335	        0.1012432401	       -1.1148272474	        4.9639737956	        0.0010083131	        0.0000267508	        0.0000297231	        0.0000882579	        0.0047519231	        0.0043206709	        0.0000717361	        0.1000000000	        0.0010000000
        1.9781432525	        0.2248676954	        0.0908114371	       -1.4277072050	        4.9088834212	        0.0010797234	        0.0000179561	        0.0000199512	        0.0000631302	        0.0037601578	        0.0042437676	        0.0000477213	        0.1000000000	        0.0010000000
        1.9811693494	        0.1949066401	        0.0809396014	       -1.7625447166	        4.8598855066	        0.0011596066	        0.0000115810	        0.0000128677	        0.0000433041	        0.0029283937	        0.0042491332	        0.0000307978	        0.1000000000	        0.0010000000
        1.9838577298	        0.1678078483	        0.0716240855	       -2.1090686731	        4.8168561086	        0.0012449485	        0.0000071722	        0.0000079691	        0.0000284434	        0.0022452483	        0.0043271634	        0.0000192478	        0.1000000000	        0.0010000000
        1.9862453073	        0.1434299499	        0.0628640515	       -2.4629106384	        4.7792133763	        0.0013340833	        0.0000042630	        0.0000047367	        0.0000178715	        0.0016942377	        0.0044654091	        0.0000116219	        0.1000000000	        0.0010000000
        1.9883651267	        0.1215915230	        0.0546571024	       -2.8226119750	        4.7461798804	        0.0014260618	        0.0000024288	        0.0000026986	        0.0000107261	        0.0012568082	        0.0046506894	        0.0000067573	        0.1000000000	        0.0010000000
        1.9902467340	        0.1020882757	        0.0469969173	       -3.1828354324	        4.7171383646	        0.0015192800	        0.0000013226	        0.0000014695	        0.0000061317	        0.0009145715	        0.0048705010	        0.0000037655	        0.1000000000	        0.0010000000
        1.9919165179	        0.0847083992	        0.0398731337	       -3.5356430319	        4.6916134020	        0.0016117945	        0.0000006847	        0.0000007608	        0.0000033212	        0.0006506300	        0.0051137671	        0.0000019975	        0.1000000000	        0.0010000000
        1.9933980257	        0.0692439015	        0.0332719527	       -3.8751081107	        4.6691843685	        0.0017020202	        0.0000003341	        0.0000003712	        0.0000016897	        0.0004501740	        0.0053711114	        0.0000009988	        0.1000000000	        0.0010000000
        1.9947122508	        0.0554977220	        0.0271765627	       -4.1972942826	        4.6494755836	        0.0017887700	        0.0000001515	        0.0000001683	        0.0000007964	        0.0003006089	        0.0056348526	        0.0000004640	        0.1000000000	        0.0010000000
        1.9958778967	        0.0432874666	        0.0215674905	       -4.4997883936	        4.6321539776	        0.0018712046	        0.0000000625	        0.0000000694	        0.0000003402	        0.0001914337	        0.0058988629	        0.0000001958	        0.1000000000	        0.0010000000
        1.9969116151	        0.0324468322	        0.0164229738	       -4.7813257250	        4.6169257951	        0.0019487769	        0.0000000226	        0.0000000251	        0.0000001271	        0.0001140089	        0.0061583755	        0.0000000723	        0.1000000000	        0.0010000000
        1.9978282231	        0.0228256218	        0.0117193875	       -5.0414922533	        4.6035328902	        0.0020211770	        0.0000000067	        0.0000000075	        0.0000000389	        0.0000612969	        0.0064097866	        0.0000000219	        0.1000000000	        0.0010000000
        1.9986408981	        0.0142889910	        0.0074317140	       -5.2804904374	        4.5917489624	        0.0020882822	        0.0000000014	        0.0000000016	        0.0000000086	        0.0000276111	        0.0066504682	        0.0000000048	        0.1000000000	        0.0010000000
        1.9993613540	        0.0067163277	        0.0035340328	       -5.4989567933	        4.5813759343	        0.0021501133	        0.0000000002	        0.0000000002	        0.0000000009	        0.0000083898	        0.0068786014	        0.0000000005	        0.1000000000	        0.0010000000
        2.0000000000	        0.0000000000	        0.0000000000	       -5.6978212781	        4.5722405834	        0.0022067976	        0.0000000000	        0.0000000000	        0.0000000000	        0.0000000000	        0.0070930286	        0.0000000000	        0.1000000000	        0.0010000000
