        0.0000000000	        0.0000000000	        1.0000000000	        4.4274750801	       26.4420673586	        0.0019935093	        0.0000000000	        0.0000000000	        0.0000000000	        0.0000000000	        0.0070930286	        0.0000000000	        0.1000000000	        0.0010000000
        0.0006386460	        0.0067163277	        0.9970443088	        4.3102274863	       26.4338669798	        0.0019478940	        0.0000000002	        0.0000000002	        0.0000000008	        0.0000083898	        0.0068786014	        0.0000000005	        0.1000000000	        0.0010000000
        0.0013591019	        0.0142889910	        0.9937797716	        4.1815199637	       26.4247699127	        0.0018978329	        0.0000000014	        0.0000000016	        0.0000000072	        0.0000276111	        0.0066504682	        0.0000000048	        0.1000000000	        0.0010000000
        0.0021717769	        0.0228256218	        0.9901835897	        4.0407634023	       26.4146884071	        0.0018431025	        0.0000000067	        0.0000000075	        0.0000000327	        0.0000612969	        0.0064097866	        0.0000000219	        0.1000000000	        0.0010000000
        0.0030883849	        0.0324468322	        0.9862336190	        3.8874872793	       26.4035240738	        0.0017835272	        0.0000000226	        0.0000000251	        0.0000001068	        0.0001140089	        0.0061583755	        0.0000000723	        0.1000000000	        0.0010000000
        0.0041221033	        0.0432874666	        0.9819090763	        3.7213872479	       26.3911637111	        0.0017189987	        0.0000000625	        0.0000000694	        0.0000002861	        0.0001914337	        0.0058988629	        0.0000001958	        0.1000000000	        0.0010000000
        0.0052877492	        0.0554977220	        0.9771914114	        3.5423787636	       26.3774725552	        0.0016494977	        0.0000001515	        0.0000001683	        0.0000006698	        0.0003006089	        0.0056348526	        0.0000004640	        0.1000000000	        0.0010000000
        0.0066019743	        0.0692439015	        0.9720653734	        3.3506537389	       26.3622835310	        0.0015751173	        0.0000003341	        0.0000003712	        0.0000014201	        0.0004501740	        0.0053711114	        0.0000009988	        0.1000000000	        0.0010000000
        0.0080834821	        0.0847083992	        0.9665203045	        3.1467342412	       26.3453803780	        0.0014960852	        0.0000006847	        0.0000007608	        0.0000027861	        0.0006506300	        0.0051137671	        0.0000019975	        0.1000000000	        0.0010000000
        0.0097532660	        0.1020882757	        0.9605516951	        2.9315125665	       26.3264715079	        0.0014127818	        0.0000013226	        0.0000014695	        0.0000051252	        0.0009145715	        0.0048705010	        0.0000037655	        0.1000000000	        0.0010000000
        0.0116348733	        0.1215915230	        0.9541630079	        2.7062598067	       26.3051499699	        0.0013257462	        0.0000024288	        0.0000026986	        0.0000089123	        0.0012568082	        0.0046506894	        0.0000067573	        0.1000000000	        0.0010000000
        0.0137546927	        0.1434299499	        0.9473676907	        2.4726106687	       26.2808751872	        0.0012356764	        0.0000042630	        0.0000047367	        0.0000147167	        0.0016942377	        0.0044654091	        0.0000116219	        0.1000000000	        0.0010000000
        0.0161422702	        0.1678078483	        0.9401911112	        2.2327491896	       26.2532795857	        0.0011435213	        0.0000071722	        0.0000079691	        0.0000231251	        0.0022452483	        0.0043271634	        0.0000192478	        0.1000000000	        0.0010000000
        0.0188306506	        0.1949066401	        0.9326718674	        1.9892557922	       26.2221992054	        0.0010504335	        0.0000115810	        0.0000128677	        0.0000345974	        0.0029283937	        0.0042491332	        0.0000307978	        0.1000000000	        0.0010000000
        0.0218567475	        0.2248676954	        0.9248615619	        1.7452324562	       26.1873356490	        0.0009577765	        0.0000179561	        0.0000199512	        0.0000492818	        0.0037601578	        0.0042437676	        0.0000477213	        0.1000000000	        0.0010000000
        0.0252617393	        0.2577776335	        0.9168221041	        1.5042523305	       26.1481057501	        0.0008670808	        0.0000267508	        0.0000297231	        0.0000668750	        0.0047519231	        0.0043206709	        0.0000717361	        0.1000000000	        0.0010000000
        0.0290914903	        0.2936606378	        0.9086201423	        1.2702526015	       26.1039338491	        0.0007800259	        0.0000383539	        0.0000426154	        0.0000866380	        0.0059067132	        0.0044840436	        0.0001047778	        0.1000000000	        0.0010000000
        0.0333969940	        0.3324791485	        0.9003193434	        1.0472581455	       26.0542672181	        0.0006983256	        0.0000530768	        0.0000589742	        0.0001072480	        0.0072166123	        0.0047302826	        0.0001489270	        0.1000000000	        0.0010000000
        0.0382348325	        0.3738013282	        0.8920285370	        0.8392237728	       25.9984352350	        0.0006236556	        0.0000776561	        0.0000862846	        0.0001382859	        0.0086519561	        0.0050468661	        0.0002059019	        0.1000000000	        0.0010000000
        0.0436676462	        0.4167247106	        0.8838940039	        0.6497174697	       25.9355766073	        0.0005575377	        0.0001144691	        0.0001271879	        0.0001770981	        0.0101381628	        0.0053861372	        0.0002764291	        0.1000000000	        0.0010000000
        0.0497646022	        0.4604247857	        0.8760080158	        0.4815998627	       25.8652073341	        0.0005012396	        0.0001616170	        0.0001795745	        0.0002155092	        0.0115799958	        0.0056845524	        0.0003606221	        0.1000000000	        0.0010000000
        0.0566018496	        0.5042599660	        0.8684034386	        0.3366351043	       25.7873010859	        0.0004556741	        0.0002205525	        0.0002450583	        0.0002528346	        0.0128916330	        0.0058914979	        0.0004581493	        0.1000000000	        0.0010000000
        0.0642629411	        0.5476602211	        0.8610796589	        0.2153105550	       25.7003185200	        0.0004213408	        0.0002928844	        0.0003254271	        0.0002890712	        0.0140037210	        0.0059747679	        0.0005680037	        0.1000000000	        0.0010000000
        0.0728392004	        0.5901554304	        0.8540083031	        0.1169556712	       25.6035393082	        0.0003983353	        0.0003803282	        0.0004225868	        0.0003248398	        0.0148715173	        0.0059234241	        0.0006885783	        0.1000000000	        0.0010000000
        0.0824300053	        0.6313877962	        0.8471412635	        0.0398309557	       25.4972075350	        0.0003863961	        0.0004846283	        0.0005384759	        0.0003610661	        0.0154765463	        0.0057455208	        0.0008177894	        0.1000000000	        0.0010000000
        0.0931429507	        0.6711103872	        0.8404189315	       -0.0184521624	       25.3792524664	        0.0003849157	        0.0006074633	        0.0006749593	        0.0003986986	        0.0158230691	        0.0054623997	        0.0009532134	        0.1000000000	        0.0010000000
        0.1050938490	        0.7091754976	        0.8337773291	       -0.0605472390	       25.2490900135	        0.0003930510	        0.0007503364	        0.0008337071	        0.0004385025	        0.0159317537	        0.0051019680	        0.0010922133	        0.1000000000	        0.0010000000
        0.1184065179	        0.7455171077	        0.8271535169	       -0.0890673988	       25.1072992508	        0.0004097429	        0.0009144592	        0.0010160657	        0.0004809356	        0.0158328289	        0.0046929130	        0.0012320423	        0.1000000000	        0.0010000000
        0.1332122955	        0.7801312644	        0.8204892751	       -0.1063581861	       24.9506481150	        0.0004337892	        0.0011006354	        0.0012229282	        0.0005260890	        0.0155602310	        0.0042608067	        0.0013699243	        0.1000000000	        0.0010000000
        0.1496492201	        0.8130571280	        0.8137335105	       -0.1145857241	       24.7806923653	        0.0004638787	        0.0013091546	        0.0014546163	        0.0005736833	        0.0151473925	        0.0038261593	        0.0015031192	        0.1000000000	        0.0010000000
        0.1678608015	        0.8443602504	        0.8068434837	       -0.1155206453	       24.5949121693	        0.0004985888	        0.0015397094	        0.0017107883	        0.0006230917	        0.0146246874	        0.0034039771	        0.0016289814	        0.1000000000	        0.0010000000
        0.1879943127	        0.8741186671	        0.7997857546	       -0.1108238622	       24.3924143288	        0.0005361858	        0.0017913517	        0.0019903908	        0.0006733899	        0.0140182234	        0.0030042459	        0.0017450211	        0.1000000000	        0.0010000000
        0.2101985296	        0.9024117224	        0.7925365384	       -0.1020286630	       24.1732746393	        0.0005750132	        0.0020625105	        0.0022916783	        0.0007234510	        0.0133495849	        0.0026328462	        0.0018489757	        0.1000000000	        0.0010000000
        0.2346208557	        0.9293111797	        0.7850817378	       -0.0905682639	       23.9363599873	        0.0006135024	        0.0023510964	        0.0026123293	        0.0007720628	        0.0126361722	        0.0022925693	        0.0019388967	        0.1000000000	        0.0010000000
        0.2614037844	        0.9548740462	        0.7774167203	       -0.0775443736	       23.6804621682	        0.0006503086	        0.0026547219	        0.0029496910	        0.0008180212	        0.0118918794	        0.0019840498	        0.0020132534	        0.1000000000	        0.0010000000
        0.2906806794	        0.9791365926	        0.7695467588	       -0.0639847357	       23.4055581637	        0.0006843928	        0.0029710680	        0.0033011867	        0.0008602223	        0.0111279440	        0.0017065402	        0.0020710543	        0.1000000000	        0.0010000000
        0.3225708876	        1.0021092374	        0.7614874338	       -0.0506844907	       23.1098309394	        0.0007147525	        0.0032984177	        0.0036649086	        0.0008977620	        0.0103538774	        0.0014585123	        0.0021119812	        0.1000000000	        0.0010000000
        0.3571742551	        1.0237723132	        0.7532655969	       -0.0381283145	       22.7935095809	        0.0007401824	        0.0036363575	        0.0040403972	        0.0009299676	        0.0095784192	        0.0012381039	        0.0021365209	        0.1000000000	        0.0010000000
        0.3945651751	        1.0440732534	        0.7449212871	       -0.0270498170	       22.4561209462	        0.0007599317	        0.0039865970	        0.0044295523	        0.0009565239	        0.0088104672	        0.0010434314	        0.0021460736	        0.1000000000	        0.0010000000
        0.4347863703	        1.0629264576	        0.7365077245	       -0.0178214185	       22.0980092059	        0.0007741979	        0.0043537669	        0.0048375187	        0.0009775790	        0.0080598923	        0.0008727856	        0.0021429933	        0.1000000000	        0.0010000000
        0.4778426900	        1.0802178635	        0.7280912688	       -0.0103753201	       21.7177195795	        0.0007837102	        0.0047458969	        0.0052732187	        0.0009936181	        0.0073380757	        0.0007247178	        0.0021305040	        0.1000000000	        0.0010000000
        0.5236952751	        1.0958165954	        0.7197509492	       -0.0045179616	       21.3162700911	        0.0007895082	        0.0051740685	        0.0057489650	        0.0010053131	        0.0066579313	        0.0005980146	        0.0021124282	        0.1000000000	        0.0010000000
        0.5722565058	        1.1095950282	        0.7115746583	       -0.0002427198	       20.8946686126	        0.0007921286	        0.0056505330	        0.0062783700	        0.0010135022	        0.0060331719	        0.0004915706	        0.0020926999	        0.1000000000	        0.0010000000
        0.6233861842	        1.1214552756	        0.7036490823	        0.0018148524	       20.4533063617	        0.0007916235	        0.0061846078	        0.0068717864	        0.0010194303	        0.0054767746	        0.0004041997	        0.0020747255	        0.1000000000	        0.0010000000
        0.6768894010	        1.1313549909	        0.6960413532	        0.0017265161	       19.9947242829	        0.0007896216	        0.0067762374	        0.0075291527	        0.0010246779	        0.0049990131	        0.0003344647	        0.0020607815	        0.1000000000	        0.0010000000
        0.7325164896	        1.1393218008	        0.6887844763	       -0.0004580383	       19.5191421598	        0.0007884501	        0.0074084646	        0.0082316273	        0.0010308332	        0.0046058406	        0.0002806195	        0.0020517028	        0.1000000000	        0.0010000000
        0.7899653716	        1.1454481355	        0.6818673812	       -0.0043196513	       19.0299521377	        0.0007906751	        0.0080418868	        0.0089354298	        0.0010392931	        0.0042984296	        0.0002407104	        0.0020470120	        0.1000000000	        0.0010000000
        0.8488864424	        1.1498668939	        0.6752349156	       -0.0100726271	       18.5292807916	        0.0007978301	        0.0086152938	        0.0095725486	        0.0010513632	        0.0040741302	        0.0002127984	        0.0020454128	        0.1000000000	        0.0010000000
        0.9088899606	        1.1527171135	        0.6687908629	       -0.0176815063	       18.0205247811	        0.0008117014	        0.0090555471	        0.0100617190	        0.0010684575	        0.0039283876	        0.0001952089	        0.0020453954	        0.1000000000	        0.0010000000
        0.9695556872	        1.1541111707	        0.6624057072	       -0.0265937906	       17.5068637345	        0.0008338418	        0.0092957791	        0.0103286435	        0.0010917417	        0.0038568200	        0.0001867297	        0.0020457245	        0.1000000000	        0.0010000000
        1.0304443128	        1.1541111707	        0.6559268357	       -0.0350458793	       16.9918159187	        0.0008645237	        0.0092957791	        0.0103286435	        0.0011212629	        0.0038568200	        0.0001867297	        0.0020457245	        0.1000000000	        0.0010000000
        1.0911100394	        1.1527171135	        0.6491938310	       -0.0430582505	       16.4786981194	        0.0009037975	        0.0090555471	        0.0100617190	        0.0011562047	        0.0039283876	        0.0001952089	        0.0020453954	        0.1000000000	        0.0010000000
        1.1511135576	        1.1498668939	        0.6420440269	       -0.0496914766	       15.9720819446	        0.0009501542	        0.0086152938	        0.0095725486	        0.0011953452	        0.0040741302	        0.0002127984	        0.0020454128	        0.1000000000	        0.0010000000
        1.2100346284	        1.1454481355	        0.6343265096	       -0.0549939578	       15.4727021683	        0.0010013429	        0.0080418868	        0.0089354298	        0.0012371586	        0.0042984296	        0.0002407104	        0.0020470120	        0.1000000000	        0.0010000000
        1.2674835104	        1.1393218008	        0.6259148364	       -0.0589163616	       14.9868857876	        0.0010542165	        0.0074084646	        0.0082316273	        0.0012802844	        0.0046058406	        0.0002806195	        0.0020517028	        0.1000000000	        0.0010000000
        1.3231105990	        1.1313549909	        0.6167225808	       -0.0609825670	       14.5145823367	        0.0011083674	        0.0067762374	        0.0075291527	        0.0013232782	        0.0049990131	        0.0003344647	        0.0020607815	        0.1000000000	        0.0010000000
        1.3766138158	        1.1214552756	        0.6067185521	       -0.0614307630	       14.0598712773	        0.0011638553	        0.0061846078	        0.0068717864	        0.0013646913	        0.0054767746	        0.0004041997	        0.0020747255	        0.1000000000	        0.0010000000
        1.4277434942	        1.1095950282	        0.5959284506	       -0.0595405093	       13.6215374918	        0.0012161758	        0.0056505330	        0.0062783700	        0.0014029037	        0.0060331719	        0.0004915706	        0.0020926999	        0.1000000000	        0.0010000000
        1.4763047249	        1.0958165954	        0.5844301256	       -0.0549973442	       13.2050626943	        0.0012615674	        0.0051740685	        0.0057489650	        0.0014359388	        0.0066579313	        0.0005980146	        0.0021124282	        0.1000000000	        0.0010000000
        1.5221573100	        1.0802178635	        0.5723369540	       -0.0480562709	       12.8080879522	        0.0012992136	        0.0047458969	        0.0052732187	        0.0014619495	        0.0073380757	        0.0007247178	        0.0021305040	        0.1000000000	        0.0010000000
        1.5652136297	        1.0629264576	        0.5597752206	       -0.0381265141	       12.4330070414	        0.0013293021	        0.0043537669	        0.0048375187	        0.0014792509	        0.0080598923	        0.0008727856	        0.0021429933	        0.1000000000	        0.0010000000
        1.6054348249	        1.0440732534	        0.5468701422	       -0.0248223738	       12.0780278544	        0.0013506407	        0.0039865970	        0.0044295523	        0.0014862437	        0.0088104672	        0.0010434314	        0.0021460736	        0.1000000000	        0.0010000000
        1.6428257449	        1.0237723132	        0.5337368933	       -0.0089014699	       11.7454446292	        0.0013614178	        0.0036363575	        0.0040403972	        0.0014819018	        0.0095784192	        0.0012381039	        0.0021365209	        0.1000000000	        0.0010000000
        1.6774291124	        1.0021092374	        0.5204720152	        0.0082927284	       11.4328820751	        0.0013619732	        0.0032984177	        0.0036649086	        0.0014661605	        0.0103538774	        0.0014585123	        0.0021119812	        0.1000000000	        0.0010000000
        1.7093193206	        0.9791365926	        0.5071476683	        0.0254543815	       11.1411841553	        0.0013529865	        0.0029710680	        0.0033011867	        0.0014398088	        0.0111279440	        0.0017065402	        0.0020710543	        0.1000000000	        0.0010000000
        1.7385962156	        0.9548740462	        0.4938101543	        0.0412864960	       10.8691815256	        0.0013364477	        0.0026547219	        0.0029496910	        0.0014041888	        0.0118918794	        0.0019840498	        0.0020132534	        0.1000000000	        0.0010000000
        1.7653791443	        0.9293111797	        0.4804808243	        0.0539047965	       10.6157356998	        0.0013149342	        0.0023510964	        0.0026123293	        0.0013610333	        0.0126361722	        0.0022925693	        0.0019388967	        0.1000000000	        0.0010000000
        1.7898014704	        0.9024117224	        0.4671561369	        0.0611088046	       10.3809874968	        0.0012912962	        0.0020625105	        0.0022916783	        0.0013123352	        0.0133495849	        0.0026328462	        0.0018489757	        0.1000000000	        0.0010000000
        1.8120056873	        0.8741186671	        0.4538078373	        0.0600805579	       10.1642863049	        0.0012684753	        0.0017913517	        0.0019903908	        0.0012601711	        0.0140182234	        0.0030042459	        0.0017450211	        0.1000000000	        0.0010000000
        1.8321391985	        0.8443602504	        0.4403823463	        0.0477329946	        9.9633007200	        0.0012496528	        0.0015397094	        0.0017107883	        0.0012064908	        0.0146246874	        0.0034039771	        0.0016289814	        0.1000000000	        0.0010000000
        1.8503507799	        0.8130571280	        0.4268008321	        0.0211500601	        9.7785194155	        0.0012383065	        0.0013091546	        0.0014546163	        0.0011528065	        0.0151473925	        0.0038261593	        0.0015031192	        0.1000000000	        0.0010000000
        1.8667877045	        0.7801312644	        0.4129613676	       -0.0225889688	        9.6090634765	        0.0012376166	        0.0011006354	        0.0012229282	        0.0010999256	        0.0155602310	        0.0042608067	        0.0013699243	        0.1000000000	        0.0010000000
        1.8815934821	        0.7455171077	        0.3987428243	       -0.0864709590	        9.4543252785	        0.0012501817	        0.0009144592	        0.0010160657	        0.0010478103	        0.0158328289	        0.0046929130	        0.0012320423	        0.1000000000	        0.0010000000
        1.8949061510	        0.7091754976	        0.3840107959	       -0.1734973815	        9.3132470992	        0.0012780479	        0.0007503364	        0.0008337071	        0.0009955384	        0.0159317537	        0.0051019680	        0.0010922133	        0.1000000000	        0.0010000000
        1.9068570493	        0.6711103872	        0.3686261656	       -0.2869968935	        9.1843054080	        0.0013229838	        0.0006074633	        0.0006749593	        0.0009414025	        0.0158230691	        0.0054623997	        0.0009532134	        0.1000000000	        0.0010000000
        1.9175699947	        0.6313877962	        0.3524560338	       -0.4273569161	        9.0682178191	        0.0013853613	        0.0004846283	        0.0005384759	        0.0008830110	        0.0154765463	        0.0057455208	        0.0008177894	        0.1000000000	        0.0010000000
        1.9271607996	        0.5901554304	        0.3353924619	       -0.5952695235	        8.9634370493	        0.0014654406	        0.0003803282	        0.0004225868	        0.0008176736	        0.0148715173	        0.0059234241	        0.0006885783	        0.1000000000	        0.0010000000
        1.9357370589	        0.5476602211	        0.3173708718	       -0.7900470896	        8.8686990439	        0.0015630425	        0.0002928844	        0.0003254271	        0.0007430804	        0.0140037210	        0.0059747679	        0.0005680037	        0.1000000000	        0.0010000000
        1.9433981504	        0.5042599660	        0.2983886274	       -1.0051553655	        8.7845595684	        0.0016750333	        0.0002205525	        0.0002450583	        0.0006579109	        0.0128916330	        0.0058914979	        0.0004581493	        0.1000000000	        0.0010000000
        1.9502353978	        0.4604247857	        0.2785252012	       -1.2388094886	        8.7088634859	        0.0018010441	        0.0001616170	        0.0001795745	        0.0005626504	        0.0115799958	        0.0056845524	        0.0003606221	        0.1000000000	        0.0010000000
        1.9563323538	        0.4167247106	        0.2579459422	       -1.4818253543	        8.6416564768	        0.0019365655	        0.0001144691	        0.0001271879	        0.0004601246	        0.0101381628	        0.0053861372	        0.0002764291	        0.1000000000	        0.0010000000
        1.9617651675	        0.3738013282	        0.2369017454	       -1.7296676705	        8.5816714727	        0.0020797877	        0.0000776561	        0.0000862846	        0.0003550572	        0.0086519561	        0.0050468661	        0.0002059019	        0.1000000000	        0.0010000000
        1.9666030060	        0.3324791485	        0.2157729295	       -1.9751672644	        8.5283223103	        0.0022270763	        0.0000530768	        0.0000589742	        0.0002706425	        0.0072166123	        0.0047302826	        0.0001489270	        0.1000000000	        0.0010000000
        1.9709085097	        0.2936606378	        0.1950324748	       -2.2110547984	        8.4814570871	        0.0023741734	        0.0000383539	        0.0000426154	        0.0002140298	        0.0059067132	        0.0044840436	        0.0001047778	        0.1000000000	        0.0010000000
        1.9747382607	        0.2577776335	        0.1750046528	       -2.4364202758	        8.4397261756	        0.0025200999	        0.0000267508	        0.0000297231	        0.0001613076	        0.0047519231	        0.0043206709	        0.0000717361	        0.1000000000	        0.0010000000
        1.9781432525	        0.2248676954	        0.1558569403	       -2.6492003255	        8.4024743867	        0.0026633257	        0.0000179561	        0.0000199512	        0.0001159043	        0.0037601578	        0.0042437676	        0.0000477213	        0.1000000000	        0.0010000000
        1.9811693494	        0.1949066401	        0.1377280721	       -2.8466804120	        8.3694490524	        0.0028013512	        0.0000115810	        0.0000128677	        0.0000793039	        0.0029283937	        0.0042491332	        0.0000307978	        0.1000000000	        0.0010000000
        1.9838577298	        0.1678078483	        0.1207186202	       -3.0262896330	        8.3405491800	        0.0029313110	        0.0000071722	        0.0000079691	        0.0000516769	        0.0022452483	        0.0043271634	        0.0000192478	        0.1000000000	        0.0010000000
        1.9862453073	        0.1434299499	        0.1048878114	       -3.1885785178	        8.3152259197	        0.0030526851	        0.0000042630	        0.0000047367	        0.0000320867	        0.0016942377	        0.0044654091	        0.0000116219	        0.1000000000	        0.0010000000
        1.9883651267	        0.1215915230	        0.0902558900	       -3.3356455622	        8.2927605634	        0.0031661830	        0.0000024288	        0.0000026986	        0.0000189800	        0.0012568082	        0.0046506894	        0.0000067573	        0.1000000000	        0.0010000000
        1.9902467340	        0.1020882757	        0.0768106101	       -3.4687185447	        8.2727387978	        0.0032718504	        0.0000013226	        0.0000014695	        0.0000106759	        0.0009145715	        0.0048705010	        0.0000037655	        0.1000000000	        0.0010000000
        1.9919165179	        0.0847083992	        0.0645154697	       -3.5882273268	        8.2549976676	        0.0033691651	        0.0000006847	        0.0000007608	        0.0000056849	        0.0006506300	        0.0051137671	        0.0000019975	        0.1000000000	        0.0010000000
        1.9933980257	        0.0692439015	        0.0533174909	       -3.6948998890	        8.2393571640	        0.0034579990	        0.0000003341	        0.0000003712	        0.0000028429	        0.0004501740	        0.0053711114	        0.0000009988	        0.1000000000	        0.0010000000
        1.9947122508	        0.0554977220	        0.0431535017	       -3.7896979440	        8.2256168922	        0.0035385556	        0.0000001515	        0.0000001683	        0.0000013175	        0.0003006089	        0.0056348526	        0.0000004640	        0.1000000000	        0.0010000000
        1.9958778967	        0.0432874666	        0.0339548360	       -3.8736804964	        8.2135742181	        0.0036112395	        0.0000000625	        0.0000000694	        0.0000005538	        0.0001914337	        0.0058988629	        0.0000001958	        0.1000000000	        0.0010000000
        1.9969116151	        0.0324468322	        0.0256506933	       -3.9479188215	        8.2030348770	        0.0036765668	        0.0000000226	        0.0000000251	        0.0000002037	        0.0001140089	        0.0061583755	        0.0000000723	        0.1000000000	        0.0010000000
        1.9978282231	        0.0228256218	        0.0181704730	       -4.0134457241	        8.1938186819	        0.0037351066	        0.0000000067	        0.0000000075	        0.0000000615	        0.0000612969	        0.0064097866	        0.0000000219	        0.1000000000	        0.0010000000
        1.9986408981	        0.0142889910	        0.0114453585	       -4.0712273386	        8.1857621122	        0.0037874417	        0.0000000014	        0.0000000016	        0.0000000133	        0.0000276111	        0.0066504682	        0.0000000048	        0.1000000000	        0.0010000000
        1.9993613540	        0.0067163277	        0.0054093641	       -4.1221494912	        8.1787189743	        0.0038341442	        0.0000000002	        0.0000000002	        0.0000000015	        0.0000083898	        0.0068786014	        0.0000000005	        0.1000000000	        0.0010000000
        2.0000000000	        0.0000000000	        0.0000000000	       -4.1670132414	        8.1725599211	        0.0038757602	        0.0000000000	        0.0000000000	        0.0000000000	        0.0000000000	        0.0070930286	        0.0000000000	        0.1000000000	        0.0010000000
