        0.0000000000	        0.0000000000	        1.0000000000	        3.3768852974	       26.3553500458	        0.0009604539	        0.0000000000	        0.0000000000	        0.0000000000	        0.0000000000	        0.0057059238	        0.0000000000	        0.1000000000	        0.0010000000
        0.0006386460	        0.0058404182	        0.9973149326	        3.3031988982	       26.3494043574	        0.0009415395	        0.0000000000	        0.0000000001	        0.0000000002	        0.0000052364	        0.0055720940	        0.0000000002	        0.1000000000	        0.0010000000
        0.0013591019	        0.0124249822	        0.9943393124	        3.2218020402	       26.3427363808	        0.0009206870	        0.0000000004	        0.0000000005	        0.0000000020	        0.0000172822	        0.0054279842	        0.0000000020	        0.1000000000	        0.0010000000
        0.0021717769	        0.0198471143	        0.9910491574	        3.1321478910	       26.3352606232	        0.0008977710	        0.0000000021	        0.0000000023	        0.0000000093	        0.0000384889	        0.0052738434	        0.0000000091	        0.1000000000	        0.0010000000
        0.0030883849	        0.0282115404	        0.9874203808	        3.0337231532	       26.3268807299	        0.0008726785	        0.0000000071	        0.0000000079	        0.0000000308	        0.0000718382	        0.0051102665	        0.0000000303	        0.1000000000	        0.0010000000
        0.0041221033	        0.0376354817	        0.9834293425	        2.9260729423	       26.3174873000	        0.0008453159	        0.0000000198	        0.0000000220	        0.0000000837	        0.0001210865	        0.0049382882	        0.0000000829	        0.1000000000	        0.0010000000
        0.0052877492	        0.0482498595	        0.9790535513	        2.8088311152	       26.3069548547	        0.0008156178	        0.0000000484	        0.0000000538	        0.0000001990	        0.0001909366	        0.0047594945	        0.0000001991	        0.1000000000	        0.0010000000
        0.0066019743	        0.0602004196	        0.9742725448	        2.6817559408	       26.2951375455	        0.0007835565	        0.0000001080	        0.0000001200	        0.0000004295	        0.0002872387	        0.0045761517	        0.0000004352	        0.1000000000	        0.0010000000
        0.0080834821	        0.0736486052	        0.9690689831	        2.5447701806	       26.2818629939	        0.0007491529	        0.0000002244	        0.0000002493	        0.0000008599	        0.0004172188	        0.0043913541	        0.0000008851	        0.1000000000	        0.0010000000
        0.0097532660	        0.0887718808	        0.9634299951	        2.3980032604	       26.2669233684	        0.0007124877	        0.0000004406	        0.0000004896	        0.0000016196	        0.0005897276	        0.0042091870	        0.0000016996	        0.1000000000	        0.0010000000
        0.0116348733	        0.1057630341	        0.9573488236	        2.2418309778	       26.2500623931	        0.0006737103	        0.0000008252	        0.0000009169	        0.0000028948	        0.0008154847	        0.0040348964	        0.0000031126	        0.1000000000	        0.0010000000
        0.0137546927	        0.1248277516	        0.9508267938	        2.0769130666	       26.2309628985	        0.0006330481	        0.0000014830	        0.0000016477	        0.0000049367	        0.0011072683	        0.0038750405	        0.0000054742	        0.1000000000	        0.0010000000
        0.0161422702	        0.1461795630	        0.9438755615	        1.9042770240	       26.2092801923	        0.0005908335	        0.0000025662	        0.0000028514	        0.0000080554	        0.0014799512	        0.0037375743	        0.0000092902	        0.1000000000	        0.0010000000
        0.0188306506	        0.1700312317	        0.9365194314	        1.7253197205	       26.1846377919	        0.0005475018	        0.0000042842	        0.0000047603	        0.0000125891	        0.0019502203	        0.0036317811	        0.0000152656	        0.1000000000	        0.0010000000
        0.0218567475	        0.1965821601	        0.9287972175	        1.5418771761	       26.1568030861	        0.0005036036	        0.0000069039	        0.0000076710	        0.0000188370	        0.0025357548	        0.0035679154	        0.0000243441	        0.1000000000	        0.0010000000
        0.0252617393	        0.2260026364	        0.9207627209	        1.3562313218	       26.1257823244	        0.0004597998	        0.0000107365	        0.0000119294	        0.0000269613	        0.0032536330	        0.0035563995	        0.0000377346	        0.1000000000	        0.0010000000
        0.0290914903	        0.2584176235	        0.9124826452	        1.1711425591	       26.0907335023	        0.0004168514	        0.0000161085	        0.0000178984	        0.0000368924	        0.0041178792	        0.0036064536	        0.0000569147	        0.1000000000	        0.0010000000
        0.0333969940	        0.2938941090	        0.9040311369	        0.9897356511	       26.0502850595	        0.0003755852	        0.0000233256	        0.0000259174	        0.0000482963	        0.0051363949	        0.0037241923	        0.0000836018	        0.1000000000	        0.0010000000
        0.0382348325	        0.3324351720	        0.8954812633	        0.8153057022	       26.0049636225	        0.0003368750	        0.0000326481	        0.0000362757	        0.0000606533	        0.0063079259	        0.0039104875	        0.0001196922	        0.1000000000	        0.0010000000
        0.0436676462	        0.3739805845	        0.8868951638	        0.6512561288	       25.9541656315	        0.0003015749	        0.0000442953	        0.0000492169	        0.0000730604	        0.0076199282	        0.0041591630	        0.0001671756	        0.1000000000	        0.0010000000
        0.0497646022	        0.4180142772	        0.8784017440	        0.5008061248	       25.8962344324	        0.0002704793	        0.0000640218	        0.0000711354	        0.0000922299	        0.0090378783	        0.0044566855	        0.0002275332	        0.1000000000	        0.0010000000
        0.0566018496	        0.4635837709	        0.8701599096	        0.3665289074	       25.8313739292	        0.0002442656	        0.0000923793	        0.0001026437	        0.0001146400	        0.0104812118	        0.0047577324	        0.0003011805	        0.1000000000	        0.0010000000
        0.0642629411	        0.5098739894	        0.8622414510	        0.2501078470	       25.7596444458	        0.0002234210	        0.0001282789	        0.0001425321	        0.0001364096	        0.0118549360	        0.0050083880	        0.0003879398	        0.1000000000	        0.0010000000
        0.0728392004	        0.5562291623	        0.8546504393	        0.1522067551	       25.6784360535	        0.0002082436	        0.0001727295	        0.0001919216	        0.0001575329	        0.0130748335	        0.0051671135	        0.0004870693	        0.1000000000	        0.0010000000
        0.0824300053	        0.6020640300	        0.8473578943	        0.0723817322	       25.5890655543	        0.0001988167	        0.0002267954	        0.0002519949	        0.0001782886	        0.0140749360	        0.0052093132	        0.0005970815	        0.1000000000	        0.0010000000
        0.0931429507	        0.6468937906	        0.8403117070	        0.0093248498	       25.4899507674	        0.0001950657	        0.0002915441	        0.0003239379	        0.0001991899	        0.0148147825	        0.0051292102	        0.0007158455	        0.1000000000	        0.0010000000
        0.1050938490	        0.6903475455	        0.8334464336	       -0.0388115003	       25.3794728603	        0.0001967424	        0.0003679799	        0.0004088665	        0.0002208042	        0.0152802730	        0.0049372571	        0.0008407417	        0.1000000000	        0.0010000000
        0.1184065179	        0.7321667801	        0.8266913671	       -0.0740682717	       25.2577145449	        0.0002035040	        0.0004569694	        0.0005077437	        0.0002436224	        0.0154795505	        0.0046547416	        0.0009688335	        0.1000000000	        0.0010000000
        0.1332122955	        0.7721927305	        0.8199763924	       -0.0983163297	       25.1243125106	        0.0002148896	        0.0005591664	        0.0006212960	        0.0002679759	        0.0154363580	        0.0043077637	        0.0010970281	        0.1000000000	        0.0010000000
        0.1496492201	        0.8103472569	        0.8132361195	       -0.1133009755	       24.9778762873	        0.0002303527	        0.0006749447	        0.0007499386	        0.0002939920	        0.0151831329	        0.0039222501	        0.0012222165	        0.1000000000	        0.0010000000
        0.1678608015	        0.8466112765	        0.8064124839	       -0.1205055013	       24.8168222221	        0.0002492641	        0.0008043526	        0.0008937251	        0.0003215790	        0.0147552870	        0.0035207514	        0.0013413966	        0.1000000000	        0.0010000000
        0.1879943127	        0.8810035883	        0.7994566516	       -0.1212673444	       24.6426112876	        0.0002708796	        0.0009471073	        0.0010523414	        0.0003504300	        0.0141872483	        0.0031209799	        0.0014517882	        0.1000000000	        0.0010000000
        0.2101985296	        0.9135616288	        0.7923305150	       -0.1168958722	       24.4519913384	        0.0002943636	        0.0011026516	        0.0012251684	        0.0003800538	        0.0135102316	        0.0027356451	        0.0015509528	        0.1000000000	        0.0010000000
        0.2346208557	        0.9443246782	        0.7850079154	       -0.1087330547	       24.2440468154	        0.0003188054	        0.0012703012	        0.0014114458	        0.0004098351	        0.0127514085	        0.0023730549	        0.0016369300	        0.1000000000	        0.0010000000
        0.2614037844	        0.9733194387	        0.7774757150	       -0.0980586206	       24.0201616906	        0.0003432663	        0.0014495155	        0.0016105728	        0.0004391104	        0.0119340841	        0.0020380521	        0.0017083973	        0.1000000000	        0.0010000000
        0.2906806794	        1.0005477751	        0.7697352107	       -0.0859748398	       23.7787073600	        0.0003670039	        0.0016403238	        0.0018225820	        0.0004672363	        0.0110785367	        0.0017330045	        0.0017648514	        0.1000000000	        0.0010000000
        0.3225708876	        1.0259767841	        0.7618044073	       -0.0736841218	       23.5182960225	        0.0003894610	        0.0018439266	        0.0020488074	        0.0004936847	        0.0102032524	        0.0014586918	        0.0018067983	        0.1000000000	        0.0010000000
        0.3571742551	        1.0495322824	        0.7537198839	       -0.0620685516	       23.2377896015	        0.0004103258	        0.0020634493	        0.0022927215	        0.0005181266	        0.0093263110	        0.0012150156	        0.0018359116	        0.1000000000	        0.0010000000
        0.3945651751	        1.0710982624	        0.7455390970	       -0.0517228684	       22.9380111071	        0.0004291770	        0.0023047275	        0.0025608083	        0.0005404608	        0.0084666285	        0.0010014939	        0.0018550861	        0.1000000000	        0.0010000000
        0.4347863703	        1.0905263565	        0.7373415401	       -0.0430945550	       22.6181808174	        0.0004459711	        0.0025768237	        0.0028631374	        0.0005608345	        0.0076446245	        0.0008175117	        0.0018682754	        0.1000000000	        0.0010000000
        0.4778426900	        1.1076593571	        0.7292255666	       -0.0361721596	       22.2767007658	        0.0004608788	        0.0028917116	        0.0032130129	        0.0005795918	        0.0068817862	        0.0006623157	        0.0018800047	        0.1000000000	        0.0010000000
        0.5236952751	        1.1223688849	        0.7212996147	       -0.0311071158	       21.9143259331	        0.0004741958	        0.0032623307	        0.0036248119	        0.0005972060	        0.0061987670	        0.0005347972	        0.0018945454	        0.1000000000	        0.0010000000
        0.5722565058	        1.1345982223	        0.7136641940	       -0.0280082362	       21.5321969457	        0.0004864537	        0.0036983384	        0.0041092649	        0.0006142365	        0.0056123414	        0.0004332105	        0.0019149583	        0.1000000000	        0.0010000000
        0.6233861842	        1.1443919730	        0.7063898786	       -0.0273370664	       21.1293828226	        0.0004986145	        0.0041997571	        0.0046663968	        0.0006313331	        0.0051324851	        0.0003550422	        0.0019424275	        0.1000000000	        0.0010000000
        0.6768894010	        1.1518951018	        0.6994980092	       -0.0295548537	       20.7074133365	        0.0005119281	        0.0047503821	        0.0052782023	        0.0006493257	        0.0047612103	        0.0002971821	        0.0019762574	        0.1000000000	        0.0010000000
        0.7325164896	        1.1573193241	        0.6929533010	       -0.0341231472	       20.2674294569	        0.0005273717	        0.0053143868	        0.0059048742	        0.0006690807	        0.0044938805	        0.0002563450	        0.0020145219	        0.1000000000	        0.0010000000
        0.7899653716	        1.1608927892	        0.6866730287	       -0.0408576911	       19.8110277258	        0.0005462498	        0.0058395558	        0.0064883954	        0.0006913908	        0.0043222351	        0.0002295419	        0.0020549600	        0.1000000000	        0.0010000000
        0.8488864424	        1.1628138804	        0.6805399528	       -0.0495146344	       19.3405629709	        0.0005697489	        0.0062681138	        0.0069645709	        0.0007170503	        0.0042376189	        0.0002144178	        0.0020956847	        0.1000000000	        0.0010000000
        0.9088899606	        1.1632214083	        0.6744149557	       -0.0593672549	       18.8577322128	        0.0005983887	        0.0065520230	        0.0072800255	        0.0007466950	        0.0042333050	        0.0002094026	        0.0021355338	        0.1000000000	        0.0010000000
        0.9695556872	        1.1621828052	        0.6681484165	       -0.0699210084	       18.3658036182	        0.0006330254	        0.0066664862	        0.0074072069	        0.0007806890	        0.0043055799	        0.0002137200	        0.0021741307	        0.1000000000	        0.0010000000
        1.0304443128	        1.1596968111	        0.6615879900	       -0.0813807676	       17.8674965108	        0.0006743947	        0.0066157007	        0.0073507786	        0.0008193297	        0.0044537362	        0.0002273177	        0.0022117885	        0.1000000000	        0.0010000000
        1.0911100394	        1.1557070818	        0.6545832328	       -0.0921401372	       17.3664373927	        0.0007215284	        0.0064287626	        0.0071430696	        0.0008625265	        0.0046792255	        0.0002507555	        0.0022493304	        0.1000000000	        0.0010000000
        1.1511135576	        1.1501243327	        0.6469997674	       -0.1006786360	       16.8671796508	        0.0007727598	        0.0061484537	        0.0068316152	        0.0009093390	        0.0049842006	        0.0002850587	        0.0022878249	        0.1000000000	        0.0010000000
        1.2100346284	        1.1428542503	        0.6387354187	       -0.1074685867	       16.3697140315	        0.0008275752	        0.0058184275	        0.0064649194	        0.0009585412	        0.0053697426	        0.0003315340	        0.0023282168	        0.1000000000	        0.0010000000
        1.2674835104	        1.1338261342	        0.6297274634	       -0.1121032247	       15.8806699847	        0.0008831843	        0.0054736923	        0.0060818803	        0.0010089082	        0.0058342249	        0.0003915644	        0.0023708850	        0.1000000000	        0.0010000000
        1.3231105990	        1.1230151201	        0.6199594372	       -0.1142320873	       15.4008198348	        0.0009394324	        0.0051364777	        0.0057071974	        0.0010590135	        0.0063723530	        0.0004664255	        0.0024152467	        0.1000000000	        0.0010000000
        1.3766138158	        1.1104516468	        0.6094604050	       -0.1126336158	       14.9344364552	        0.0009946088	        0.0048168589	        0.0053520654	        0.0011070847	        0.0069752387	        0.0005571812	        0.0024595673	        0.1000000000	        0.0010000000
        1.4277434942	        1.0962163658	        0.5983005864	       -0.1063332425	       14.4809914721	        0.0010446501	        0.0045160676	        0.0050178529	        0.0011509799	        0.0076314392	        0.0006646892	        0.0025010732	        0.1000000000	        0.0010000000
        1.4763047249	        1.0804242405	        0.5865808133	       -0.0946286363	       14.0444331113	        0.0010871622	        0.0042304360	        0.0047004844	        0.0011884640	        0.0083284870	        0.0007897049	        0.0025363263	        0.1000000000	        0.0010000000
        1.5221573100	        1.0632045751	        0.5744195781	       -0.0787680955	       13.6256592238	        0.0011222791	        0.0039546679	        0.0043940754	        0.0012177794	        0.0090543252	        0.0009330286	        0.0025617195	        0.1000000000	        0.0010000000
        1.5652136297	        1.0446829849	        0.5619347331	       -0.0590596849	       13.2254323240	        0.0011492638	        0.0036839793	        0.0040933104	        0.0012378653	        0.0097982520	        0.0010956415	        0.0025739376	        0.1000000000	        0.0010000000
        1.6054348249	        1.0249684782	        0.5492338740	       -0.0356611727	       12.8441211350	        0.0011672840	        0.0034151538	        0.0037946153	        0.0012481063	        0.0105512707	        0.0012787897	        0.0025702905	        0.1000000000	        0.0010000000
        1.6428257449	        1.0041460644	        0.5364096776	       -0.0077651357	       12.4816762280	        0.0011752691	        0.0031468217	        0.0034964685	        0.0012481224	        0.0113059496	        0.0014840052	        0.0025488938	        0.1000000000	        0.0010000000
        1.6774291124	        0.9822737837	        0.5235414359	        0.0242153169	       12.1390489602	        0.0011728568	        0.0028792740	        0.0031991933	        0.0012377863	        0.0120559668	        0.0017130617	        0.0025087196	        0.1000000000	        0.0010000000
        1.7093193206	        0.9593826798	        0.5106943243	        0.0583667874	       11.8165249018	        0.0011614417	        0.0026140654	        0.0029045171	        0.0012175488	        0.0127954915	        0.0019678692	        0.0024495585	        0.1000000000	        0.0010000000
        1.7385962156	        0.9354785050	        0.4979161818	        0.0922688590	       11.5118351687	        0.0011419903	        0.0023535606	        0.0026150674	        0.0011885214	        0.0135184981	        0.0022503037	        0.0023719275	        0.1000000000	        0.0010000000
        1.7653791443	        0.9105443614	        0.4852350068	        0.1235370927	       11.2250093086	        0.0011166353	        0.0021005085	        0.0023338984	        0.0011522852	        0.0142180628	        0.0025619610	        0.0022769554	        0.1000000000	        0.0010000000
        1.7898014704	        0.8845438562	        0.4726581280	        0.1500860650	       10.9571314017	        0.0010870721	        0.0018576857	        0.0020640952	        0.0011106201	        0.0148856642	        0.0029038157	        0.0021662619	        0.1000000000	        0.0010000000
        1.8120056873	        0.8574246444	        0.4601729713	        0.1692449499	       10.7069485543	        0.0010555467	        0.0016276274	        0.0018084748	        0.0010653327	        0.0155105013	        0.0032757654	        0.0020418433	        0.1000000000	        0.0010000000
        1.8321391985	        0.8291224626	        0.4477471090	        0.1779706217	       10.4728245492	        0.0010243534	        0.0014124466	        0.0015693851	        0.0010181599	        0.0160788520	        0.0036760420	        0.0019059701	        0.1000000000	        0.0010000000
        1.8503507799	        0.7995659193	        0.4353281919	        0.1726712567	       10.2543600351	        0.0009957610	        0.0012137316	        0.0013485906	        0.0009706570	        0.0165735232	        0.0041004873	        0.0017610998	        0.1000000000	        0.0010000000
        1.8667877045	        0.7686824035	        0.4228435949	        0.1494605416	       10.0524881889	        0.0009719974	        0.0010325072	        0.0011472302	        0.0009240786	        0.0169734878	        0.0045417271	        0.0016098042	        0.1000000000	        0.0010000000
        1.8815934821	        0.7364055147	        0.4102004879	        0.1044511570	        9.8647887823	        0.0009551165	        0.0008692450	        0.0009658278	        0.0008792364	        0.0172538691	        0.0049883384	        0.0014547107	        0.1000000000	        0.0010000000
        1.8949061510	        0.7026843604	        0.3972870428	        0.0335024138	        9.6919225166	        0.0009467193	        0.0007239088	        0.0008043431	        0.0008363862	        0.0173864947	        0.0054242000	        0.0012984542	        0.1000000000	        0.0010000000
        1.9068570493	        0.6674949084	        0.3839747467	       -0.0685837620	        9.5315009816	        0.0009482046	        0.0005960234	        0.0006622482	        0.0007951948	        0.0173413004	        0.0058283325	        0.0011436341	        0.1000000000	        0.0010000000
        1.9175699947	        0.6308532561	        0.3701214073	       -0.2052957727	        9.3847813373	        0.0009607513	        0.0004847581	        0.0005386201	        0.0007546685	        0.0170888631	        0.0061756402	        0.0009927725	        0.1000000000	        0.0010000000
        1.9271607996	        0.5928301596	        0.3555790445	       -0.3811572042	        9.2501108887	        0.0009852687	        0.0003890155	        0.0004322394	        0.0007131737	        0.0166042291	        0.0064389908	        0.0008482649	        0.1000000000	        0.0010000000
        1.9357370589	        0.5535654923	        0.3402035538	       -0.6003878667	        9.1263602161	        0.0010223857	        0.0003075212	        0.0003416902	        0.0006686154	        0.0158719207	        0.0065929075	        0.0007123190	        0.1000000000	        0.0010000000
        1.9433981504	        0.5132806402	        0.3238681552	       -0.8608665938	        9.0142685033	        0.0010715045	        0.0002389098	        0.0002654554	        0.0006185974	        0.0148915227	        0.0066187135	        0.0005868782	        0.1000000000	        0.0010000000
        1.9502353978	        0.4722863163	        0.3064855734	       -1.1660841177	        8.9114001453	        0.0011329410	        0.0001818023	        0.0002020026	        0.0005609302	        0.0136826558	        0.0065102892	        0.0004735326	        0.1000000000	        0.0010000000
        1.9563323538	        0.4309832944	        0.2880256973	       -1.5084793661	        8.8181213079	        0.0012048995	        0.0001348750	        0.0001498611	        0.0004942344	        0.0122876530	        0.0062788992	        0.0003734271	        0.1000000000	        0.0010000000
        1.9617651675	        0.3898541156	        0.2685407496	       -1.8856068734	        8.7331790546	        0.0012867451	        0.0000969143	        0.0001076825	        0.0004186561	        0.0107702265	        0.0059552449	        0.0002871862	        0.1000000000	        0.0010000000
        1.9666030060	        0.3494445248	        0.2481799781	       -2.2882227487	        8.6561027556	        0.0013764188	        0.0000668529	        0.0000742810	        0.0003366033	        0.0092091133	        0.0055873968	        0.0002148742	        0.1000000000	        0.0010000000
        1.9709085097	        0.3103333819	        0.2271977320	       -2.7044369556	        8.5868633948	        0.0014713026	        0.0000437711	        0.0000486345	        0.0002520327	        0.0076871490	        0.0052345937	        0.0001560030	        0.1000000000	        0.0010000000
        1.9747382607	        0.2733700366	        0.2061144132	       -3.1302564097	        8.5239486591	        0.0015704009	        0.0000315540	        0.0000350600	        0.0002027500	        0.0062903408	        0.0049623400	        0.0001099760	        0.1000000000	        0.0010000000
        1.9781432525	        0.2391812314	        0.1854528232	       -3.5600764914	        8.4667479650	        0.0016723626	        0.0000221527	        0.0000246141	        0.0001560728	        0.0050571349	        0.0047865950	        0.0000753694	        0.1000000000	        0.0010000000
        1.9811693494	        0.2078194089	        0.1654281045	       -3.9847108170	        8.4150754875	        0.0017748510	        0.0000149336	        0.0000165929	        0.0001141583	        0.0039956993	        0.0047113817	        0.0000501071	        0.1000000000	        0.0010000000
        1.9838577298	        0.1792593569	        0.1462269597	       -4.3933929729	        8.3688602129	        0.0018750377	        0.0000096418	        0.0000107131	        0.0000791609	        0.0031030416	        0.0047326212	        0.0000322365	        0.1000000000	        0.0010000000
        1.9862453073	        0.1534218478	        0.1280068130	       -4.7830946403	        8.3276111309	        0.0019718999	        0.0000059520	        0.0000066133	        0.0000519785	        0.0023679860	        0.0048402872	        0.0000200133	        0.1000000000	        0.0010000000
        1.9883651267	        0.1301771574	        0.1108819178	       -5.1548627622	        8.2906566907	        0.0020653885	        0.0000035071	        0.0000038967	        0.0000322971	        0.0017740545	        0.0050209229	        0.0000119471	        0.1000000000	        0.0010000000
        1.9902467340	        0.1093564769	        0.0949190885	       -5.5074206519	        8.2574737740	        0.0021549114	        0.0000019671	        0.0000021856	        0.0000189626	        0.0013023560	        0.0052598763	        0.0000068246	        0.1000000000	        0.0010000000
        1.9919165179	        0.0907672915	        0.0801423208	       -5.8376737154	        8.2276532483	        0.0022394677	        0.0000010452	        0.0000011613	        0.0000104819	        0.0009338568	        0.0055428949	        0.0000037050	        0.1000000000	        0.0010000000
        1.9933980257	        0.0742081553	        0.0665417666	       -6.1439022020	        8.2008514624	        0.0023184368	        0.0000005217	        0.0000005797	        0.0000054160	        0.0006508136	        0.0058570451	        0.0000018929	        0.1000000000	        0.0010000000
        1.9947122508	        0.0594801012	        0.0540831708	       -6.4256211710	        8.1767706888	        0.0023915413	        0.0000002414	        0.0000002682	        0.0000025832	        0.0004374779	        0.0061911074	        0.0000008969	        0.1000000000	        0.0010000000
        1.9958778967	        0.0463940399	        0.0427159886	       -6.6831804515	        8.1551478900	        0.0024587447	        0.0000001013	        0.0000001126	        0.0000011137	        0.0002803052	        0.0065356466	        0.0000003854	        0.1000000000	        0.0010000000
        1.9969116151	        0.0347747585	        0.0323796510	       -6.9174764521	        8.1357473963	        0.0025201746	        0.0000000372	        0.0000000414	        0.0000004189	        0.0001678840	        0.0068829161	        0.0000001448	        0.1000000000	        0.0010000000
        1.9978282231	        0.0244625221	        0.0230081112	       -7.1297457887	        8.1183560911	        0.0025760679	        0.0000000112	        0.0000000125	        0.0000001289	        0.0000907353	        0.0072266914	        0.0000000446	        0.1000000000	        0.0010000000
        1.9986408981	        0.0153131886	        0.0145330344	       -7.3214187042	        8.1027801815	        0.0026267291	        0.0000000024	        0.0000000027	        0.0000000284	        0.0000410675	        0.0075620876	        0.0000000098	        0.1000000000	        0.0010000000
        1.9993613540	        0.0071975032	        0.0068859990	       -7.4940161185	        8.0888429519	        0.0026725016	        0.0000000003	        0.0000000003	        0.0000000032	        0.0000125325	        0.0078853804	        0.0000000011	        0.1000000000	        0.0010000000
        2.0000000000	        0.0000000000	        0.0000000000	       -7.6490784476	        8.0763831161	        0.0027137462	        0.0000000000	        0.0000000000	        0.0000000000	        0.0000000000	        0.0081938404	        0.0000000000	        0.1000000000	        0.0010000000
