        0.0000000000	        0.0000000000	        1.0000000000	        6.6239370761	       29.5369293278	        0.0009795084	        0.0000000000	        0.0000000000	        0.0000000000	        0.0000000000	        0.0070930286	        0.0000000000	        0.1000000000	        0.0010000000
        0.0006386460	        0.0067163277	        0.9974561074	        6.2656339929	       29.5239662053	        0.0009332118	        0.0000000002	        0.0000000002	        0.0000000007	        0.0000083898	        0.0068786014	        0.0000000005	        0.1000000000	        0.0010000000
        0.0013591019	        0.0142889910	        0.9946880658	        5.8818157482	       29.5095894113	        0.0008837362	        0.0000000014	        0.0000000016	        0.0000000060	        0.0000276111	        0.0066504682	        0.0000000048	        0.1000000000	        0.0010000000
        0.0021717769	        0.0228256218	        0.9916872882	        5.4738825170	       29.4936656051	        0.0008312968	        0.0000000067	        0.0000000075	        0.0000000270	        0.0000612969	        0.0064097866	        0.0000000219	        0.1000000000	        0.0010000000
        0.0030883849	        0.0324468322	        0.9884468017	        5.0442780731	       29.4760483187	        0.0007762473	        0.0000000226	        0.0000000251	        0.0000000868	        0.0001140089	        0.0061583755	        0.0000000723	        0.1000000000	        0.0010000000
        0.0041221033	        0.0432874666	        0.9849613751	        4.5966794770	       29.4565733684	        0.0007191028	        0.0000000625	        0.0000000694	        0.0000002284	        0.0001914337	        0.0058988629	        0.0000001958	        0.1000000000	        0.0010000000
        0.0052877492	        0.0554977220	        0.9812274976	        4.1361491131	       29.4350511760	        0.0006605549	        0.0000001515	        0.0000001683	        0.0000005252	        0.0003006089	        0.0056348526	        0.0000004640	        0.1000000000	        0.0010000000
        0.0066019743	        0.0692439015	        0.9772431754	        3.6691947851	       29.4112542011	        0.0006014722	        0.0000003341	        0.0000003712	        0.0000010939	        0.0004501740	        0.0053711114	        0.0000009988	        0.1000000000	        0.0010000000
        0.0080834821	        0.0847083992	        0.9730075454	        3.2036496992	       29.3848967767	        0.0005428727	        0.0000006847	        0.0000007608	        0.0000021108	        0.0006506300	        0.0051137671	        0.0000019975	        0.1000000000	        0.0010000000
        0.0097532660	        0.1020882757	        0.9685203500	        2.7482332440	       29.3556033102	        0.0004858465	        0.0000013226	        0.0000014695	        0.0000038266	        0.0009145715	        0.0048705010	        0.0000037655	        0.1000000000	        0.0010000000
        0.0116348733	        0.1215915230	        0.9637813710	        2.3115778320	       29.3228588842	        0.0004313992	        0.0000024288	        0.0000026986	        0.0000065777	        0.0012568082	        0.0046506894	        0.0000067573	        0.1000000000	        0.0010000000
        0.0137546927	        0.1434299499	        0.9587898953	        1.9009040580	       29.2859792450	        0.0003802709	        0.0000042630	        0.0000047367	        0.0000107830	        0.0016942377	        0.0044654091	        0.0000116219	        0.1000000000	        0.0010000000
        0.0161422702	        0.1678078483	        0.9535441362	        1.5236060186	       29.2444249290	        0.0003334339	        0.0000071722	        0.0000079691	        0.0000169146	        0.0022452483	        0.0043271634	        0.0000192478	        0.1000000000	        0.0010000000
        0.0188306506	        0.1949066401	        0.9480408197	        1.1844648442	       29.1978093476	        0.0002917742	        0.0000115810	        0.0000128677	        0.0000254348	        0.0029283937	        0.0042491332	        0.0000307978	        0.1000000000	        0.0010000000
        0.0218567475	        0.2248676954	        0.9422743596	        0.8870678524	       29.1455224610	        0.0002559843	        0.0000179561	        0.0000199512	        0.0000367060	        0.0037601578	        0.0042437676	        0.0000477213	        0.1000000000	        0.0010000000
        0.0252617393	        0.2577776335	        0.9362356155	        0.6338981835	       29.0866111150	        0.0002264603	        0.0000267508	        0.0000297231	        0.0000509087	        0.0047519231	        0.0043206709	        0.0000717361	        0.1000000000	        0.0010000000
        0.0290914903	        0.2936606378	        0.9299105441	        0.4250178024	       29.0210373715	        0.0002034041	        0.0000383539	        0.0000426154	        0.0000680206	        0.0059067132	        0.0044840436	        0.0001047778	        0.1000000000	        0.0010000000
        0.0333969940	        0.3324791485	        0.9232790966	        0.2573377372	       28.9492821963	        0.0001867530	        0.0000530768	        0.0000589742	        0.0000874802	        0.0072166123	        0.0047302826	        0.0001489270	        0.1000000000	        0.0010000000
        0.0382348325	        0.3738013282	        0.9163770797	        0.1266521388	       28.8694380001	        0.0001763039	        0.0000776561	        0.0000862846	        0.0001176402	        0.0086519561	        0.0050468661	        0.0002059019	        0.1000000000	        0.0010000000
        0.0436676462	        0.4167247106	        0.9093060180	        0.0272391470	       28.7807443334	        0.0001717049	        0.0001144691	        0.0001271879	        0.0001573912	        0.0101381628	        0.0053861372	        0.0002764291	        0.1000000000	        0.0010000000
        0.0497646022	        0.4604247857	        0.9021392684	       -0.0472217448	       28.6829802630	        0.0001725844	        0.0001616170	        0.0001795745	        0.0002002343	        0.0115799958	        0.0056845524	        0.0003606221	        0.1000000000	        0.0010000000
        0.0566018496	        0.5042599660	        0.8949133963	       -0.1027080840	       28.5754684550	        0.0001786283	        0.0002205525	        0.0002450583	        0.0002453292	        0.0128916330	        0.0058914979	        0.0004581493	        0.1000000000	        0.0010000000
        0.0642629411	        0.5476602211	        0.8876540580	       -0.1442358658	       28.4578194945	        0.0001896230	        0.0002928844	        0.0003254271	        0.0002919562	        0.0140037210	        0.0059747679	        0.0005680037	        0.1000000000	        0.0010000000
        0.0728392004	        0.5901554304	        0.8803745964	       -0.1754663230	       28.3286794217	        0.0002054883	        0.0003803282	        0.0004225868	        0.0003397524	        0.0148715173	        0.0059234241	        0.0006885783	        0.1000000000	        0.0010000000
        0.0824300053	        0.6313877962	        0.8730757864	       -0.1987080490	       28.1874204207	        0.0002261887	        0.0004846283	        0.0005384759	        0.0003886549	        0.0154765463	        0.0057455208	        0.0008177894	        0.1000000000	        0.0010000000
        0.0931429507	        0.6711103872	        0.8657468724	       -0.2151579436	       28.0319621227	        0.0002517534	        0.0006074633	        0.0006749593	        0.0004387977	        0.0158230691	        0.0054623997	        0.0009532134	        0.1000000000	        0.0010000000
        0.1050938490	        0.7091754976	        0.8583677760	       -0.2254127865	       27.8625938039	        0.0002820950	        0.0007503364	        0.0008337071	        0.0004903865	        0.0159317537	        0.0051019680	        0.0010922133	        0.1000000000	        0.0010000000
        0.1184065179	        0.7455171077	        0.8509118818	       -0.2299181915	       27.6763207873	        0.0003170439	        0.0009144592	        0.0010160657	        0.0005435847	        0.0158328289	        0.0046929130	        0.0012320423	        0.1000000000	        0.0010000000
        0.1332122955	        0.7801312644	        0.8433487510	       -0.2291364875	       27.4736214889	        0.0003561975	        0.0011006354	        0.0012229282	        0.0005984316	        0.0155602310	        0.0042608067	        0.0013699243	        0.1000000000	        0.0010000000
        0.1496492201	        0.8130571280	        0.8356464882	       -0.2236074550	       27.2526669261	        0.0003990630	        0.0013091546	        0.0014546163	        0.0006547915	        0.0151473925	        0.0038261593	        0.0015031192	        0.1000000000	        0.0010000000
        0.1678608015	        0.8443602504	        0.8277736956	       -0.2138920038	       27.0118187436	        0.0004449317	        0.0015397094	        0.0017107883	        0.0007123276	        0.0146246874	        0.0034039771	        0.0016289814	        0.1000000000	        0.0010000000
        0.1879943127	        0.8741186671	        0.8197012078	       -0.2004404307	       26.7484445056	        0.0004929263	        0.0017913517	        0.0019903908	        0.0007704766	        0.0140182234	        0.0030042459	        0.0017450211	        0.1000000000	        0.0010000000
        0.2101985296	        0.9024117224	        0.8114040301	       -0.1841309046	       26.4626470103	        0.0005420410	        0.0020625105	        0.0022916783	        0.0008284810	        0.0133495849	        0.0026328462	        0.0018489757	        0.1000000000	        0.0010000000
        0.2346208557	        0.9293111797	        0.8028624747	       -0.1659788918	       26.1506909126	        0.0005911781	        0.0023510964	        0.0026123293	        0.0008854825	        0.0126361722	        0.0022925693	        0.0019388967	        0.1000000000	        0.0010000000
        0.2614037844	        0.9548740462	        0.7940630396	       -0.1467952037	       25.8129167436	        0.0006392656	        0.0026547219	        0.0029496910	        0.0009405837	        0.0118918794	        0.0019840498	        0.0020132534	        0.1000000000	        0.0010000000
        0.2906806794	        0.9791365926	        0.7849999212	       -0.1275286294	       25.4475316187	        0.0006853809	        0.0029710680	        0.0033011867	        0.0009929261	        0.0111279440	        0.0017065402	        0.0020710543	        0.1000000000	        0.0010000000
        0.3225708876	        1.0021092374	        0.7756763914	       -0.1089445343	       25.0515752829	        0.0007287608	        0.0032984177	        0.0036649086	        0.0010417842	        0.0103538774	        0.0014585123	        0.0021119812	        0.1000000000	        0.0010000000
        0.3571742551	        1.0237723132	        0.7661068769	       -0.0913493759	       24.6246254760	        0.0007685989	        0.0036363575	        0.0040403972	        0.0010865647	        0.0095784192	        0.0012381039	        0.0021365209	        0.1000000000	        0.0010000000
        0.3945651751	        1.0440732534	        0.7563206733	       -0.0747564068	       24.1657253641	        0.0008042561	        0.0039865970	        0.0044295523	        0.0011267510	        0.0088104672	        0.0010434314	        0.0021460736	        0.1000000000	        0.0010000000
        0.4347863703	        1.0629264576	        0.7463667028	       -0.0598027166	       23.6750300459	        0.0008352789	        0.0043537669	        0.0048375187	        0.0011620364	        0.0080598923	        0.0008727856	        0.0021429933	        0.1000000000	        0.0010000000
        0.4778426900	        1.0802178635	        0.7363150324	       -0.0471227398	       23.1511493256	        0.0008616518	        0.0047458969	        0.0052732187	        0.0011925448	        0.0073380757	        0.0007247178	        0.0021305040	        0.1000000000	        0.0010000000
        0.5236952751	        1.0958165954	        0.7262551470	       -0.0367405302	       22.5937809111	        0.0008836430	        0.0051740685	        0.0057489650	        0.0012187835	        0.0066579313	        0.0005980146	        0.0021124282	        0.1000000000	        0.0010000000
        0.5722565058	        1.1095950282	        0.7162912489	       -0.0289819518	       22.0063554442	        0.0009018978	        0.0056505330	        0.0062783700	        0.0012415989	        0.0060331719	        0.0004915706	        0.0020926999	        0.1000000000	        0.0010000000
        0.6233861842	        1.1214552756	        0.7065294258	       -0.0249700725	       21.3869271601	        0.0009176938	        0.0061846078	        0.0068717864	        0.0012624366	        0.0054767746	        0.0004041997	        0.0020747255	        0.1000000000	        0.0010000000
        0.6768894010	        1.1313549909	        0.6970551989	       -0.0248607292	       20.7407060349	        0.0009328439	        0.0067762374	        0.0075291527	        0.0012832555	        0.0049990131	        0.0003344647	        0.0020607815	        0.1000000000	        0.0010000000
        0.7325164896	        1.1393218008	        0.6879137346	       -0.0274202186	       20.0698714231	        0.0009494521	        0.0074084646	        0.0082316273	        0.0013057627	        0.0046058406	        0.0002806195	        0.0020517028	        0.1000000000	        0.0010000000
        0.7899653716	        1.1454481355	        0.6791009428	       -0.0332876977	       19.3768185055	        0.0009690716	        0.0080418868	        0.0089354298	        0.0013314348	        0.0042984296	        0.0002407104	        0.0020470120	        0.1000000000	        0.0010000000
        0.8488864424	        1.1498668939	        0.6705554384	       -0.0436090823	       18.6683339096	        0.0009945591	        0.0086152938	        0.0095725486	        0.0013622699	        0.0040741302	        0.0002127984	        0.0020454128	        0.1000000000	        0.0010000000
        0.9088899606	        1.1527171135	        0.6621574662	       -0.0554597684	       17.9493579148	        0.0010286934	        0.0090555471	        0.0100617190	        0.0013997022	        0.0039283876	        0.0001952089	        0.0020453954	        0.1000000000	        0.0010000000
        0.9695556872	        1.1541111707	        0.6537489002	       -0.0666675368	       17.2253495431	        0.0010711845	        0.0092957791	        0.0103286435	        0.0014434206	        0.0038568200	        0.0001867297	        0.0020457245	        0.1000000000	        0.0010000000
        1.0304443128	        1.1541111707	        0.6451495961	       -0.0794055580	       16.5022217098	        0.0011218386	        0.0092957791	        0.0103286435	        0.0014930742	        0.0038568200	        0.0001867297	        0.0020457245	        0.1000000000	        0.0010000000
        1.0911100394	        1.1527171135	        0.6361559598	       -0.0943152230	       15.7865095672	        0.0011820051	        0.0090555471	        0.0100617190	        0.0015493246	        0.0039283876	        0.0001952089	        0.0020453954	        0.1000000000	        0.0010000000
        1.1511135576	        1.1498668939	        0.6265465092	       -0.1082115118	       15.0844337948	        0.0012516648	        0.0086152938	        0.0095725486	        0.0016120286	        0.0040741302	        0.0002127984	        0.0020454128	        0.1000000000	        0.0010000000
        1.2100346284	        1.1454481355	        0.6161060639	       -0.1173277848	       14.3997450179	        0.0013283523	        0.0080418868	        0.0089354298	        0.0016788244	        0.0042984296	        0.0002407104	        0.0020470120	        0.1000000000	        0.0010000000
        1.2674835104	        1.1393218008	        0.6046591955	       -0.1224168146	       13.7411369233	        0.0014072761	        0.0074084646	        0.0082316273	        0.0017466357	        0.0046058406	        0.0002806195	        0.0020517028	        0.1000000000	        0.0010000000
        1.3231105990	        1.1313549909	        0.5920897981	       -0.1257988107	       13.1090759853	        0.0014866973	        0.0067762374	        0.0075291527	        0.0018136377	        0.0049990131	        0.0003344647	        0.0020607815	        0.1000000000	        0.0010000000
        1.3766138158	        1.1214552756	        0.5783494551	       -0.1245901940	       12.5071999583	        0.0015637587	        0.0061846078	        0.0068717864	        0.0018779358	        0.0054767746	        0.0004041997	        0.0020747255	        0.1000000000	        0.0010000000
        1.4277434942	        1.1095950282	        0.5634752389	       -0.1163166753	       11.9376580633	        0.0016347604	        0.0056505330	        0.0062783700	        0.0019361782	        0.0060331719	        0.0004915706	        0.0020926999	        0.1000000000	        0.0010000000
        1.4763047249	        1.0958165954	        0.5475887074	       -0.1010732242	       11.4033298367	        0.0016952300	        0.0051740685	        0.0057489650	        0.0019846375	        0.0066579313	        0.0005980146	        0.0021124282	        0.1000000000	        0.0010000000
        1.5221573100	        1.0802178635	        0.5308689963	       -0.0810490753	       10.9023892734	        0.0017427970	        0.0047458969	        0.0052732187	        0.0020206069	        0.0073380757	        0.0007247178	        0.0021305040	        0.1000000000	        0.0010000000
        1.5652136297	        1.0629264576	        0.5135123799	       -0.0542764016	       10.4351340980	        0.0017760092	        0.0043537669	        0.0048375187	        0.0020419621	        0.0080598923	        0.0008727856	        0.0021429933	        0.1000000000	        0.0010000000
        1.6054348249	        1.0440732534	        0.4957145390	       -0.0198363927	       10.0007997563	        0.0017937258	        0.0039865970	        0.0044295523	        0.0020465722	        0.0088104672	        0.0010434314	        0.0021460736	        0.1000000000	        0.0010000000
        1.6428257449	        1.0237723132	        0.4776573485	        0.0228327478	        9.5976435449	        0.0017935116	        0.0036363575	        0.0040403972	        0.0020327979	        0.0095784192	        0.0012381039	        0.0021365209	        0.1000000000	        0.0010000000
        1.6774291124	        1.0021092374	        0.4595029236	        0.0731396425	        9.2248589202	        0.0017747778	        0.0032984177	        0.0036649086	        0.0019998137	        0.0103538774	        0.0014585123	        0.0021119812	        0.1000000000	        0.0010000000
        1.7093193206	        0.9791365926	        0.4413901762	        0.1299398063	        8.8799193997	        0.0017378564	        0.0029710680	        0.0033011867	        0.0019478050	        0.0111279440	        0.0017065402	        0.0020710543	        0.1000000000	        0.0010000000
        1.7385962156	        0.9548740462	        0.4234341705	        0.1924689051	        8.5606449166	        0.0016837189	        0.0026547219	        0.0029496910	        0.0018777874	        0.0118918794	        0.0019840498	        0.0020132534	        0.1000000000	        0.0010000000
        1.7653791443	        0.9293111797	        0.4057292584	        0.2584598830	        8.2656407921	        0.0016145526	        0.0023510964	        0.0026123293	        0.0017915344	        0.0126361722	        0.0022925693	        0.0019388967	        0.1000000000	        0.0010000000
        1.7898014704	        0.9024117224	        0.3883493665	        0.3243257147	        7.9924480798	        0.0015327084	        0.0020625105	        0.0022916783	        0.0016916709	        0.0133495849	        0.0026328462	        0.0018489757	        0.1000000000	        0.0010000000
        1.8120056873	        0.8741186671	        0.3713463376	        0.3862596834	        7.7395446139	        0.0014420626	        0.0017913517	        0.0019903908	        0.0015814736	        0.0140182234	        0.0030042459	        0.0017450211	        0.1000000000	        0.0010000000
        1.8321391985	        0.8443602504	        0.3547491336	        0.4415644332	        7.5045732862	        0.0013460254	        0.0015397094	        0.0017107883	        0.0014643932	        0.0146246874	        0.0034039771	        0.0016289814	        0.1000000000	        0.0010000000
        1.8503507799	        0.8130571280	        0.3385662496	        0.4867457364	        7.2864218774	        0.0012484738	        0.0013091546	        0.0014546163	        0.0013437384	        0.0151473925	        0.0038261593	        0.0015031192	        0.1000000000	        0.0010000000
        1.8667877045	        0.7801312644	        0.3227865951	        0.5177998892	        7.0841005877	        0.0011532781	        0.0011006354	        0.0012229282	        0.0012225661	        0.0155602310	        0.0042608067	        0.0013699243	        0.1000000000	        0.0010000000
        1.8815934821	        0.7455171077	        0.3073798063	        0.5311341903	        6.8966338119	        0.0010639715	        0.0009144592	        0.0010160657	        0.0011034805	        0.0158328289	        0.0046929130	        0.0012320423	        0.1000000000	        0.0010000000
        1.8949061510	        0.7091754976	        0.2922978769	        0.5233766502	        6.7229009056	        0.0009833368	        0.0007503364	        0.0008337071	        0.0009884428	        0.0159317537	        0.0051019680	        0.0010922133	        0.1000000000	        0.0010000000
        1.9068570493	        0.6711103872	        0.2774778008	        0.4907181184	        6.5611416266	        0.0009132197	        0.0006074633	        0.0006749593	        0.0008787085	        0.0158230691	        0.0054623997	        0.0009532134	        0.1000000000	        0.0010000000
        1.9175699947	        0.6313877962	        0.2628445459	        0.4298239031	        6.4124138982	        0.0008563347	        0.0004846283	        0.0005384759	        0.0007748132	        0.0154765463	        0.0057455208	        0.0008177894	        0.1000000000	        0.0010000000
        1.9271607996	        0.5901554304	        0.2483163143	        0.3369672322	        6.2755204632	        0.0008137565	        0.0003803282	        0.0004225868	        0.0006766325	        0.0148715173	        0.0059234241	        0.0006885783	        0.1000000000	        0.0010000000
        1.9357370589	        0.5476602211	        0.2338112487	        0.2079559605	        6.1491998581	        0.0007863767	        0.0002928844	        0.0003254271	        0.0005835664	        0.0140037210	        0.0059747679	        0.0005680037	        0.1000000000	        0.0010000000
        1.9433981504	        0.5042599660	        0.2192559435	        0.0421028974	        6.0347917471	        0.0007749632	        0.0002205525	        0.0002450583	        0.0004947402	        0.0128916330	        0.0058914979	        0.0004581493	        0.1000000000	        0.0010000000
        1.9502353978	        0.4604247857	        0.2045998273	       -0.1649052038	        5.9298646690	        0.0007794083	        0.0001616170	        0.0001795745	        0.0004094393	        0.0115799958	        0.0056845524	        0.0003606221	        0.1000000000	        0.0010000000
        1.9563323538	        0.4167247106	        0.1898259002	       -0.4095579608	        5.8351459751	        0.0007990133	        0.0001144691	        0.0001271879	        0.0003275774	        0.0101381628	        0.0053861372	        0.0002764291	        0.1000000000	        0.0010000000
        1.9617651675	        0.3738013282	        0.1749667536	       -0.6914572398	        5.7494181041	        0.0008331185	        0.0000776561	        0.0000862846	        0.0002496709	        0.0086519561	        0.0050468661	        0.0002059019	        0.1000000000	        0.0010000000
        1.9666030060	        0.3324791485	        0.1601704647	       -1.0040551122	        5.6722823912	        0.0008799577	        0.0000530768	        0.0000589742	        0.0001892164	        0.0072166123	        0.0047302826	        0.0001489270	        0.1000000000	        0.0010000000
        1.9709085097	        0.2936606378	        0.1456943663	       -1.3380890143	        5.6039284410	        0.0009373284	        0.0000383539	        0.0000426154	        0.0001494978	        0.0059067132	        0.0044840436	        0.0001047778	        0.1000000000	        0.0010000000
        1.9747382607	        0.2577776335	        0.1316942105	       -1.6896503064	        5.5427897514	        0.0010036208	        0.0000267508	        0.0000297231	        0.0001131353	        0.0047519231	        0.0043206709	        0.0000717361	        0.1000000000	        0.0010000000
        1.9781432525	        0.2248676954	        0.1182180555	       -2.0533832650	        5.4881359666	        0.0010772762	        0.0000179561	        0.0000199512	        0.0000819847	        0.0037601578	        0.0042437676	        0.0000477213	        0.1000000000	        0.0010000000
        1.9811693494	        0.1949066401	        0.1053266848	       -2.4203217185	        5.4396761941	        0.0011558170	        0.0000115810	        0.0000128677	        0.0000567339	        0.0029283937	        0.0042491332	        0.0000307978	        0.1000000000	        0.0010000000
        1.9838577298	        0.1678078483	        0.0930801663	       -2.7797407930	        5.3972573443	        0.0012362119	        0.0000071722	        0.0000079691	        0.0000374494	        0.0022452483	        0.0043271634	        0.0000192478	        0.1000000000	        0.0010000000
        1.9862453073	        0.1434299499	        0.0815278855	       -3.1276254209	        5.3602166366	        0.0013169098	        0.0000042630	        0.0000047367	        0.0000235708	        0.0016942377	        0.0044654091	        0.0000116219	        0.1000000000	        0.0010000000
        1.9883651267	        0.1215915230	        0.0707022826	       -3.4636093460	        5.3276830453	        0.0013972092	        0.0000024288	        0.0000026986	        0.0000141353	        0.0012568082	        0.0046506894	        0.0000067573	        0.1000000000	        0.0010000000
        1.9902467340	        0.1020882757	        0.0606174661	       -3.7852049709	        5.2990163122	        0.0014760123	        0.0000013226	        0.0000014695	        0.0000080589	        0.0009145715	        0.0048705010	        0.0000037655	        0.1000000000	        0.0010000000
        1.9919165179	        0.0847083992	        0.0512715357	       -4.0882366252	        5.2737705624	        0.0015519552	        0.0000006847	        0.0000007608	        0.0000043478	        0.0006506300	        0.0051137671	        0.0000019975	        0.1000000000	        0.0010000000
        1.9933980257	        0.0692439015	        0.0426501218	       -4.3702317329	        5.2515509584	        0.0016240833	        0.0000003341	        0.0000003712	        0.0000022014	        0.0004501740	        0.0053711114	        0.0000009988	        0.1000000000	        0.0010000000
        1.9947122508	        0.0554977220	        0.0347296030	       -4.6301925034	        5.2320004129	        0.0016918146	        0.0000001515	        0.0000001683	        0.0000010322	        0.0003006089	        0.0056348526	        0.0000004640	        0.1000000000	        0.0010000000
        1.9958778967	        0.0432874666	        0.0274797495	       -4.8681104691	        5.2147993026	        0.0017548444	        0.0000000625	        0.0000000694	        0.0000004386	        0.0001914337	        0.0058988629	        0.0000001958	        0.1000000000	        0.0010000000
        1.9969116151	        0.0324468322	        0.0208658223	       -5.0846224285	        5.1996636284	        0.0018130706	        0.0000000226	        0.0000000251	        0.0000001630	        0.0001140089	        0.0061583755	        0.0000000723	        0.1000000000	        0.0010000000
        1.9978282231	        0.0228256218	        0.0148502232	       -5.2807679972	        5.1863423512	        0.0018665362	        0.0000000067	        0.0000000075	        0.0000000496	        0.0000612969	        0.0064097866	        0.0000000219	        0.1000000000	        0.0010000000
        1.9986408981	        0.0142889910	        0.0093937962	       -5.4578200779	        5.1746143686	        0.0019153851	        0.0000000014	        0.0000000016	        0.0000000109	        0.0000276111	        0.0066504682	        0.0000000048	        0.1000000000	        0.0010000000
        1.9993613540	        0.0067163277	        0.0044568566	       -5.6171675717	        5.1642854235	        0.0019598290	        0.0000000002	        0.0000000002	        0.0000000012	        0.0000083898	        0.0068786014	        0.0000000005	        0.1000000000	        0.0010000000
        2.0000000000	        0.0000000000	        0.0000000000	       -5.7602354310	        5.1551851158	        0.0020001217	        0.0000000000	        0.0000000000	        0.0000000000	        0.0000000000	        0.0070930286	        0.0000000000	        0.1000000000	        0.0010000000
