        0.0000000000	        0.0000000000	        1.0000000000	        0.0000000000	        0.0000000000	        0.0000000000	        0.0000000000	        0.0000000000	        0.0000000000	        0.0000000000	        0.0071366733	        0.0000000000	        0.0000000000	        0.0010661945
        0.0006386460	        0.0061526148	        0.9975340945	        0.0000000000	        0.0000000000	        0.0000000000	        0.0000000001	        0.0000000008	        0.0000000032	        0.0000065494	        0.0069503199	        0.0000000003	        0.0000016308	        0.0009127033
        0.0013591019	        0.0130892504	        0.9947519257	        0.0000000000	        0.0000000000	        0.0000000000	        0.0000000005	        0.0000000054	        0.0000000210	        0.0000215761	        0.0067501686	        0.0000000027	        0.0000054812	        0.0008045120
        0.0021717769	        0.0209083562	        0.9916132806	        0.0000000000	        0.0000000000	        0.0000000000	        0.0000000026	        0.0000000191	        0.0000000738	        0.0000479605	        0.0065366855	        0.0000000124	        0.0000120821	        0.0007219826
        0.0030883849	        0.0297202890	        0.9880730139	        0.0000000000	        0.0000000000	        0.0000000000	        0.0000000087	        0.0000000508	        0.0000001969	        0.0000893326	        0.0063108200	        0.0000000413	        0.0000221063	        0.0006571112
        0.0041221033	        0.0396485506	        0.9840805608	        0.0000000000	        0.0000000000	        0.0000000000	        0.0000000242	        0.0000001156	        0.0000004474	        0.0001502351	        0.0060741259	        0.0000001127	        0.0000363962	        0.0006059305
        0.0052877492	        0.0508310194	        0.9795794808	        0.0000000000	        0.0000000000	        0.0000000000	        0.0000000592	        0.0000002363	        0.0000009142	        0.0002363122	        0.0058289002	        0.0000002696	        0.0000560015	        0.0005663182
        0.0066019743	        0.0634210554	        0.9745070887	        0.0000000000	        0.0000000000	        0.0000000000	        0.0000001318	        0.0000004475	        0.0000017303	        0.0003545255	        0.0055783392	        0.0000005864	        0.0000822296	        0.0005371518
        0.0080834821	        0.0775882649	        0.9687942583	        0.0000000000	        0.0000000000	        0.0000000000	        0.0000002730	        0.0000007994	        0.0000030874	        0.0005133905	        0.0053267111	        0.0000011860	        0.0001167065	        0.0005179160
        0.0097532660	        0.0935185612	        0.9623655252	        0.0000000000	        0.0000000000	        0.0000000000	        0.0000005344	        0.0000013632	        0.0000052535	        0.0007232180	        0.0050795364	        0.0000022641	        0.0001614483	        0.0005084891
        0.0116348733	        0.1114129450	        0.9551396739	        0.0000000000	        0.0000000000	        0.0000000000	        0.0000009973	        0.0000022370	        0.0000085926	        0.0009963243	        0.0048437585	        0.0000041195	        0.0002189379	        0.0005090036
        0.0137546927	        0.1314841808	        0.9470310772	        0.0000000000	        0.0000000000	        0.0000000000	        0.0000017846	        0.0000035558	        0.0000135904	        0.0013471348	        0.0046278661	        0.0000071936	        0.0002921913	        0.0005197320
        0.0161422702	        0.1539503538	        0.9379521907	        0.0000000000	        0.0000000000	        0.0000000000	        0.0000030732	        0.0000055051	        0.0000208857	        0.0017920515	        0.0044418933	        0.0000121140	        0.0003847850	        0.0005409816
        0.0188306506	        0.1790244013	        0.9278177696	        0.0000000000	        0.0000000000	        0.0000000000	        0.0000051018	        0.0000083408	        0.0000313076	        0.0023488805	        0.0042971777	        0.0000197386	        0.0005007877	        0.0005730150
        0.0218567475	        0.2068994720	        0.9165514338	        0.0000000000	        0.0000000000	        0.0000000000	        0.0000081679	        0.0000124127	        0.0000458912	        0.0030355673	        0.0042057064	        0.0000311906	        0.0006445060	        0.0006160880
        0.0252617393	        0.2377316176	        0.9040947630	        0.0000000000	        0.0000000000	        0.0000000000	        0.0000126094	        0.0000181776	        0.0000658084	        0.0038680370	        0.0041788813	        0.0000478735	        0.0008199316	        0.0006706683
        0.0290914903	        0.2716233688	        0.8904178635	        0.0000000000	        0.0000000000	        0.0000000000	        0.0000187693	        0.0000261888	        0.0000921592	        0.0048571792	        0.0042256294	        0.0000714539	        0.0010298323	        0.0007371655
        0.0333969940	        0.3086126177	        0.8755295009	        0.0000000000	        0.0000000000	        0.0000000000	        0.0000269594	        0.0000370862	        0.0001257368	        0.0060054494	        0.0043500338	        0.0001038085	        0.0012745687	        0.0008141984
        0.0382348325	        0.3486692488	        0.8594856369	        0.0000000000	        0.0000000000	        0.0000000000	        0.0000374440	        0.0000516267	        0.0001668953	        0.0073039647	        0.0045489893	        0.0001469416	        0.0015507990	        0.0008979481
        0.0436676462	        0.3916004179	        0.8423981618	        0.0000000000	        0.0000000000	        0.0000000000	        0.0000518289	        0.0000708270	        0.0002156878	        0.0087282603	        0.0048106634	        0.0002027663	        0.0018503342	        0.0009827955
        0.0497646022	        0.4365589938	        0.8244479822	        0.0000000000	        0.0000000000	        0.0000000000	        0.0000773064	        0.0000962443	        0.0002721206	        0.0102185656	        0.0051073988	        0.0002721643	        0.0021594676	        0.0010615788
        0.0566018496	        0.4825243921	        0.8059032669	        0.0000000000	        0.0000000000	        0.0000000000	        0.0001103002	        0.0001303652	        0.0003362221	        0.0116685933	        0.0053737177	        0.0003549438	        0.0024591598	        0.0011260901
        0.0642629411	        0.5287841952	        0.7871307399	        0.0000000000	        0.0000000000	        0.0000000000	        0.0001519134	        0.0001769024	        0.0004075953	        0.0129846944	        0.0055572240	        0.0004506083	        0.0027268233	        0.0011682484
        0.0728392004	        0.5746834770	        0.7685644994	        0.0000000000	        0.0000000000	        0.0000000000	        0.0002033414	        0.0002402916	        0.0004838055	        0.0140892440	        0.0056232852	        0.0005579117	        0.0029406314	        0.0011820435
        0.0824300053	        0.6196674151	        0.7506224273	        0.0000000000	        0.0000000000	        0.0000000000	        0.0002658219	        0.0003249551	        0.0005603531	        0.0149313195	        0.0055589541	        0.0006749542	        0.0030858715	        0.0011656996
        0.0931429507	        0.6633048925	        0.7336168989	        0.0000000000	        0.0000000000	        0.0000000000	        0.0003405662	        0.0004346602	        0.0006322942	        0.0154895559	        0.0053711606	        0.0007993288	        0.0031595161	        0.0011224561
        0.1050938490	        0.7052929018	        0.7177117729	        0.0000000000	        0.0000000000	        0.0000000000	        0.0004286841	        0.0005721736	        0.0006960625	        0.0157684528	        0.0050809000	        0.0009282823	        0.0031697813	        0.0010592015
        0.1184065179	        0.7454455521	        0.7029349673	        0.0000000000	        0.0000000000	        0.0000000000	        0.0005311040	        0.0007391366	        0.0007501541	        0.0157911385	        0.0047161533	        0.0010588679	        0.0031316446	        0.0009839999
        0.1332122955	        0.7836736089	        0.6892198290	        0.0000000000	        0.0000000000	        0.0000000000	        0.0006484957	        0.0009359836	        0.0007947250	        0.0155914652	        0.0043057544	        0.0011880777	        0.0030617550	        0.0009040561
        0.1496492201	        0.8199602617	        0.6764473365	        0.0000000000	        0.0000000000	        0.0000000000	        0.0007812033	        0.0011618006	        0.0008308352	        0.0152072861	        0.0038752805	        0.0013129546	        0.0029750449	        0.0008247651
        0.1678608015	        0.8543372166	        0.6644764935	        0.0000000000	        0.0000000000	        0.0000000000	        0.0009292035	        0.0014141210	        0.0008598429	        0.0146756917	        0.0034450369	        0.0014306885	        0.0028833348	        0.0007496348
        0.1879943127	        0.8868633724	        0.6531620715	        0.0000000000	        0.0000000000	        0.0000000000	        0.0010921067	        0.0016887187	        0.0008830638	        0.0140302202	        0.0030296548	        0.0015387090	        0.0027952464	        0.0006806297
        0.2101985296	        0.9176068691	        0.6423631987	        0.0000000000	        0.0000000000	        0.0000000000	        0.0012692231	        0.0019794862	        0.0009016279	        0.0132996745	        0.0026386675	        0.0016347856	        0.0027167081	        0.0006186133
        0.2346208557	        0.9466303818	        0.6319464677	        0.0000000000	        0.0000000000	        0.0000000000	        0.0014597219	        0.0022784897	        0.0009164467	        0.0125080728	        0.0022775319	        0.0017171434	        0.0026515994	        0.0005637335
        0.2614037844	        0.9739791376	        0.6217862024	        0.0000000000	        0.0000000000	        0.0000000000	        0.0016629122	        0.0025762839	        0.0009282283	        0.0116753197	        0.0019487362	        0.0017846015	        0.0026023246	        0.0005157099
        0.2906806794	        0.9996711684	        0.6117635623	        0.0000000000	        0.0000000000	        0.0000000000	        0.0018786734	        0.0028625562	        0.0009375101	        0.0108182931	        0.0016528026	        0.0018367282	        0.0025702403	        0.0004740273
        0.3225708876	        1.0236897469	        0.6017655763	        0.0000000000	        0.0000000000	        0.0000000000	        0.0021080486	        0.0031271260	        0.0009446956	        0.0099521322	        0.0013891042	        0.0018740003	        0.0025559247	        0.0004380576
        0.3571742551	        1.0459787840	        0.5916849433	        0.0000000000	        0.0000000000	        0.0000000000	        0.0023539690	        0.0033612686	        0.0009500919	        0.0090915517	        0.0011564730	        0.0018979316	        0.0025592960	        0.0004071312
        0.3945651751	        1.0664431330	        0.5814213982	        0.0000000000	        0.0000000000	        0.0000000000	        0.0026219906	        0.0035592217	        0.0009539495	        0.0082519640	        0.0009535986	        0.0019111091	        0.0025795953	        0.0003805763
        0.4347863703	        1.0849568861	        0.5708854280	        0.0000000000	        0.0000000000	        0.0000000000	        0.0029207619	        0.0037195845	        0.0009565088	        0.0074500994	        0.0007792154	        0.0019170514	        0.0026152566	        0.0003577413
        0.4778426900	        1.1013827841	        0.5600048269	        0.0000000000	        0.0000000000	        0.0000000000	        0.0032617083	        0.0038461391	        0.0009580490	        0.0067037319	        0.0006320835	        0.0019198055	        0.0026637131	        0.0003380113
        0.5236952751	        1.1156030484	        0.5487336039	        0.0000000000	        0.0000000000	        0.0000000000	        0.0036572166	        0.0039475253	        0.0009589212	        0.0060302373	        0.0005108024	        0.0019232721	        0.0027212300	        0.0003208272
        0.5722565058	        1.1275553799	        0.5370609286	        0.0000000000	        0.0000000000	        0.0000000000	        0.0041166697	        0.0040353913	        0.0009595326	        0.0054441797	        0.0004135677	        0.0019304133	        0.0027829054	        0.0003057116
        0.6233861842	        1.1372604961	        0.5250159049	        0.0000000000	        0.0000000000	        0.0000000000	        0.0046403919	        0.0041212676	        0.0009602627	        0.0049548325	        0.0003380313	        0.0019426615	        0.0028429712	        0.0002922948
        0.6768894010	        1.1448266787	        0.5126639960	        0.0000000000	        0.0000000000	        0.0000000000	        0.0052130156	        0.0042132494	        0.0009613429	        0.0045649034	        0.0002813875	        0.0019598355	        0.0028954200	        0.0002803303
        0.7325164896	        1.1504268126	        0.5000944559	        0.0000000000	        0.0000000000	        0.0000000000	        0.0057993915	        0.0043139566	        0.0009627852	        0.0042712142	        0.0002406749	        0.0019806074	        0.0029347887	        0.0002696859
        0.7899653716	        1.1542577476	        0.4874034650	        0.0000000000	        0.0000000000	        0.0000000000	        0.0063466254	        0.0044207155	        0.0009644148	        0.0040669687	        0.0002131515	        0.0020032378	        0.0029568069	        0.0002603119
        0.8488864424	        1.1564985424	        0.4746804039	        0.0000000000	        0.0000000000	        0.0000000000	        0.0067939845	        0.0045277860	        0.0009659842	        0.0039444983	        0.0001965947	        0.0020262239	        0.0029586997	        0.0002521975
        0.9088899606	        1.1572798561	        0.4620024490	        0.0000000000	        0.0000000000	        0.0000000000	        0.0070885192	        0.0046295402	        0.0009672950	        0.0038974774	        0.0001894591	        0.0020486745	        0.0029391658	        0.0002453330
        0.9695556872	        1.1566684046	        0.4494377000	        0.0000000000	        0.0000000000	        0.0000000000	        0.0072004078	        0.0047232271	        0.0009687472	        0.0039221637	        0.0001909124	        0.0020704314	        0.0028982261	        0.0002396907
        1.0304443128	        1.1546651298	        0.4370408741	        0.0000000000	        0.0000000000	        0.0000000000	        0.0071311739	        0.0048004591	        0.0009693850	        0.0040176349	        0.0002007941	        0.0020920227	        0.0028368076	        0.0002351996
        1.0911100394	        1.1512147758	        0.4248615505	        0.0000000000	        0.0000000000	        0.0000000000	        0.0069110975	        0.0048653935	        0.0009694448	        0.0041852184	        0.0002195328	        0.0021145296	        0.0027567347	        0.0002317704
        1.1511135576	        1.1462252710	        0.4129684464	        0.0000000000	        0.0000000000	        0.0000000000	        0.0065876270	        0.0049317457	        0.0009700810	        0.0044272944	        0.0002480285	        0.0021393703	        0.0026609045	        0.0002293261
        1.2100346284	        1.1395948008	        0.4014422300	        0.0000000000	        0.0000000000	        0.0000000000	        0.0062106952	        0.0050016526	        0.0009709377	        0.0047456179	        0.0002874924	        0.0021679184	        0.0025532685	        0.0002278210
        1.2674835104	        1.1312418088	        0.3903542856	        0.0000000000	        0.0000000000	        0.0000000000	        0.0058209763	        0.0050732318	        0.0009720175	        0.0051396053	        0.0003392531	        0.0022009953	        0.0024386580	        0.0002272743
        1.3231105990	        1.1211300427	        0.3797562909	        0.0000000000	        0.0000000000	        0.0000000000	        0.0054442838	        0.0051396787	        0.0009731942	        0.0056052051	        0.0004045747	        0.0022383890	        0.0023221987	        0.0002277747
        1.3766138158	        1.1092807019	        0.3696730886	        0.0000000000	        0.0000000000	        0.0000000000	        0.0050918966	        0.0051901427	        0.0009742622	        0.0061347852	        0.0004845440	        0.0022785848	        0.0022086892	        0.0002294714
        1.4277434942	        1.0957684730	        0.3601013146	        0.0000000000	        0.0000000000	        0.0000000000	        0.0047644546	        0.0052118851	        0.0009750044	        0.0067180578	        0.0005800681	        0.0023188416	        0.0021021290	        0.0002325560
        1.4763047249	        1.0807050164	        0.3510131512	        0.0000000000	        0.0000000000	        0.0000000000	        0.0044567925	        0.0051928034	        0.0009752403	        0.0073435833	        0.0006919720	        0.0023555834	        0.0020055000	        0.0002372458
        1.5221573100	        1.0642175220	        0.3423627291	        0.0000000000	        0.0000000000	        0.0000000000	        0.0041619683	        0.0051235105	        0.0009748391	        0.0080002270	        0.0008211464	        0.0023849443	        0.0019207813	        0.0002437707
        1.5652136297	        1.0464293413	        0.3340926959	        0.0000000000	        0.0000000000	        0.0000000000	        0.0038738402	        0.0049985762	        0.0009737075	        0.0086781264	        0.0009686830	        0.0024032822	        0.0018491086	        0.0002523692
        1.6054348249	        1.0274463411	        0.3261394898	        0.0000000000	        0.0000000000	        0.0000000000	        0.0035882899	        0.0048169309	        0.0009717691	        0.0093690520	        0.0011359614	        0.0024075507	        0.0017909855	        0.0002632893
        1.6428257449	        1.0073493785	        0.3184368859	        0.0000000000	        0.0000000000	        0.0000000000	        0.0033034888	        0.0045816281	        0.0009689454	        0.0100662701	        0.0013246708	        0.0023955020	        0.0017464833	        0.0002767925
        1.6774291124	        0.9861915557	        0.3109179973	        0.0000000000	        0.0000000000	        0.0000000000	        0.0030196184	        0.0042991912	        0.0009651407	        0.0107640934	        0.0015367718	        0.0023657499	        0.0017153970	        0.0002931594
        1.7093193206	        0.9639985292	        0.3035161175	        0.0000000000	        0.0000000000	        0.0000000000	        0.0027383493	        0.0039787290	        0.0009602302	        0.0114572779	        0.0017743982	        0.0023177392	        0.0016973504	        0.0003126919
        1.7385962156	        0.9407704829	        0.2961647810	        0.0000000000	        0.0000000000	        0.0000000000	        0.0024622747	        0.0036309568	        0.0009540486	        0.0121403598	        0.0020396971	        0.0022516602	        0.0016918509	        0.0003357121
        1.7653791443	        0.9164848872	        0.2887973304	        0.0000000000	        0.0000000000	        0.0000000000	        0.0021943979	        0.0032672282	        0.0009463779	        0.0128069794	        0.0023345942	        0.0021683395	        0.0016982989	        0.0003625550
        1.7898014704	        0.8910996215	        0.2813461893	        0.0000000000	        0.0000000000	        0.0000000000	        0.0019377234	        0.0028986646	        0.0009369322	        0.0134492040	        0.0026604625	        0.0020691250	        0.0017159536	        0.0003935506
        1.8120056873	        0.8645563751	        0.2737419835	        0.0000000000	        0.0000000000	        0.0000000000	        0.0016949597	        0.0025354438	        0.0009253397	        0.0140568557	        0.0030176685	        0.0019557765	        0.0017438553	        0.0004289922
        1.8321391985	        0.8367844681	        0.2659126357	        0.0000000000	        0.0000000000	        0.0000000000	        0.0014683290	        0.0021862904	        0.0009111206	        0.0146168588	        0.0034049710	        0.0018303663	        0.0017807021	        0.0004690848
        1.8503507799	        0.8077053919	        0.2577825795	        0.0000000000	        0.0000000000	        0.0000000000	        0.0012594653	        0.0018581789	        0.0008936632	        0.0151126525	        0.0038187618	        0.0016951936	        0.0018246757	        0.0005138642
        1.8667877045	        0.7772384721	        0.2492723292	        0.0000000000	        0.0000000000	        0.0000000000	        0.0010693849	        0.0015562369	        0.0008722008	        0.0155237584	        0.0042521697	        0.0015527132	        0.0018732170	        0.0005630800
        1.8815934821	        0.7453081047	        0.2402988025	        0.0000000000	        0.0000000000	        0.0000000000	        0.0008985078	        0.0012838162	        0.0008457978	        0.0158256600	        0.0046941152	        0.0014054766	        0.0019227587	        0.0006160335
        1.8949061510	        0.7118529882	        0.2307770887	        0.0000000000	        0.0000000000	        0.0000000000	        0.0007467155	        0.0010426857	        0.0008133621	        0.0159902268	        0.0051285055	        0.0012560836	        0.0019684510	        0.0006713722
        1.9068570493	        0.6768376296	        0.2206247955	        0.0000000000	        0.0000000000	        0.0000000000	        0.0006134312	        0.0008332947	        0.0007737204	        0.0159869883	        0.0055338975	        0.0011071401	        0.0020039639	        0.0007268631
        1.9175699947	        0.6402660852	        0.2097706427	        0.0000000000	        0.0000000000	        0.0000000000	        0.0004977124	        0.0006550555	        0.0007258099	        0.0157855872	        0.0058840954	        0.0009612167	        0.0020215339	        0.0007792133
        1.9271607996	        0.6021973871	        0.1981692440	        0.0000000000	        0.0000000000	        0.0000000000	        0.0003983470	        0.0005065922	        0.0006690558	        0.0153596485	        0.0061502147	        0.0008208005	        0.0020125192	        0.0008240781
        1.9357370589	        0.5627614208	        0.1858229688	        0.0000000000	        0.0000000000	        0.0000000000	        0.0003139500	        0.0003859057	        0.0006039404	        0.0146920099	        0.0063045947	        0.0006882314	        0.0019687591	        0.0008564631
        1.9433981504	        0.5221732866	        0.1728075922	        0.0000000000	        0.0000000000	        0.0000000000	        0.0002430537	        0.0002904255	        0.0005325628	        0.0137807109	        0.0063264529	        0.0005656177	        0.0018847846	        0.0008716905
        1.9502353978	        0.4807435847	        0.1592902972	        0.0000000000	        0.0000000000	        0.0000000000	        0.0001841904	        0.0002169733	        0.0004586643	        0.0126444086	        0.0062083288	        0.0004547280	        0.0017602364	        0.0008667898
        1.9563323538	        0.4388818181	        0.1455219265	        0.0000000000	        0.0000000000	        0.0000000000	        0.0001359626	        0.0001617638	        0.0003865897	        0.0113252965	        0.0059614646	        0.0003568721	        0.0016010400	        0.0008416596
        1.9617651675	        0.3970902078	        0.1317938030	        0.0000000000	        0.0000000000	        0.0000000000	        0.0000970960	        0.0001206464	        0.0003195443	        0.0098876280	        0.0056179284	        0.0002727952	        0.0014181416	        0.0007991867
        1.9666030060	        0.3559454440	        0.1183771543	        0.0000000000	        0.0000000000	        0.0000000000	        0.0000664691	        0.0000896834	        0.0002586370	        0.0084108786	        0.0052280095	        0.0002026193	        0.0012244178	        0.0007442397
        1.9709085097	        0.3160973094	        0.1054826210	        0.0000000000	        0.0000000000	        0.0000000000	        0.0000436342	        0.0000658420	        0.0002037362	        0.0069794860	        0.0048535462	        0.0001459000	        0.0010318107	        0.0006823690
        1.9747382607	        0.2784597152	        0.0932594535	        0.0000000000	        0.0000000000	        0.0000000000	        0.0000315886	        0.0000473575	        0.0001552831	        0.0056759079	        0.0045575712	        0.0001019617	        0.0008499181	        0.0006189532
        1.9781432525	        0.2436464234	        0.0818130514	        0.0000000000	        0.0000000000	        0.0000000000	        0.0000220287	        0.0000332263	        0.0001141539	        0.0045327105	        0.0043524859	        0.0000692360	        0.0006854937	        0.0005587116
        1.9811693494	        0.2116972837	        0.0712142676	        0.0000000000	        0.0000000000	        0.0000000000	        0.0000147406	        0.0000227193	        0.0000809421	        0.0035560785	        0.0042419181	        0.0000455837	        0.0005423424	        0.0005054036
        1.9838577298	        0.1825967831	        0.0615003657	        0.0000000000	        0.0000000000	        0.0000000000	        0.0000094408	        0.0000151597	        0.0000554951	        0.0027417425	        0.0042212300	        0.0000290331	        0.0004215907	        0.0004613713
        1.9862453073	        0.1562700240	        0.0526753188	        0.0000000000	        0.0000000000	        0.0000000000	        0.0000057782	        0.0000098820	        0.0000368878	        0.0020773440	        0.0042799936	        0.0000178422	        0.0003223111	        0.0004270031
        1.9883651267	        0.1325872573	        0.0447139703	        0.0000000000	        0.0000000000	        0.0000000000	        0.0000033746	        0.0000062830	        0.0000237736	        0.0015455754	        0.0044047202	        0.0000105439	        0.0002423046	        0.0004020285
        1.9902467340	        0.1113767756	        0.0375698836	        0.0000000000	        0.0000000000	        0.0000000000	        0.0000018759	        0.0000038762	        0.0000148020	        0.0011271986	        0.0045811601	        0.0000059637	        0.0001788318	        0.0003864073
        1.9919165179	        0.0924417361	        0.0311840094	        0.0000000000	        0.0000000000	        0.0000000000	        0.0000009879	        0.0000023021	        0.0000088440	        0.0008033038	        0.0047958463	        0.0000032067	        0.0001291354	        0.0003802155
        1.9933980257	        0.0755759872	        0.0254917433	        0.0000000000	        0.0000000000	        0.0000000000	        0.0000004889	        0.0000013026	        0.0000050233	        0.0005566435	        0.0050369011	        0.0000016234	        0.0000907185	        0.0003835884
        1.9947122508	        0.0605760686	        0.0204277167	        0.0000000000	        0.0000000000	        0.0000000000	        0.0000002244	        0.0000006926	        0.0000026772	        0.0003722112	        0.0052943109	        0.0000007625	        0.0000614486	        0.0003968390
        1.9958778967	        0.0472488506	        0.0159287370	        0.0000000000	        0.0000000000	        0.0000000000	        0.0000000935	        0.0000003393	        0.0000013133	        0.0002373346	        0.0055598922	        0.0000003250	        0.0000395642	        0.0004206733
        1.9969116151	        0.0354155750	        0.0119354557	        0.0000000000	        0.0000000000	        0.0000000000	        0.0000000341	        0.0000001483	        0.0000005744	        0.0001415165	        0.0058271165	        0.0000001212	        0.0000236381	        0.0004565317
        1.9978282231	        0.0249134129	        0.0083932010	        0.0000000000	        0.0000000000	        0.0000000000	        0.0000000102	        0.0000000546	        0.0000002114	        0.0000761719	        0.0060908899	        0.0000000370	        0.0000125276	        0.0005072346
        1.9986408981	        0.0155955135	        0.0052522735	        0.0000000000	        0.0000000000	        0.0000000000	        0.0000000022	        0.0000000149	        0.0000000577	        0.0000343451	        0.0063473351	        0.0000000081	        0.0000053263	        0.0005785060
        1.9993613540	        0.0073302355	        0.0024679018	        0.0000000000	        0.0000000000	        0.0000000000	        0.0000000002	        0.0000000021	        0.0000000080	        0.0000104429	        0.0065935928	        0.0000000009	        0.0000013264	        0.0006836831
        2.0000000000	        0.0000000000	        0.0000000000	        0.0000000000	        0.0000000000	        0.0000000000	        0.0000000000	        0.0000000000	        0.0000000000	        0.0000000000	        0.0068276473	        0.0000000000	        0.0000000000	        0.0008672243
