        0.0000000000	        0.0000000000	        1.0000000000	        1.5774651920	       30.2166963713	        0.0007256834	        0.0000000000	        0.0000000000	        0.0000000000	        0.0000000000	        0.0065044991	        0.0000000000	        0.0000000000	        0.0005204659
        0.0006386460	        0.0059474929	        0.9980437737	        1.4961083447	       30.1653632139	        0.0007172225	        0.0000000001	        0.0000000008	        0.0000000025	        0.0000059692	        0.0063402325	        0.0000000003	        0.0000007961	        0.0004152637
        0.0013591019	        0.0126528563	        0.9958610429	        1.4108561121	       30.1061230051	        0.0007081144	        0.0000000005	        0.0000000058	        0.0000000177	        0.0000196731	        0.0061637032	        0.0000000023	        0.0000032173	        0.0003528433
        0.0021717769	        0.0202112552	        0.9934279169	        1.3224989381	       30.0377487272	        0.0006983726	        0.0000000023	        0.0000000215	        0.0000000642	        0.0000437501	        0.0059752903	        0.0000000108	        0.0000075952	        0.0003088142
        0.0030883849	        0.0287293700	        0.9907183822	        1.2320611623	       29.9588613895	        0.0006880281	        0.0000000079	        0.0000000590	        0.0000001736	        0.0000815307	        0.0057757932	        0.0000000359	        0.0000143654	        0.0002756275
        0.0041221033	        0.0383266022	        0.9877042137	        1.1407718722	       29.8679392675	        0.0006771314	        0.0000000220	        0.0000001365	        0.0000003958	        0.0001371904	        0.0055665387	        0.0000000980	        0.0000240772	        0.0002498889
        0.0052877492	        0.0491362861	        0.9843549473	        1.0499751240	       29.7633477757	        0.0006657529	        0.0000000537	        0.0000002826	        0.0000008071	        0.0002159289	        0.0053495042	        0.0000002346	        0.0000374124	        0.0002297915
        0.0066019743	        0.0613067985	        0.9806379695	        0.9609390886	       29.6434028023	        0.0006539796	        0.0000001196	        0.0000005410	        0.0000015199	        0.0003241762	        0.0051274575	        0.0000005110	        0.0000552113	        0.0002142820
        0.0080834821	        0.0750023808	        0.9765187975	        0.8745025221	       29.5064867645	        0.0006419063	        0.0000002480	        0.0000009764	        0.0000026945	        0.0004698228	        0.0049041139	        0.0000010353	        0.0000785023	        0.0002027144
        0.0097532660	        0.0904033467	        0.9719616323	        0.7904659237	       29.3512459949	        0.0006296167	        0.0000004858	        0.0000016821	        0.0000045523	        0.0006624619	        0.0046843029	        0.0000019799	        0.0001085319	        0.0001946774
        0.0116348733	        0.1077051629	        0.9669302404	        0.7068745067	       29.1768363474	        0.0006171592	        0.0000009072	        0.0000027910	        0.0000073916	        0.0009136144	        0.0044741332	        0.0000036101	        0.0001467893	        0.0001898945
        0.0137546927	        0.1271156544	        0.9613891249	        0.6230204108	       28.9822141443	        0.0006046596	        0.0000016251	        0.0000044898	        0.0000116062	        0.0012368754	        0.0042811240	        0.0000063190	        0.0001950129	        0.0001881567
        0.0161422702	        0.1488493921	        0.9553053968	        0.5402721134	       28.7660185883	        0.0005923472	        0.0000028026	        0.0000070401	        0.0000177064	        0.0016478718	        0.0041142464	        0.0000106697	        0.0002551548	        0.0001892741
        0.0188306506	        0.1731183619	        0.9486519374	        0.4598116124	       28.5267217280	        0.0005804569	        0.0000046611	        0.0000108076	        0.0000263361	        0.0021638522	        0.0039837726	        0.0000174378	        0.0003292692	        0.0001930564
        0.0218567475	        0.2001186156	        0.9414119432	        0.3820634901	       28.2624704877	        0.0005691948	        0.0000074798	        0.0000162944	        0.0000382628	        0.0028026767	        0.0039007914	        0.0000276494	        0.0004192756	        0.0001993617
        0.0252617393	        0.2300140280	        0.9335843385	        0.3064156616	       27.9727592254	        0.0005588386	        0.0000115798	        0.0000241531	        0.0000542840	        0.0035809933	        0.0038762248	        0.0000426014	        0.0005265611	        0.0002082409
        0.0290914903	        0.2629202136	        0.9251881161	        0.2321709252	       27.6579938785	        0.0005497395	        0.0000172916	        0.0000351563	        0.0000750164	        0.0045115690	        0.0039192497	        0.0000638566	        0.0006514561	        0.0002199205
        0.0333969940	        0.2988927824	        0.9162635168	        0.1614205179	       27.3172891630	        0.0005422836	        0.0000249194	        0.0000501627	        0.0001007113	        0.0056001112	        0.0040352168	        0.0000932050	        0.0007927348	        0.0002341806
        0.0382348325	        0.3379227604	        0.9068709479	        0.0942911378	       26.9520361805	        0.0005368660	        0.0000347193	        0.0000701331	        0.0001312215	        0.0068423178	        0.0042234472	        0.0001325950	        0.0009472952	        0.0002500934
        0.0436676462	        0.3799382973	        0.8970878230	        0.0315033894	       26.5648049830	        0.0005339115	        0.0000469094	        0.0000962713	        0.0001661988	        0.0082220256	        0.0044755354	        0.0001840434	        0.0011101143	        0.0002664512
        0.0497646022	        0.4242295305	        0.8870081935	       -0.0246239367	       26.1585442062	        0.0005338215	        0.0000698172	        0.0001303223	        0.0002053548	        0.0096954346	        0.0047755855	        0.0002487491	        0.0012745060	        0.0002819415
        0.0566018496	        0.4697872561	        0.8767487138	       -0.0727875003	       25.7366475377	        0.0005368748	        0.0001000268	        0.0001750208	        0.0002485928	        0.0111651823	        0.0050648734	        0.0003268050	        0.0014326468	        0.0002952603
        0.0642629411	        0.5159023266	        0.8664566809	       -0.1123520790	       25.3034838708	        0.0005432565	        0.0001381418	        0.0002346303	        0.0002960479	        0.0125387366	        0.0052909006	        0.0004180089	        0.0015764335	        0.0003052625
        0.0728392004	        0.5619278300	        0.8563011103	       -0.1421038286	       24.8651056963	        0.0005530243	        0.0001852293	        0.0003143842	        0.0003470536	        0.0137342004	        0.0054148609	        0.0005214472	        0.0016988555	        0.0003111636
        0.0824300053	        0.6072972680	        0.8464398475	       -0.1621595367	       24.4281294144	        0.0005660568	        0.0002424087	        0.0004195059	        0.0003998872	        0.0146911875	        0.0054166270	        0.0006355001	        0.0017957375	        0.0003127488
        0.0931429507	        0.6515514043	        0.8369823887	       -0.1745239933	       23.9972500545	        0.0005821096	        0.0003107936	        0.0005542782	        0.0004524666	        0.0153763393	        0.0052952058	        0.0007579550	        0.0018667527	        0.0003104209
        0.1050938490	        0.6943481417	        0.8279715917	       -0.1800553942	       23.5773927063	        0.0006009931	        0.0003914231	        0.0007215071	        0.0005032181	        0.0157824369	        0.0050649548	        0.0008861590	        0.0019149515	        0.0003050161
        0.1184065179	        0.7354576525	        0.8193918999	       -0.1770376373	       23.1705391173	        0.0006221493	        0.0004851868	        0.0009223477	        0.0005512521	        0.0159231439	        0.0047496062	        0.0010171804	        0.0019452847	        0.0002975152
        0.1332122955	        0.7747472282	        0.8111931403	       -0.1704030585	       22.7794841186	        0.0006450099	        0.0005927492	        0.0011562646	        0.0005963030	        0.0158259634	        0.0043762597	        0.0011479585	        0.0019631854	        0.0002888244
        0.1496492201	        0.8121606980	        0.8033038184	       -0.1603572845	       22.4052637768	        0.0006691818	        0.0007144837	        0.0014209687	        0.0006385377	        0.0155253947	        0.0039707303	        0.0012754322	        0.0019736885	        0.0002796726
        0.1678608015	        0.8476963962	        0.7956450504	       -0.1477091718	       22.0449366397	        0.0006940690	        0.0008504297	        0.0017122940	        0.0006781266	        0.0150575858	        0.0035547946	        0.0013966526	        0.0019810589	        0.0002705931
        0.1879943127	        0.8813862751	        0.7881374676	       -0.1352437063	       21.6990036550	        0.0007193291	        0.0010002889	        0.0020240815	        0.0007153043	        0.0144568040	        0.0031451134	        0.0015088902	        0.0019887895	        0.0002619546
        0.2101985296	        0.9132774141	        0.7807005447	       -0.1219185142	       21.3629630239	        0.0007446490	        0.0011634848	        0.0023481751	        0.0007502517	        0.0137535579	        0.0027533213	        0.0016097443	        0.0019997175	        0.0002540005
        0.2346208557	        0.9434162484	        0.7732556129	       -0.1092518232	       21.0349678549	        0.0007696866	        0.0013393087	        0.0026746196	        0.0007830270	        0.0129740581	        0.0023867774	        0.0016972706	        0.0020161756	        0.0002468841
        0.2614037844	        0.9718353150	        0.7657231395	       -0.0971801266	       20.7108912897	        0.0007942441	        0.0015271830	        0.0029921559	        0.0008136875	        0.0121405476	        0.0020495523	        0.0017701281	        0.0020401367	        0.0002406983
        0.2906806794	        0.9985422368	        0.7580222415	       -0.0860583589	       20.3882646053	        0.0008182514	        0.0017270677	        0.0032890561	        0.0008422330	        0.0112722174	        0.0017434167	        0.0018277445	        0.0020733013	        0.0002354942
        0.3225708876	        1.0235110341	        0.7500694505	       -0.0760246949	       20.0644363040	        0.0008413756	        0.0019400237	        0.0035543062	        0.0008686666	        0.0103864340	        0.0014686964	        0.0018704866	        0.0021171326	        0.0002312926
        0.3571742551	        1.0466766704	        0.7417785173	       -0.0670668166	       19.7338155916	        0.0008629850	        0.0021689039	        0.0037790685	        0.0008929916	        0.0095000679	        0.0012249413	        0.0018997989	        0.0021728173	        0.0002280900
        0.3945651751	        1.0679349480	        0.7330619550	       -0.0598440233	       19.3949730119	        0.0008833422	        0.0024190593	        0.0039582489	        0.0009153404	        0.0086306639	        0.0010113819	        0.0019182460	        0.0022411468	        0.0002258599
        0.4347863703	        1.0871510601	        0.7238327340	       -0.0534342157	       19.0465244680	        0.0009032239	        0.0026987899	        0.0040918412	        0.0009358811	        0.0077970823	        0.0008271600	        0.0019293661	        0.0023222796	        0.0002245492
        0.4778426900	        1.1041801039	        0.7140136071	       -0.0478450283	       18.6871119031	        0.0009229204	        0.0030190416	        0.0041855424	        0.0009547590	        0.0070191960	        0.0006713321	        0.0019372491	        0.0024154320	        0.0002240767
        0.5236952751	        1.1188997527	        0.7035470911	       -0.0420722967	       18.3159611180	        0.0009419632	        0.0033916579	        0.0042500874	        0.0009720621	        0.0063163053	        0.0005426838	        0.0019458270	        0.0025186066	        0.0002243407
        0.5722565058	        1.1312481418	        0.6924110386	       -0.0379118752	       17.9300787515	        0.0009592774	        0.0038255611	        0.0042989839	        0.0009881710	        0.0057045183	        0.0004394794	        0.0019580454	        0.0026285544	        0.0002252421
        0.6233861842	        1.1412521853	        0.6806191665	       -0.0349496689	       17.5281787568	        0.0009755702	        0.0043209500	        0.0043450444	        0.0010037884	        0.0051940583	        0.0003593212	        0.0019752460	        0.0027410124	        0.0002267143
        0.6768894010	        1.1490310061	        0.6682217029	       -0.0328272143	       17.1070352355	        0.0009916823	        0.0048629864	        0.0043969320	        0.0010194010	        0.0047879498	        0.0002992654	        0.0019970999	        0.0028511872	        0.0002287464
        0.7325164896	        1.1547703324	        0.6552966180	       -0.0329293229	       16.6664704307	        0.0010081595	        0.0054179941	        0.0044573203	        0.0010355867	        0.0044828394	        0.0002561698	        0.0020221171	        0.0029545230	        0.0002314008
        0.7899653716	        1.1586789785	        0.6419249883	       -0.0337814353	       16.2107110294	        0.0010255713	        0.0059355898	        0.0045234651	        0.0010527584	        0.0042714847	        0.0002271134	        0.0020484157	        0.0030472323	        0.0002348013
        0.8488864424	        1.1609451298	        0.6281847090	       -0.0367253954	       15.7424597169	        0.0010446177	        0.0063582824	        0.0045897877	        0.0010712801	        0.0041457398	        0.0002097292	        0.0020743979	        0.0031264680	        0.0002391025
        0.9088899606	        1.1617050083	        0.6141357020	       -0.0397344127	       15.2710308025	        0.0010649938	        0.0066363843	        0.0046512032	        0.0010913988	        0.0040988884	        0.0002023728	        0.0020991161	        0.0031901002	        0.0002444480
        0.9695556872	        1.1610275486	        0.5998360215	       -0.0425329431	       14.8049170214	        0.0010868173	        0.0067423966	        0.0047057766	        0.0011137313	        0.0041269505	        0.0002041597	        0.0021223968	        0.0032364040	        0.0002509336
        1.0304443128	        1.1589133301	        0.5853319249	       -0.0445064464	       14.3488566773	        0.0011101067	        0.0066784799	        0.0047409783	        0.0011361621	        0.0042288762	        0.0002149157	        0.0021447764	        0.0032636603	        0.0002585768
        1.0911100394	        1.1553052258	        0.5706703052	       -0.0461861965	       13.9100205780	        0.0011348721	        0.0064736699	        0.0047617248	        0.0011584968	        0.0044059016	        0.0002350813	        0.0021673588	        0.0032704961	        0.0002673333
        1.1511135576	        1.1501090184	        0.5559388271	       -0.0474640527	       13.4919620527	        0.0011600350	        0.0061727344	        0.0047865258	        0.0011823615	        0.0046602756	        0.0002655822	        0.0021915997	        0.0032563133	        0.0002770944
        1.2100346284	        1.1432216694	        0.5412601816	       -0.0472217447	       13.0990762964	        0.0011845857	        0.0058223648	        0.0048171864	        0.0012064027	        0.0049934895	        0.0003076525	        0.0022189121	        0.0032217103	        0.0002877041
        1.2674835104	        1.1345621733	        0.5267644583	       -0.0454330864	       12.7347447144	        0.0012081005	        0.0054603112	        0.0048517022	        0.0012297311	        0.0054044996	        0.0003626255	        0.0022501405	        0.0031692376	        0.0002990498
        1.3231105990	        1.1240968383	        0.5125718761	       -0.0425595072	       12.3959363422	        0.0012289695	        0.0051103296	        0.0048836072	        0.0012514673	        0.0058886045	        0.0004317439	        0.0022850735	        0.0031032388	        0.0003111139
        1.3766138158	        1.1118510060	        0.4987752321	       -0.0387238279	       12.0799522392	        0.0012480950	        0.0047826407	        0.0049029438	        0.0012708438	        0.0064373976	        0.0005160456	        0.0023221779	        0.0030292151	        0.0003240009
        1.4277434942	        1.0979042675	        0.4854317890	       -0.0344106878	       11.7835518341	        0.0012652724	        0.0044776414	        0.0048983034	        0.0012872851	        0.0070397925	        0.0006163693	        0.0023586935	        0.0029529827	        0.0003379357
        1.4763047249	        1.0823731286	        0.4725615800	       -0.0303739505	       11.5031083741	        0.0012793531	        0.0041904287	        0.0048590749	        0.0013005879	        0.0076836084	        0.0007334623	        0.0023910446	        0.0028799319	        0.0003532386
        1.5221573100	        1.0653890155	        0.4601507245	       -0.0251998113	       11.2392933985	        0.0012903700	        0.0039145370	        0.0047771816	        0.0013105456	        0.0083570621	        0.0008681325	        0.0024153959	        0.0028144974	        0.0003702868
        1.5652136297	        1.0470786676	        0.4481651029	       -0.0202835760	       10.9902693432	        0.0012994233	        0.0036443044	        0.0046480362	        0.0013170263	        0.0090497600	        0.0010213890	        0.0024281784	        0.0027600194	        0.0003894872
        1.6054348249	        1.0275504837	        0.4365524457	       -0.0142929894	       10.7525978162	        0.0013048578	        0.0033759931	        0.0044707876	        0.0013200143	        0.0097530106	        0.0011945197	        0.0024264509	        0.0027188179	        0.0004112594
        1.6428257449	        1.0068871274	        0.4252523391	       -0.0075088649	       10.5278333218	        0.0013072092	        0.0031080149	        0.0042480344	        0.0013193547	        0.0104596656	        0.0013891062	        0.0024080997	        0.0026923378	        0.0004360247
        1.6774291124	        0.9851429596	        0.4141986498	        0.0000459508	       10.3125540277	        0.0013079086	        0.0028406588	        0.0039852505	        0.0013149927	        0.0111636230	        0.0016069693	        0.0023718901	        0.0026813681	        0.0004642065
        1.7093193206	        0.9623445562	        0.4033215117	        0.0079828009	       10.1036994067	        0.0013070821	        0.0025755980	        0.0036900510	        0.0013069433	        0.0118591827	        0.0018500527	        0.0023174248	        0.0026861904	        0.0004962286
        1.7385962156	        0.9384929071	        0.3925475434	        0.0169228543	        9.8999019081	        0.0013040681	        0.0023153556	        0.0033714027	        0.0012951776	        0.0125403458	        0.0021202391	        0.0022450493	        0.0027066533	        0.0005325067
        1.7653791443	        0.9135664212	        0.3818015582	        0.0265418470	        9.7003374110	        0.0012994933	        0.0020628222	        0.0030388513	        0.0012795893	        0.0132001224	        0.0024190916	        0.0021557383	        0.0027421979	        0.0005734341
        1.7898014704	        0.8875243280	        0.3710056935	        0.0366282328	        9.5012973050	        0.0012930227	        0.0018208722	        0.0027018291	        0.0012600712	        0.0138298380	        0.0027474938	        0.0020509746	        0.0027918335	        0.0006193586
        1.8120056873	        0.8603104054	        0.3600786604	        0.0482519313	        9.3016992719	        0.0012846803	        0.0015920864	        0.0023690781	        0.0012363427	        0.0144184625	        0.0031051685	        0.0019326366	        0.0028540310	        0.0006705396
        1.8321391985	        0.8318571869	        0.3489369212	        0.0598077700	        9.0996061864	        0.0012752548	        0.0013785727	        0.0020482213	        0.0012080495	        0.0149519995	        0.0034900610	        0.0018028997	        0.0029265778	        0.0007270880
        1.8503507799	        0.8020909530	        0.3374917679	        0.0721330034	        8.8904626477	        0.0012644833	        0.0011818750	        0.0017455001	        0.0011747466	        0.0154129435	        0.0038975730	        0.0016641470	        0.0030063555	        0.0007888747
        1.8667877045	        0.7709379112	        0.3256506849	        0.0835453616	        8.6752061133	        0.0012528238	        0.0010029457	        0.0014656604	        0.0011358344	        0.0157799716	        0.0043197048	        0.0015188994	        0.0030890414	        0.0008553963
        1.8815934821	        0.7383319760	        0.3133162324	        0.0929266420	        8.4486341640	        0.0012408331	        0.0008421690	        0.0012119799	        0.0010906380	        0.0160279840	        0.0047441989	        0.0013697549	        0.0031687667	        0.0009255965
        1.8949061510	        0.7042245164	        0.3003878831	        0.1005324614	        8.2108416010	        0.0012290231	        0.0006994180	        0.0009863938	        0.0010382638	        0.0161287733	        0.0051539121	        0.0012193395	        0.0032377523	        0.0009976322
        1.9068570493	        0.6685962198	        0.2867689754	        0.1028183960	        7.9633130795	        0.0012180045	        0.0005741314	        0.0007896840	        0.0009777898	        0.0160526303	        0.0055267710	        0.0010702643	        0.0032861211	        0.0010686289
        1.9175699947	        0.6314708710	        0.2723749027	        0.0991362134	        7.7063443252	        0.0012083525	        0.0004654037	        0.0006216869	        0.0009084981	        0.0157711280	        0.0058367449	        0.0009250803	        0.0033021049	        0.0011344958
        1.9271607996	        0.5929303009	        0.2571526421	        0.0891568150	        7.4399262503	        0.0012003431	        0.0003720778	        0.0004814664	        0.0008301915	        0.0152613008	        0.0060563347	        0.0007862264	        0.0032730301	        0.0011899593
        1.9357370589	        0.5531290699	        0.2411089441	        0.0700352366	        7.1672491567	        0.0011942854	        0.0002928376	        0.0003674079	        0.0007439431	        0.0145109924	        0.0061608053	        0.0006559628	        0.0031875511	        0.0012290796
        1.9433981504	        0.5123068371	        0.2243388939	        0.0421313966	        6.8974323775	        0.0011905549	        0.0002262956	        0.0002772160	        0.0006526364	        0.0135245529	        0.0061338163	        0.0005362813	        0.0030390086	        0.0012464095
        1.9502353978	        0.4707959672	        0.2070447589	        0.0054918282	        6.6283386918	        0.0011891455	        0.0001710717	        0.0002078630	        0.0005607193	        0.0123274546	        0.0059733140	        0.0004287964	        0.0028287390	        0.0012385832
        1.9563323538	        0.4290218822	        0.1895200574	       -0.0392564387	        6.3648595844	        0.0011900962	        0.0001258599	        0.0001556411	        0.0004728006	        0.0109678989	        0.0056957703	        0.0003346307	        0.0025671899	        0.0012055632
        1.9617651675	        0.3874939143	        0.1720935559	       -0.0882295592	        6.1196052882	        0.0011931482	        0.0000894770	        0.0001165079	        0.0003917097	        0.0095138449	        0.0053368605	        0.0002543243	        0.0022714856	        0.0011506856
        1.9666030060	        0.3467845826	        0.1550629745	       -0.1405525025	        5.8899640796	        0.0011980211	        0.0000608861	        0.0000867456	        0.0003179061	        0.0080450359	        0.0049476705	        0.0001877983	        0.0019609034	        0.0010795719
        1.9709085097	        0.3076013281	        0.1386576463	       -0.1946596550	        5.6743311804	        0.0012044377	        0.0000409606	        0.0000636486	        0.0002510493	        0.0066454487	        0.0045886375	        0.0001345389	        0.0016531760	        0.0009988487
        1.9747382607	        0.2707874469	        0.1230456605	       -0.2475575819	        5.4781793121	        0.0012118948	        0.0000295576	        0.0000456831	        0.0001917722	        0.0053839245	        0.0043085950	        0.0000936264	        0.0013627434	        0.0009152944
        1.9781432525	        0.2367960428	        0.1083546801	       -0.2982450147	        5.3015961132	        0.0012201201	        0.0000205420	        0.0000319625	        0.0001413035	        0.0042851475	        0.0041169598	        0.0000633167	        0.0010999961	        0.0008352469
        1.9811693494	        0.2056504943	        0.0946783924	       -0.3467090780	        5.1435163694	        0.0012287801	        0.0000137007	        0.0000217961	        0.0001004722	        0.0033520779	        0.0040149137	        0.0000415255	        0.0008709397	        0.0007640637
        1.9838577298	        0.1773200141	        0.0820728626	       -0.3925153201	        5.0037129168	        0.0012375316	        0.0000087497	        0.0000145096	        0.0000691178	        0.0025780319	        0.0039964415	        0.0000263536	        0.0006774500	        0.0007050984
        1.9862453073	        0.1517171171	        0.0705540955	       -0.4347497033	        4.8826179025	        0.0012460817	        0.0000053429	        0.0000094397	        0.0000461195	        0.0019491772	        0.0040507338	        0.0000161425	        0.0005181575	        0.0006589805
        1.9883651267	        0.1287034928	        0.0601018636	       -0.4739277836	        4.7776210007	        0.0012543691	        0.0000031151	        0.0000059908	        0.0000298416	        0.0014475975	        0.0041646781	        0.0000095112	        0.0003896440	        0.0006257533
        1.9902467340	        0.1081032826	        0.0506685028	       -0.5110807159	        4.6851112226	        0.0012624281	        0.0000017296	        0.0000036894	        0.0000186526	        0.0010540891	        0.0043248634	        0.0000053652	        0.0002876008	        0.0006058374
        1.9919165179	        0.0897192914	        0.0421891225	       -0.5473839070	        4.6035235891	        0.0012702213	        0.0000009101	        0.0000021874	        0.0000111869	        0.0007501641	        0.0045188643	        0.0000028780	        0.0002076613	        0.0005997481
        1.9933980257	        0.0733476966	        0.0345901289	       -0.5840910786	        4.5326219380	        0.0012776749	        0.0000004502	        0.0000012358	        0.0000063776	        0.0005191771	        0.0047358711	        0.0000014538	        0.0001458506	        0.0006080236
        1.9947122508	        0.0587889288	        0.0277951923	       -0.6215570890	        4.4717277587	        0.0012847330	        0.0000002065	        0.0000006562	        0.0000034114	        0.0003467684	        0.0049668628	        0.0000006815	        0.0000987583	        0.0006314237
        1.9958778967	        0.0458544485	        0.0217291283	       -0.6595973217	        4.4198732712	        0.0012913594	        0.0000000860	        0.0000003211	        0.0000016794	        0.0002208839	        0.0052045299	        0.0000002899	        0.0000635577	        0.0006712777
        1.9969116151	        0.0343702290	        0.0163202492	       -0.6977794109	        4.3759877979	        0.0012975345	        0.0000000314	        0.0000001402	        0.0000007372	        0.0001315822	        0.0054430860	        0.0000001079	        0.0000379526	        0.0007300307
        1.9978282231	        0.0241779984	        0.0115016617	       -0.7355958717	        4.3390078739	        0.0013032523	        0.0000000094	        0.0000000516	        0.0000002722	        0.0000707620	        0.0056780512	        0.0000000329	        0.0000201007	        0.0008122730
        1.9986408981	        0.0151351349	        0.0072118578	       -0.7725603106	        4.3079380685	        0.0013085174	        0.0000000020	        0.0000000141	        0.0000000745	        0.0000318789	        0.0059060444	        0.0000000072	        0.0000085390	        0.0009271556
        1.9993613540	        0.0071138428	        0.0033948457	       -0.8082556897	        4.2818806220	        0.0013133425	        0.0000000002	        0.0000000019	        0.0000000103	        0.0000096848	        0.0061245965	        0.0000000008	        0.0000021238	        0.0010958330
        2.0000000000	        0.0000000000	        0.0000000000	       -0.8423534219	        4.2600459163	        0.0013177459	        0.0000000000	        0.0000000000	        0.0000000000	        0.0000000000	        0.0063319896	        0.0000000000	        0.0000000000	        0.0013885564
