        0.0000000000	        0.0000000000	        1.0000000000	        4.7664869284	       30.0118261104	        0.0008568684	        0.0000000000	        0.0000000000	        0.0000000000	        0.0000000000	        0.0054179913	        0.0000000000	        0.0000000000	        0.0000025887
        0.0006386460	        0.0057293908	        0.9981732848	        4.5267422459	       29.9568182055	        0.0008310603	        0.0000000000	        0.0000000007	        0.0000000019	        0.0000049721	        0.0052935255	        0.0000000002	        0.0000000040	        0.0000023353
        0.0013591019	        0.0121885810	        0.9961860743	        4.2729990286	       29.8952566386	        0.0008033121	        0.0000000004	        0.0000000046	        0.0000000125	        0.0000164110	        0.0051594676	        0.0000000018	        0.0000000170	        0.0000022792
        0.0021717769	        0.0194691379	        0.9940328638	        4.0069260989	       29.8264744213	        0.0007736799	        0.0000000020	        0.0000000160	        0.0000000416	        0.0000365508	        0.0050160399	        0.0000000083	        0.0000000422	        0.0000023379
        0.0030883849	        0.0276736959	        0.9917098166	        3.7308578089	       29.7497809129	        0.0007422790	        0.0000000067	        0.0000000412	        0.0000001021	        0.0000682250	        0.0048637847	        0.0000000277	        0.0000000842	        0.0000024864
        0.0041221033	        0.0369171240	        0.9892151355	        3.4477878113	       29.6644818920	        0.0007092923	        0.0000000185	        0.0000000889	        0.0000002092	        0.0001150040	        0.0047036513	        0.0000000760	        0.0000001489	        0.0000027122
        0.0052877492	        0.0473277095	        0.9865494382	        3.1612451252	       29.5699112545	        0.0006749734	        0.0000000454	        0.0000001716	        0.0000003814	        0.0001813585	        0.0045370995	        0.0000001826	        0.0000002444	        0.0000030060
        0.0066019743	        0.0590482748	        0.9837161278	        2.8749668173	       29.4654795378	        0.0006396412	        0.0000001012	        0.0000003067	        0.0000006408	        0.0002728512	        0.0043662192	        0.0000003993	        0.0000003810	        0.0000033587
        0.0080834821	        0.0722370663	        0.9807217476	        2.5922354446	       29.3507467189	        0.0006036576	        0.0000002103	        0.0000005188	        0.0000010132	        0.0003963558	        0.0041938679	        0.0000008123	        0.0000005714	        0.0000037600
        0.0097532660	        0.0870681456	        0.9775762681	        2.3146813652	       29.2255299586	        0.0005673773	        0.0000004126	        0.0000008429	        0.0000015293	        0.0005602961	        0.0040238221	        0.0000015606	        0.0000008306	        0.0000041978
        0.0116348733	        0.1037308447	        0.9742931261	        2.0408403371	       29.0900202564	        0.0005310777	        0.0000007724	        0.0000013280	        0.0000022248	        0.0007748856	        0.0038609374	        0.0000028596	        0.0000011758	        0.0000046583
        0.0137546927	        0.1224276383	        0.9708885558	        1.7723647661	       28.9443508138	        0.0004951974	        0.0000013873	        0.0000020438	        0.0000031416	        0.0010523215	        0.0037112929	        0.0000050323	        0.0000016256	        0.0000051274
        0.0161422702	        0.1433695887	        0.9673805811	        1.5156274604	       28.7884749774	        0.0004603550	        0.0000024000	        0.0000030878	        0.0000043291	        0.0014068458	        0.0035822819	        0.0000085468	        0.0000021990	        0.0000055905
        0.0188306506	        0.1667684826	        0.9637883592	        1.2759197305	       28.6223124043	        0.0004271171	        0.0000040063	        0.0000045974	        0.0000058453	        0.0018545273	        0.0034825689	        0.0000140569	        0.0000029135	        0.0000060355
        0.0218567475	        0.1928251829	        0.9601315344	        1.0551122148	       28.4456568738	        0.0003958879	        0.0000064572	        0.0000067626	        0.0000077563	        0.0024125575	        0.0034217978	        0.0000224412	        0.0000037837	        0.0000064546
        0.0252617393	        0.2217148218	        0.9564288969	        0.8531549837	       28.2590662706	        0.0003671280	        0.0000100472	        0.0000098354	        0.0000101310	        0.0030978373	        0.0034099044	        0.0000348310	        0.0000048191	        0.0000068510
        0.0290914903	        0.2535711710	        0.9526959738	        0.6685036702	       28.0637316862	        0.0003413519	        0.0000150879	        0.0000141260	        0.0000130308	        0.0039247485	        0.0034559142	        0.0000526174	        0.0000060240	        0.0000072459
        0.0333969940	        0.2884738680	        0.9489408935	        0.5013076092	       27.8602914859	        0.0003191097	        0.0000218734	        0.0000199863	        0.0000165088	        0.0049022826	        0.0035662329	        0.0000774296	        0.0000074026	        0.0000076719
        0.0382348325	        0.3264416505	        0.9451598995	        0.3545666087	       27.6478720044	        0.0003008690	        0.0000306551	        0.0000278032	        0.0000206328	        0.0060310898	        0.0037426632	        0.0001110819	        0.0000089706	        0.0000081611
        0.0436676462	        0.3674318701	        0.9413352946	        0.2296466328	       27.4275532365	        0.0002869337	        0.0000416420	        0.0000380237	        0.0000255277	        0.0073012407	        0.0039806340	        0.0001554953	        0.0000107700	        0.0000087542
        0.0497646022	        0.4110965732	        0.9374354876	        0.1247261812	       27.1998710485	        0.0002775033	        0.0000584852	        0.0000512442	        0.0000314404	        0.0086851135	        0.0042684600	        0.0002123054	        0.0000128845	        0.0000095081
        0.0566018496	        0.4565656136	        0.9334159500	        0.0377765315	       26.9640046405	        0.0002727471	        0.0000846662	        0.0000683456	        0.0000387908	        0.0101164167	        0.0045720216	        0.0002821590	        0.0000154473	        0.0000104912
        0.0642629411	        0.5029676654	        0.9292232125	       -0.0316952208	       26.7200851342	        0.0002727259	        0.0001178523	        0.0000906609	        0.0000481797	        0.0115003115	        0.0048376531	        0.0003649359	        0.0000186312	        0.0000117715
        0.0728392004	        0.5496523205	        0.9248038638	       -0.0855484263	       26.4686020827	        0.0002773347	        0.0001589745	        0.0001199845	        0.0000602922	        0.0127516971	        0.0050223004	        0.0004600709	        0.0000226161	        0.0000133980
        0.0824300053	        0.5960221296	        0.9201115915	       -0.1261652288	       26.2119465525	        0.0002865109	        0.0002090193	        0.0001582511	        0.0000757004	        0.0137999659	        0.0050976334	        0.0005662372	        0.0000275442	        0.0000153809
        0.0931429507	        0.6415660611	        0.9151092509	       -0.1572494940	       25.9505045473	        0.0003000381	        0.0002689783	        0.0002071880	        0.0000947715	        0.0145976478	        0.0050530959	        0.0006814198	        0.0000334898	        0.0000176843
        0.1050938490	        0.6858781582	        0.9097630197	       -0.1790910022	       25.6814231210	        0.0003180013	        0.0003397846	        0.0002680578	        0.0001176374	        0.0151230568	        0.0048946426	        0.0008030555	        0.0000404444	        0.0000202285
        0.1184065179	        0.7286613703	        0.9040409983	       -0.1879751033	       25.4068399328	        0.0003396580	        0.0004222417	        0.0003414897	        0.0001440103	        0.0153776855	        0.0046402858	        0.0009282026	        0.0000482967	        0.0000228946
        0.1332122955	        0.7697193188	        0.8979240910	       -0.1903199043	       25.1241093408	        0.0003644909	        0.0005169483	        0.0004274817	        0.0001733532	        0.0153804220	        0.0043144126	        0.0010537122	        0.0000568809	        0.0000255544
        0.1496492201	        0.8089399557	        0.8913904629	       -0.1868408748	       24.8337461293	        0.0003919486	        0.0006242369	        0.0005253066	        0.0002051039	        0.0151608408	        0.0039426350	        0.0011763845	        0.0000660304	        0.0000280985
        0.1678608015	        0.8462751076	        0.8844146908	       -0.1772228883	       24.5367961048	        0.0004211311	        0.0007441345	        0.0006334301	        0.0002384931	        0.0147532297	        0.0035481610	        0.0012931102	        0.0000755690	        0.0000304350
        0.1879943127	        0.8817191103	        0.8769717724	       -0.1636596039	       24.2295036432	        0.0004513712	        0.0008763657	        0.0007495662	        0.0002726488	        0.0141921839	        0.0031498766	        0.0014010053	        0.0000853403	        0.0000324968
        0.2101985296	        0.9152884042	        0.8690327090	       -0.1481778045	       23.9139030574	        0.0004816347	        0.0010204286	        0.0008704994	        0.0003067297	        0.0135099311	        0.0027618211	        0.0014975529	        0.0000952309	        0.0000342470
        0.2346208557	        0.9470028900	        0.8605595328	       -0.1318868042	       23.5887741801	        0.0005112100	        0.0011757763	        0.0009922996	        0.0003400055	        0.0127351720	        0.0023935704	        0.0015807642	        0.0001051785	        0.0000356737
        0.2614037844	        0.9768692477	        0.8515033937	       -0.1118855129	       23.2503617704	        0.0005391822	        0.0013421415	        0.0011105020	        0.0003714558	        0.0118930877	        0.0020510791	        0.0016493687	        0.0001151004	        0.0000367637
        0.2906806794	        1.0048663849	        0.8418220870	       -0.0946265035	       22.9014976582	        0.0005652419	        0.0015200357	        0.0012204269	        0.0004002764	        0.0110061658	        0.0017376614	        0.0017030321	        0.0001249760	        0.0000375234
        0.3225708876	        1.0309333943	        0.8314538764	       -0.0784318152	       22.5383269739	        0.0005889048	        0.0017114836	        0.0013179306	        0.0004261648	        0.0100955481	        0.0014549169	        0.0017425847	        0.0001348903	        0.0000379834
        0.3571742551	        1.0549619952	        0.8203303080	       -0.0633056074	       22.1603827108	        0.0006089920	        0.0019209233	        0.0013998982	        0.0004486892	        0.0091825918	        0.0012034901	        0.0017702033	        0.0001448662	        0.0000381540
        0.3945651751	        1.0767976202	        0.8083849723	       -0.0497173938	       21.7673790560	        0.0006257346	        0.0021561364	        0.0014652530	        0.0004676115	        0.0082902000	        0.0009835864	        0.0017894438	        0.0001548643	        0.0000380296
        0.4347863703	        1.0962550685	        0.7955643339	       -0.0388346786	       21.3583636139	        0.0006393788	        0.0024287979	        0.0015154587	        0.0004831050	        0.0074432686	        0.0007951826	        0.0018049703	        0.0001647557	        0.0000375948
        0.4778426900	        1.1131536498	        0.7818356878	       -0.0270255587	       20.9354023317	        0.0006507668	        0.0027538911	        0.0015546172	        0.0004951414	        0.0066675014	        0.0006379073	        0.0018218459	        0.0001741213	        0.0000368021
        0.5236952751	        1.1273690652	        0.7672404690	       -0.0167114474	       20.4950029779	        0.0006584692	        0.0031469070	        0.0015890489	        0.0005037518	        0.0059862772	        0.0005106837	        0.0018444324	        0.0001823728	        0.0000356202
        0.5722565058	        1.1388844249	        0.7518931519	       -0.0094513008	       20.0358840051	        0.0006619905	        0.0036182382	        0.0016256431	        0.0005097446	        0.0054164702	        0.0004113883	        0.0018752818	        0.0001891947	        0.0000341247
        0.6233861842	        1.1478130532	        0.7359634104	       -0.0076091004	       19.5562479152	        0.0006640670	        0.0041654839	        0.0016700766	        0.0005147637	        0.0049653780	        0.0003368349	        0.0019146130	        0.0001949177	        0.0000325293
        0.6768894010	        1.1543765003	        0.7196195461	       -0.0127314797	       19.0582041513	        0.0006677529	        0.0047666399	        0.0017251642	        0.0005212204	        0.0046306885	        0.0002831918	        0.0019607039	        0.0002006279	        0.0000311479
        0.7325164896	        1.1588483278	        0.7029642334	       -0.0219918744	       18.5435856098	        0.0006755022	        0.0053784573	        0.0017910404	        0.0005314072	        0.0044034696	        0.0002466247	        0.0020109104	        0.0002076953	        0.0000302756
        0.7899653716	        1.1614922621	        0.6860372085	       -0.0285653270	       18.0164601384	        0.0006900317	        0.0059428914	        0.0018659124	        0.0005456683	        0.0042723482	        0.0002238508	        0.0020626876	        0.0002168878	        0.0000300684
        0.8488864424	        1.1625177659	        0.6688967477	       -0.0376684488	       17.4801677867	        0.0007097765	        0.0064006898	        0.0019467925	        0.0005638668	        0.0042269560	        0.0002124330	        0.0021141994	        0.0002288275	        0.0000306410
        0.9088899606	        1.1620594223	        0.6515527138	       -0.0501078737	       16.9356215418	        0.0007362896	        0.0067075467	        0.0020319684	        0.0005874008	        0.0042598215	        0.0002108365	        0.0021644932	        0.0002449488	        0.0000322034
        0.9695556872	        1.1601758244	        0.6339720700	       -0.0688780077	       16.3843596433	        0.0007715861	        0.0068454160	        0.0021211649	        0.0006190395	        0.0043668131	        0.0002183497	        0.0022134134	        0.0002673044	        0.0000350522
        1.0304443128	        1.1568614636	        0.6160350610	       -0.0873558708	       15.8361374622	        0.0008175783	        0.0068247081	        0.0022089913	        0.0006592844	        0.0045465583	        0.0002349463	        0.0022614072	        0.0002973194	        0.0000394344
        1.0911100394	        1.1520669857	        0.5976492855	       -0.1040137819	       15.2972151121	        0.0008730984	        0.0066769289	        0.0022972737	        0.0007075519	        0.0047992234	        0.0002611268	        0.0023092774	        0.0003351675	        0.0000454801
        1.1511135576	        1.1457243874	        0.5788250029	       -0.1159093349	       14.7738796397	        0.0009361397	        0.0064426491	        0.0023944471	        0.0007632845	        0.0051249778	        0.0002977453	        0.0023578787	        0.0003799527	        0.0000532035
        1.2100346284	        1.1377732910	        0.5596961071	       -0.1249915217	       14.2701983733	        0.0010018201	        0.0061601984	        0.0024996517	        0.0008236237	        0.0055224983	        0.0003458309	        0.0024077543	        0.0004297250	        0.0000624766
        1.2674835104	        1.1281832459	        0.5404408508	       -0.1288775494	       13.7865483754	        0.0010653855	        0.0058587303	        0.0026106718	        0.0008862245	        0.0059879109	        0.0004064244	        0.0024587705	        0.0004825280	        0.0000731326
        1.3231105990	        1.1169669244	        0.5212740737	       -0.1299942061	       13.3254179021	        0.0011300986	        0.0055559101	        0.0027224626	        0.0009484800	        0.0065144906	        0.0004804671	        0.0025098610	        0.0005364375	        0.0000849717
        1.3766138158	        1.1041814128	        0.5023887710	       -0.1281093047	       12.8871120897	        0.0011936729	        0.0052594097	        0.0028283924	        0.0010084692	        0.0070931817	        0.0005687708	        0.0025589845	        0.0005900958	        0.0000978420
        1.4277434942	        1.0899190191	        0.4839405510	       -0.1229646218	       12.4719436169	        0.0012513819	        0.0049700492	        0.0029206334	        0.0010642404	        0.0077136761	        0.0006720693	        0.0026033228	        0.0006425438	        0.0001116339
        1.4763047249	        1.0742920708	        0.4660423924	       -0.1177695706	       12.0772903079	        0.0013050149	        0.0046851123	        0.0029916645	        0.0011148069	        0.0083656175	        0.0007911242	        0.0026396456	        0.0006933255	        0.0001263097
        1.5221573100	        1.0574169800	        0.4487443347	       -0.1050380346	       11.7077443301	        0.0013485007	        0.0044010062	        0.0030338220	        0.0011584206	        0.0090395489	        0.0009268423	        0.0026647225	        0.0007417531	        0.0001417967
        1.5652136297	        1.0394011201	        0.4320858931	       -0.0856870989	       11.3589684537	        0.0013825197	        0.0041147851	        0.0030420719	        0.0011928440	        0.0097274260	        0.0010803696	        0.0026756793	        0.0007872250	        0.0001580246
        1.6054348249	        1.0203338438	        0.4160878397	       -0.0653357196	       11.0299090722	        0.0014074936	        0.0038249698	        0.0030121087	        0.0012170234	        0.0104227004	        0.0012531449	        0.0026702414	        0.0008296608	        0.0001750202
        1.6428257449	        1.0002817674	        0.4007305777	       -0.0435831381	       10.7187022285	        0.0014241072	        0.0035317655	        0.0029427908	        0.0012314521	        0.0111200723	        0.0014469056	        0.0026468606	        0.0008695774	        0.0001929258
        1.6774291124	        0.9792872944	        0.3859691631	       -0.0169387650	       10.4229129959	        0.0014321561	        0.0032368211	        0.0028350386	        0.0012360818	        0.0118150470	        0.0016636473	        0.0026047445	        0.0009073603	        0.0002118656
        1.7093193206	        0.9573690532	        0.3717521034	        0.0116018881	       10.1418976759	        0.0014317000	        0.0029428082	        0.0026919436	        0.0012309523	        0.0125034028	        0.0019055404	        0.0025438194	        0.0009432697	        0.0002319396
        1.7385962156	        0.9345234135	        0.3580159978	        0.0427307682	        9.8739246455	        0.0014241311	        0.0026530009	        0.0025186366	        0.0012166402	        0.0131806238	        0.0021747980	        0.0024646535	        0.0009774838	        0.0002532265
        1.7653791443	        0.9107265895	        0.3446926337	        0.0790058134	        9.6187621275	        0.0014097652	        0.0023708641	        0.0023215827	        0.0011934113	        0.0138413195	        0.0024734811	        0.0023683606	        0.0010099082	        0.0002757319
        1.7898014704	        0.8859369571	        0.3317176893	        0.1209574235	        9.3727174761	        0.0013874619	        0.0020997153	        0.0021080441	        0.0011613497	        0.0144786377	        0.0028032229	        0.0022564979	        0.0010402182	        0.0002993868
        1.8120056873	        0.8600975362	        0.3190322083	        0.1653175652	        9.1351043462	        0.0013583739	        0.0018424868	        0.0018854017	        0.0011208984	        0.0150836676	        0.0031648484	        0.0021309673	        0.0010680090	        0.0003240789
        1.8321391985	        0.8331388238	        0.3065767750	        0.2119620869	        8.9039802274	        0.0013237262	        0.0016015792	        0.0016607476	        0.0010728269	        0.0156448377	        0.0035578611	        0.0019939250	        0.0010928468	        0.0003496632
        1.8503507799	        0.8049822358	        0.2942936326	        0.2595244973	        8.6748002208	        0.0012852577	        0.0013787787	        0.0014405058	        0.0010179470	        0.0161473366	        0.0039797785	        0.0018477029	        0.0011142447	        0.0003759514
        1.8667877045	        0.7755444608	        0.2821264224	        0.2975327887	        8.4491182234	        0.0012446894	        0.0011752378	        0.0012299891	        0.0009575574	        0.0165726236	        0.0044253209	        0.0016947429	        0.0011316726	        0.0004027129
        1.8815934821	        0.7447432375	        0.2700075203	        0.3280237214	        8.2211318891	        0.0012039537	        0.0009915082	        0.0010334990	        0.0008930897	        0.0168981461	        0.0048855000	        0.0015375436	        0.0011444133	        0.0004296168
        1.8949061510	        0.7125049976	        0.2578669529	        0.3465093888	        7.9916075113	        0.0011646794	        0.0008275889	        0.0008541229	        0.0008254884	        0.0170974553	        0.0053467372	        0.0013786185	        0.0011513031	        0.0004561157
        1.9068570493	        0.6787746596	        0.2456320567	        0.3461722258	        7.7618184962	        0.0011285968	        0.0006830035	        0.0006938231	        0.0007556274	        0.0171409851	        0.0057902564	        0.0012204605	        0.0011506646	        0.0004813777
        1.9175699947	        0.6435278650	        0.2332277821	        0.3253698723	        7.5302096136	        0.0010977020	        0.0005568891	        0.0005536765	        0.0006841988	        0.0169978080	        0.0061921331	        0.0010655105	        0.0011402733	        0.0005042109
        1.9271607996	        0.6067854552	        0.2205879701	        0.2815046045	        7.2967642137	        0.0010727304	        0.0004480863	        0.0004339537	        0.0006116552	        0.0166386727	        0.0065244980	        0.0009161214	        0.0011174664	        0.0005230344
        1.9357370589	        0.5686293784	        0.2076700229	        0.2101579414	        7.0616758010	        0.0010546846	        0.0003552323	        0.0003342905	        0.0005387205	        0.0160404633	        0.0067583819	        0.0007745123	        0.0010796734	        0.0005360412
        1.9433981504	        0.5292185690	        0.1944721203	        0.1050160479	        6.8315160369	        0.0010447579	        0.0002768507	        0.0002537498	        0.0004668834	        0.0151918524	        0.0068684297	        0.0006427066	        0.0010252964	        0.0005415798
        1.9502353978	        0.4888026446	        0.1810475927	       -0.0308544807	        6.6021561303	        0.0010431605	        0.0002114360	        0.0001907973	        0.0003984962	        0.0140993305	        0.0068391143	        0.0005224520	        0.0009546417	        0.0005386651
        1.9563323538	        0.4477307435	        0.1675134902	       -0.2004943581	        6.3769576446	        0.0010500807	        0.0001575298	        0.0001431469	        0.0003361915	        0.0127920972	        0.0066712151	        0.0004151272	        0.0008703134	        0.0005273483
        1.9617651675	        0.4064526655	        0.1540258461	       -0.3928985267	        6.1651461338	        0.0010647610	        0.0001137834	        0.0001078059	        0.0002815943	        0.0113237881	        0.0063865415	        0.0003216483	        0.0007766356	        0.0005086428
        1.9666030060	        0.3655093384	        0.1407433503	       -0.6060045336	        5.9637278879	        0.0010865421	        0.0000789999	        0.0000814502	        0.0002342277	        0.0097691099	        0.0060287080	        0.0002423945	        0.0006783782	        0.0004840302
        1.9709085097	        0.3255089224	        0.1277892522	       -0.8365626732	        5.7703952128	        0.0011147406	        0.0000521406	        0.0000611549	        0.0001920854	        0.0082145141	        0.0056586890	        0.0001771717	        0.0005798237	        0.0004550445
        1.9747382607	        0.2872864976	        0.1152470093	       -1.0751014083	        5.5904111478	        0.0011477836	        0.0000356526	        0.0000450713	        0.0001536322	        0.0067532393	        0.0053489064	        0.0001255275	        0.0004846402	        0.0004232496
        1.9781432525	        0.2516355158	        0.1031834705	       -1.3182095691	        5.4246070068	        0.0011844621	        0.0000251037	        0.0000323529	        0.0001189054	        0.0054459578	        0.0051396395	        0.0000863162	        0.0003960149	        0.0003903871
        1.9811693494	        0.2188287577	        0.0916642702	       -1.5630314475	        5.2721217764	        0.0012237844	        0.0000169638	        0.0000225820	        0.0000888430	        0.0043124145	        0.0050391727	        0.0000575474	        0.0003164910	        0.0003583787
        1.9838577298	        0.1888742782	        0.0807524357	       -1.8053577504	        5.1335504912	        0.0012644348	        0.0000109684	        0.0000153552	        0.0000641735	        0.0033537733	        0.0050460037	        0.0000371062	        0.0002476324	        0.0003290583
        1.9862453073	        0.1617201653	        0.0704991314	       -2.0403450010	        5.0106019182	        0.0013048877	        0.0000067729	        0.0000101946	        0.0000449221	        0.0025613302	        0.0051508608	        0.0000230745	        0.0001898919	        0.0003034537
        1.9883651267	        0.1372554916	        0.0609366972	       -2.2677333245	        4.9012150042	        0.0013447577	        0.0000039876	        0.0000066077	        0.0000304923	        0.0019195005	        0.0053396198	        0.0000137897	        0.0001427706	        0.0002819067
        1.9902467340	        0.1153210528	        0.0520767740	       -2.4890127555	        4.8022062264	        0.0013841391	        0.0000022328	        0.0000041629	        0.0000200018	        0.0014091215	        0.0055960963	        0.0000078823	        0.0001051565	        0.0002649099
        1.9919165179	        0.0957260722	        0.0439129917	       -2.7064339936	        4.7125921010	        0.0014227511	        0.0000011836	        0.0000025283	        0.0000125870	        0.0010102142	        0.0059041474	        0.0000042805	        0.0000756772	        0.0002530819
        1.9933980257	        0.0782653160	        0.0364253933	       -2.9228455888	        4.6326304646	        0.0014601261	        0.0000005892	        0.0000014635	        0.0000075182	        0.0007038170	        0.0062489384	        0.0000021870	        0.0000529511	        0.0002470077
        1.9947122508	        0.0627328240	        0.0295845831	       -3.1383518644	        4.5620287678	        0.0014958874	        0.0000002719	        0.0000007951	        0.0000042006	        0.0004729438	        0.0066175270	        0.0000010361	        0.0000357231	        0.0002472576
        1.9958778967	        0.0489310739	        0.0233551946	       -3.3515181934	        4.5001270003	        0.0015297633	        0.0000001138	        0.0000003970	        0.0000021504	        0.0003029214	        0.0069990083	        0.0000004451	        0.0000229193	        0.0002545134
        1.9969116151	        0.0366761106	        0.0176985128	       -3.5603303019	        4.4461013498	        0.0015615768	        0.0000000417	        0.0000001762	        0.0000009764	        0.0001813665	        0.0073844286	        0.0000001671	        0.0000136562	        0.0002697902
        1.9978282231	        0.0257997753	        0.0125743836	       -3.7627409987	        4.3990846973	        0.0015912314	        0.0000000125	        0.0000000656	        0.0000003709	        0.0000979897	        0.0077665992	        0.0000000514	        0.0000072253	        0.0002948495
        1.9986408981	        0.0161501186	        0.0079425781	       -3.9569560057	        4.3582346095	        0.0016186959	        0.0000000027	        0.0000000180	        0.0000001039	        0.0000443373	        0.0081398835	        0.0000000114	        0.0000030708	        0.0003331514
        1.9993613540	        0.0075908011	        0.0037637373	       -4.1415593575	        4.3227687914	        0.0016439907	        0.0000000003	        0.0000000025	        0.0000000147	        0.0000135266	        0.0084999870	        0.0000000013	        0.0000007659	        0.0003927572
        2.0000000000	        0.0000000000	        0.0000000000	       -4.3155440149	        4.2919808145	        0.0016671749	        0.0000000000	        0.0000000000	        0.0000000000	        0.0000000000	        0.0088437615	        0.0000000000	        0.0000000000	        0.0005007551
