        0.0000000000	        0.0000000000	        1.0000000000	        4.7927244709	       30.0083752347	        0.0008632481	        0.0000000000	        0.0000000000	        0.0000000000	        0.0000000000	        0.0061774182	        0.0000000000	        0.0000000000	        0.0000499432
        0.0006386460	        0.0058540344	        0.9979357233	        4.5529990699	       29.9526821401	        0.0008372792	        0.0000000001	        0.0000000007	        0.0000000024	        0.0000056690	        0.0060230805	        0.0000000002	        0.0000000764	        0.0000431374
        0.0013591019	        0.0124539709	        0.9956809116	        4.2990939628	       29.8903372061	        0.0008093551	        0.0000000005	        0.0000000048	        0.0000000148	        0.0000186856	        0.0058573031	        0.0000000022	        0.0000002576	        0.0000384716
        0.0021717769	        0.0198934565	        0.9932263553	        4.0326278425	       29.8206672250	        0.0007795313	        0.0000000022	        0.0000000168	        0.0000000499	        0.0000415594	        0.0056804569	        0.0000000100	        0.0000005702	        0.0000350667
        0.0030883849	        0.0282774686	        0.9905640898	        3.7558813187	       29.7429799572	        0.0007479230	        0.0000000075	        0.0000000445	        0.0000001267	        0.0000774612	        0.0054933065	        0.0000000331	        0.0000010480	        0.0000325630
        0.0041221033	        0.0377235044	        0.9876877412	        3.4717953800	       29.6565876539	        0.0007147135	        0.0000000208	        0.0000001000	        0.0000002722	        0.0001303702	        0.0052971089	        0.0000000906	        0.0000017345	        0.0000307764
        0.0052877492	        0.0483627814	        0.9845928856	        3.1838560290	       29.5608438798	        0.0006801575	        0.0000000509	        0.0000002016	        0.0000005224	        0.0002052481	        0.0050937282	        0.0000002170	        0.0000026843	        0.0000295971
        0.0066019743	        0.0603413486	        0.9812774188	        2.8957815894	       29.4551994806	        0.0006445760	        0.0000001134	        0.0000003759	        0.0000009233	        0.0003082407	        0.0048857649	        0.0000004731	        0.0000039654	        0.0000289496
        0.0080834821	        0.0738209316	        0.9777419275	        2.6108840703	       29.3392859661	        0.0006083344	        0.0000002353	        0.0000006605	        0.0000015309	        0.0004469059	        0.0046767025	        0.0000009593	        0.0000056620	        0.0000287740
        0.0097532660	        0.0889792087	        0.9739900215	        2.3309094705	       29.2130379908	        0.0005717924	        0.0000004610	        0.0000011081	        0.0000024124	        0.0006304569	        0.0044710645	        0.0000018364	        0.0000078758	        0.0000290149
        0.0116348733	        0.1060090318	        0.9700284674	        2.0546323870	       29.0768131554	        0.0005352350	        0.0000008613	        0.0000017926	        0.0000036476	        0.0008699976	        0.0042745731	        0.0000033522	        0.0000107282	        0.0000296169
        0.0137546927	        0.1251158851	        0.9658667088	        1.7838015280	       28.9307084958	        0.0004991104	        0.0000015436	        0.0000028175	        0.0000053333	        0.0011786926	        0.0040942814	        0.0000058751	        0.0000143598	        0.0000305208
        0.0161422702	        0.1465126792	        0.9615161716	        1.5246446304	       28.7742623963	        0.0004640496	        0.0000026637	        0.0000043297	        0.0000075890	        0.0015717726	        0.0039386303	        0.0000099348	        0.0000189287	        0.0000316641
        0.0188306506	        0.1704109953	        0.9569900712	        1.2828038583	       28.6070412929	        0.0004306179	        0.0000044336	        0.0000065372	        0.0000105630	        0.0020662065	        0.0038173409	        0.0000162644	        0.0000246036	        0.0000329825
        0.0218567475	        0.1970084234	        0.9523035775	        1.0613422921	       28.4288585477	        0.0003991927	        0.0000071218	        0.0000097314	        0.0000144321	        0.0026798191	        0.0037410091	        0.0000258385	        0.0000315516	        0.0000344202
        0.0252617393	        0.2264729442	        0.9474739084	        0.8590836697	       28.2406764839	        0.0003702263	        0.0000110385	        0.0000143019	        0.0000193859	        0.0034296335	        0.0037202457	        0.0000398979	        0.0000399185	        0.0000359533
        0.0290914903	        0.2589271473	        0.9425188831	        0.6724830654	       28.0441281995	        0.0003442525	        0.0000165056	        0.0000207302	        0.0000255922	        0.0043293741	        0.0037642549	        0.0000599494	        0.0000498059	        0.0000376060
        0.0333969940	        0.2944362788	        0.9374527329	        0.5043018915	       27.8393468031	        0.0003218486	        0.0000238205	        0.0000295605	        0.0000331634	        0.0053863968	        0.0038789033	        0.0000877345	        0.0000612553	        0.0000394005
        0.0382348325	        0.3330030472	        0.9322833684	        0.3568604947	       27.6258373976	        0.0003034441	        0.0000332338	        0.0000413982	        0.0000421782	        0.0065987172	        0.0040646092	        0.0001251679	        0.0000742547	        0.0000413171
        0.0436676462	        0.3745686996	        0.9270109060	        0.2293368947	       27.4037394475	        0.0002893963	        0.0000449550	        0.0000569568	        0.0000527515	        0.0079529749	        0.0043146133	        0.0001742531	        0.0000887563	        0.0000433365
        0.0497646022	        0.4185528899	        0.9216272768	        0.1222458945	       27.1739145358	        0.0002799853	        0.0000656938	        0.0000772265	        0.0000651521	        0.0094115330	        0.0046147761	        0.0002363784	        0.0001046997	        0.0000454552
        0.0566018496	        0.4639990930	        0.9161213932	        0.0347750779	       26.9355210169	        0.0002753058	        0.0000943609	        0.0001037159	        0.0000798457	        0.0108876004	        0.0049148120	        0.0003118685	        0.0001220019	        0.0000476614
        0.0642629411	        0.5101502349	        0.9104881384	       -0.0368954853	       26.6905374160	        0.0002754471	        0.0001305507	        0.0001387646	        0.0000975207	        0.0122872424	        0.0051615124	        0.0004005834	        0.0001405124	        0.0000499152
        0.0728392004	        0.5563625918	        0.9047324742	       -0.0929175438	       26.4369936090	        0.0002804675	        0.0001752704	        0.0001853633	        0.0001187658	        0.0135262902	        0.0053139373	        0.0005017636	        0.0001599513	        0.0000521278
        0.0824300053	        0.6020612972	        0.8988702538	       -0.1350244724	       26.1779401782	        0.0002901843	        0.0002295853	        0.0002466539	        0.0001437696	        0.0145392434	        0.0053482539	        0.0006139134	        0.0001799073	        0.0000541660
        0.0931429507	        0.6467691587	        0.8929195322	       -0.1682566440	       25.9122907330	        0.0003045803	        0.0002945656	        0.0003253304	        0.0001723642	        0.0152862282	        0.0052593559	        0.0007349002	        0.0001999321	        0.0000558937
        0.1050938490	        0.6901198241	        0.8868838340	       -0.1946549672	       25.6409672439	        0.0003238668	        0.0003712204	        0.0004232350	        0.0002043067	        0.0157536187	        0.0050581303	        0.0008621025	        0.0002196587	        0.0000572157
        0.1184065179	        0.7318565185	        0.8807446913	       -0.2047879698	       25.3620377023	        0.0003475207	        0.0004604258	        0.0005412163	        0.0002390429	        0.0159498465	        0.0047660688	        0.0009925728	        0.0002388069	        0.0000580729
        0.1332122955	        0.7718199908	        0.8744844173	       -0.2090918371	       25.0770358011	        0.0003746601	        0.0005628500	        0.0006791750	        0.0002759374	        0.0158989500	        0.0044093959	        0.0011232041	        0.0002572092	        0.0000584467
        0.1496492201	        0.8099299968	        0.8680704116	       -0.2069902630	       24.7863903618	        0.0004050352	        0.0006788913	        0.0008358020	        0.0003145839	        0.0156336227	        0.0040141075	        0.0012508645	        0.0002747859	        0.0000583486
        0.1678608015	        0.8461642165	        0.8614615077	       -0.1951098433	       24.4869399755	        0.0004373265	        0.0008086378	        0.0010084602	        0.0003541829	        0.0151895680	        0.0036028290	        0.0013725217	        0.0002914295	        0.0000577864
        0.1879943127	        0.8805374733	        0.8546205610	       -0.1816566577	       24.1811734175	        0.0004708755	        0.0009518664	        0.0011928725	        0.0003938496	        0.0146016342	        0.0031933944	        0.0014853680	        0.0003070382	        0.0000567740
        0.2101985296	        0.9130827331	        0.8474992674	       -0.1620424087	       23.8656461061	        0.0005047163	        0.0011081079	        0.0013839401	        0.0004328267	        0.0139014861	        0.0027986376	        0.0015869346	        0.0003215853	        0.0000553462
        0.2346208557	        0.9438345012	        0.8400533189	       -0.1432763790	       23.5399567043	        0.0005377498	        0.0012767986	        0.0015747165	        0.0004701697	        0.0131168641	        0.0024270150	        0.0016752386	        0.0003350503	        0.0000535382
        0.2614037844	        0.9728145917	        0.8322245185	       -0.1220695832	       23.2038317820	        0.0005692757	        0.0014575568	        0.0017575187	        0.0005050570	        0.0122716538	        0.0020835017	        0.0017489310	        0.0003475073	        0.0000514018
        0.2906806794	        1.0000202026	        0.8239556490	       -0.1027753964	       22.8558958778	        0.0005985736	        0.0016506005	        0.0019255307	        0.0005368985	        0.0113868096	        0.0017706001	        0.0018074833	        0.0003591709	        0.0000490081
        0.3225708876	        1.0254145736	        0.8151795015	       -0.0839536667	       22.4940856358	        0.0006247701	        0.0018573301	        0.0020719339	        0.0005651696	        0.0104815127	        0.0014892048	        0.0018513575	        0.0003702856	        0.0000464238
        0.3571742551	        1.0489213994	        0.8058259652	       -0.0676385843	       22.1175786838	        0.0006477708	        0.0020810333	        0.0021916049	        0.0005894736	        0.0095745466	        0.0012393113	        0.0018821482	        0.0003811396	        0.0000437127
        0.3945651751	        1.0704255065	        0.7958206376	       -0.0551717385	       21.7237439008	        0.0006678628	        0.0023275908	        0.0022829448	        0.0006102361	        0.0086854329	        0.0010204911	        0.0019026040	        0.0003921282	        0.0000409466
        0.4347863703	        1.0897834410	        0.7850823049	       -0.0436993952	       21.3126168136	        0.0006852951	        0.0026058830	        0.0023459688	        0.0006274323	        0.0078349501	        0.0008321213	        0.0019164312	        0.0004034284	        0.0000381641
        0.4778426900	        1.1068472817	        0.7735465440	       -0.0361101133	       20.8837729586	        0.0007005152	        0.0029273443	        0.0023859826	        0.0006416501	        0.0070446344	        0.0006733788	        0.0019278121	        0.0004152694	        0.0000354169
        0.5236952751	        1.1215007923	        0.7611669004	       -0.0300254247	       20.4377488030	        0.0007138974	        0.0033039663	        0.0024118262	        0.0006539243	        0.0063348083	        0.0005430232	        0.0019406140	        0.0004279183	        0.0000327726
        0.5722565058	        1.1336987596	        0.7479376559	       -0.0275884267	       19.9731238649	        0.0007264864	        0.0037441405	        0.0024312606	        0.0006650187	        0.0057216958	        0.0004391499	        0.0019575391	        0.0004415399	        0.0000303010
        0.6233861842	        1.1434926656	        0.7338833550	       -0.0289492529	       19.4921208985	        0.0007390728	        0.0042466214	        0.0024532906	        0.0006767408	        0.0052147013	        0.0003590933	        0.0019795567	        0.0004569321	        0.0000281338
        0.6768894010	        1.1510277443	        0.7190541863	       -0.0332498332	       18.9941572919	        0.0007536476	        0.0047943412	        0.0024841641	        0.0006905824	        0.0048154538	        0.0002996241	        0.0020059608	        0.0004754096	        0.0000264298
        0.7325164896	        1.1565105533	        0.7035201668	       -0.0400110046	       18.4823216284	        0.0007718567	        0.0053512867	        0.0025283879	        0.0007080720	        0.0045191703	        0.0002573723	        0.0020349998	        0.0004989710	        0.0000253710
        0.7899653716	        1.1601616447	        0.6873568622	       -0.0498949631	       17.9577228222	        0.0007950143	        0.0058657168	        0.0025862929	        0.0007305973	        0.0043175648	        0.0002292815	        0.0020647003	        0.0005299073	        0.0000251323
        0.8488864424	        1.1621719362	        0.6706120528	       -0.0617074833	       17.4239386145	        0.0008243096	        0.0062807836	        0.0026541784	        0.0007589868	        0.0042018961	        0.0002129283	        0.0020934867	        0.0005703649	        0.0000258756
        0.9088899606	        1.1626739944	        0.6533104715	       -0.0761176051	       16.8866418752	        0.0008607877	        0.0065496208	        0.0027300774	        0.0007943168	        0.0041652334	        0.0002066664	        0.0021205056	        0.0006226465	        0.0000277989
        0.9695556872	        1.1617301083	        0.6354613830	       -0.0896955911	       16.3512311058	        0.0009051916	        0.0066488402	        0.0028142815	        0.0008376211	        0.0042035291	        0.0002096315	        0.0021456864	        0.0006886632	        0.0000311347
        1.0304443128	        1.1593344821	        0.6170878078	       -0.1017835451	       15.8209335618	        0.0009576980	        0.0065843210	        0.0029002770	        0.0008867971	        0.0043156563	        0.0002216694	        0.0021696761	        0.0007689530	        0.0000361157
        1.0911100394	        1.1554267405	        0.5982492028	       -0.1120755100	       15.3031176816	        0.0010160702	        0.0063869599	        0.0029928326	        0.0009412104	        0.0045025842	        0.0002432186	        0.0021936750	        0.0008628502	        0.0000429802
        1.1511135576	        1.1499147733	        0.5790934517	       -0.1196335870	       14.8001692424	        0.0010786485	        0.0061009904	        0.0031025179	        0.0010010145	        0.0047660076	        0.0002751635	        0.0022192004	        0.0009673842	        0.0000518729
        1.2100346284	        1.1427040343	        0.5598348951	       -0.1223011052	       14.3164731441	        0.0011422282	        0.0057707239	        0.0032263621	        0.0010629985	        0.0051065479	        0.0003186452	        0.0022476504	        0.0010772301	        0.0000627737
        1.2674835104	        1.1337275504	        0.5407119336	       -0.1204108258	       13.8535102271	        0.0012042957	        0.0054307931	        0.0033592824	        0.0011241914	        0.0055221073	        0.0003748555	        0.0022797652	        0.0011872307	        0.0000755957
        1.3231105990	        1.1229683917	        0.5219572823	       -0.1159164323	       13.4113278371	        0.0012626838	        0.0051021376	        0.0034954321	        0.0011825226	        0.0060070106	        0.0004448684	        0.0023151724	        0.0012940362	        0.0000902798
        1.3766138158	        1.1104676291	        0.5037614007	       -0.1072590942	       12.9885931066	        0.0013156067	        0.0047930571	        0.0036262749	        0.0012360474	        0.0065522128	        0.0005295583	        0.0023521796	        0.0013959732	        0.0001068081
        1.4277434942	        1.0963164618	        0.4862669680	       -0.0990798124	       12.5856845496	        0.0013626599	        0.0045030041	        0.0037406824	        0.0012835032	        0.0071465161	        0.0006296410	        0.0023879467	        0.0014927392	        0.0001252204
        1.4763047249	        1.0806376092	        0.4695363116	       -0.0907483527	       12.2009845115	        0.0014039098	        0.0042269298	        0.0038265291	        0.0013247972	        0.0077780453	        0.0007457838	        0.0024188982	        0.0015847610	        0.0001455979
        1.5221573100	        1.0635638650	        0.4535665266	       -0.0768771740	       11.8364294413	        0.0014379968	        0.0039587005	        0.0038714130	        0.0013584989	        0.0084356095	        0.0008787541	        0.0024412811	        0.0016721566	        0.0001679830
        1.5652136297	        1.0452199544	        0.4383304258	       -0.0607149090	       11.4929487891	        0.0014643210	        0.0036931784	        0.0038676510	        0.0013834298	        0.0091096084	        0.0010295561	        0.0024516837	        0.0017553363	        0.0001924522
        1.6054348249	        1.0257104115	        0.4237768873	       -0.0399627998	       11.1662880618	        0.0014825772	        0.0034271840	        0.0038122958	        0.0013991832	        0.0097921958	        0.0011994942	        0.0024473508	        0.0018349983	        0.0002191202
        1.6428257449	        1.0051133534	        0.4098484003	       -0.0164574702	       10.8568884446	        0.0014930344	        0.0031596362	        0.0037051029	        0.0014051725	        0.0104770700	        0.0013901846	        0.0024263568	        0.0019116613	        0.0002480806
        1.6774291124	        0.9834786110	        0.3964803777	        0.0111437030	       10.5617803153	        0.0014951642	        0.0028912573	        0.0035503731	        0.0014018946	        0.0111589291	        0.0016034976	        0.0023876295	        0.0019856824	        0.0002794003
        1.7093193206	        0.9608285677	        0.3836044833	        0.0414484468	       10.2810566643	        0.0014876776	        0.0026240794	        0.0033509850	        0.0013888869	        0.0118328316	        0.0018414475	        0.0023308987	        0.0020566566	        0.0003130147
        1.7385962156	        0.9371604328	        0.3711436721	        0.0766259869	       10.0125997849	        0.0014709562	        0.0023609243	        0.0031140995	        0.0013665162	        0.0124934754	        0.0021060115	        0.0022565903	        0.0021241525	        0.0003488523
        1.7653791443	        0.9124491593	        0.3590231782	        0.1150812960	        9.7545975392	        0.0014470764	        0.0021049264	        0.0028489120	        0.0013350989	        0.0131345790	        0.0023988976	        0.0021657251	        0.0021876856	        0.0003868292
        1.7898014704	        0.8866506370	        0.3471688033	        0.1540433244	        9.5040134817	        0.0014172654	        0.0018591611	        0.0025655335	        0.0012955032	        0.0137482053	        0.0027212060	        0.0020598001	        0.0022467300	        0.0004268521
        1.8120056873	        0.8597051690	        0.3355029604	        0.1972948581	        9.2600793741	        0.0013823763	        0.0016263771	        0.0022738275	        0.0012483530	        0.0143240776	        0.0030729635	        0.0019406765	        0.0023005504	        0.0004687831
        1.8321391985	        0.8315413824	        0.3239522052	        0.2389050904	        9.0216940238	        0.0013438099	        0.0014088205	        0.0019832015	        0.0011943936	        0.0148490116	        0.0034525436	        0.0018104928	        0.0023482197	        0.0005124376
        1.8503507799	        0.8020808960	        0.3124392433	        0.2796618837	        8.7846107253	        0.0013022862	        0.0012081497	        0.0017019182	        0.0011346210	        0.0153063099	        0.0038559047	        0.0016715758	        0.0023885470	        0.0005575545
        1.8667877045	        0.7712441887	        0.3008854165	        0.3125243239	        8.5512420419	        0.0012598349	        0.0010254105	        0.0014364270	        0.0010698794	        0.0156754060	        0.0042757341	        0.0015263769	        0.0024198909	        0.0006037264
        1.8815934821	        0.7389581184	        0.2892040798	        0.3383209382	        8.3159462248	        0.0012174297	        0.0008610621	        0.0011920791	        0.0010012135	        0.0159317657	        0.0047005387	        0.0013774129	        0.0024401076	        0.0006503484
        1.8949061510	        0.7051655099	        0.2773068206	        0.3552064418	        8.0794739396	        0.0011765233	        0.0007150335	        0.0009722523	        0.0009289369	        0.0160474646	        0.0051139516	        0.0012272274	        0.0024461852	        0.0006964373
        1.9068570493	        0.6698370231	        0.2651067172	        0.3498803921	        7.8428669078	        0.0011390713	        0.0005868021	        0.0007790023	        0.0008536898	        0.0159926112	        0.0054945422	        0.0010783526	        0.0024343093	        0.0007405563
        1.9175699947	        0.6329852616	        0.2525138520	        0.3243332632	        7.6053324906	        0.0011069589	        0.0004754859	        0.0006130388	        0.0007759500	        0.0157378720	        0.0058165478	        0.0009332640	        0.0023998240	        0.0007806632
        1.9271607996	        0.5946804530	        0.2394545104	        0.2794249487	        7.3651481950	        0.0010809177	        0.0003799365	        0.0004741380	        0.0006960515	        0.0152585704	        0.0060521587	        0.0007943403	        0.0023376284	        0.0008140811
        1.9357370589	        0.5550662389	        0.2258945877	        0.2037939162	        7.1240127291	        0.0010620863	        0.0002988315	        0.0003609517	        0.0006147660	        0.0145400575	        0.0061755988	        0.0006638036	        0.0022431826	        0.0008377115
        1.9433981504	        0.5143734694	        0.2118534764	        0.0982987168	        6.8878748515	        0.0010516085	        0.0002307653	        0.0002714667	        0.0005341294	        0.0135835635	        0.0061687203	        0.0005436314	        0.0021144058	        0.0008487403
        1.9502353978	        0.4729292774	        0.1974254092	       -0.0407469288	        6.6530860330	        0.0010496350	        0.0001743287	        0.0002028049	        0.0004569500	        0.0124113437	        0.0060271890	        0.0004354534	        0.0019532227	        0.0008454406
        1.9563323538	        0.4311584910	        0.1827706758	       -0.2116134909	        6.4220792587	        0.0010563471	        0.0001281779	        0.0001512930	        0.0003858607	        0.0110689698	        0.0057652649	        0.0003404365	        0.0017659689	        0.0008277675
        1.9617651675	        0.3895747745	        0.1680813365	       -0.4056843687	        6.2046648133	        0.0010708850	        0.0000910860	        0.0001128992	        0.0003220052	        0.0096230446	        0.0054171423	        0.0002591868	        0.0015620883	        0.0007973539
        1.9666030060	        0.3487592922	        0.1535398115	       -0.6201223843	        5.9977371027	        0.0010925756	        0.0000619717	        0.0000838682	        0.0002646402	        0.0081535735	        0.0050336263	        0.0001917022	        0.0013518307	        0.0007569310
        1.9709085097	        0.3094193825	        0.1392927764	       -0.8520766711	        5.7995605131	        0.0011207688	        0.0000414690	        0.0000614461	        0.0002125706	        0.0067457737	        0.0046759485	        0.0001375252	        0.0011446374	        0.0007097921
        1.9747382607	        0.2724195360	        0.1254580864	       -1.0923817192	        5.6151795467	        0.0011539069	        0.0000299225	        0.0000440652	        0.0001657301	        0.0054722093	        0.0043960918	        0.0000958108	        0.0009485303	        0.0006595244
        1.9781432525	        0.2382444515	        0.1121433644	       -1.3362063438	        5.4452359908	        0.0011906612	        0.0000207974	        0.0000308246	        0.0001249468	        0.0043600002	        0.0042043748	        0.0000648573	        0.0007697649	        0.0006097941
        1.9811693494	        0.2069218649	        0.0994485171	       -1.5817156073	        5.2891677237	        0.0012300887	        0.0000138741	        0.0000210329	        0.0000910692	        0.0034134509	        0.0041026334	        0.0000425712	        0.0006124270	        0.0005640426
        1.9838577298	        0.1784242534	        0.0874568484	       -1.8251525802	        5.1475890349	        0.0012709126	        0.0000088631	        0.0000140244	        0.0000643074	        0.0026268432	        0.0040851809	        0.0000270358	        0.0004782451	        0.0005247253
        1.9862453073	        0.1526663063	        0.0762266119	       -2.0608689404	        5.0220760620	        0.0013115809	        0.0000054142	        0.0000091490	        0.0000440837	        0.0019869201	        0.0041412640	        0.0000165694	        0.0003668509	        0.0004926176
        1.9883651267	        0.1295108518	        0.0657883946	       -2.2890521026	        4.9106853473	        0.0013516866	        0.0000031580	        0.0000058287	        0.0000293167	        0.0014760088	        0.0042576463	        0.0000097669	        0.0002763849	        0.0004681507
        1.9902467340	        0.1087822933	        0.0561473971	       -2.5120629238	        4.8102108680	        0.0013913094	        0.0000017542	        0.0000036070	        0.0000188332	        0.0010749094	        0.0044207046	        0.0000055112	        0.0002042139	        0.0004520494
        1.9919165179	        0.0902830523	        0.0472889272	       -2.7319640929	        4.7194683624	        0.0014301646	        0.0000009235	        0.0000021505	        0.0000116031	        0.0007649930	        0.0046177846	        0.0000029570	        0.0001475097	        0.0004450815
        1.9933980257	        0.0738085157	        0.0391843219	       -2.9507800307	        4.6385554974	        0.0014677869	        0.0000004570	        0.0000012221	        0.0000067884	        0.0005294040	        0.0048378731	        0.0000014939	        0.0001036000	        0.0004479714
        1.9947122508	        0.0591581140	        0.0317958072	       -3.1681619997	        4.5671195163	        0.0015037988	        0.0000002098	        0.0000006527	        0.0000037208	        0.0003535528	        0.0050717919	        0.0000007004	        0.0000701319	        0.0004615269
        1.9958778967	        0.0461422376	        0.0250802749	       -3.3824980946	        4.5044863552	        0.0015379262	        0.0000000874	        0.0000003210	        0.0000018734	        0.0002251652	        0.0053121237	        0.0000002980	        0.0000451206	        0.0004868827
        1.9969116151	        0.0345858056	        0.0189920344	       -3.5917557548	        4.4498334295	        0.0015699889	        0.0000000319	        0.0000001408	        0.0000008392	        0.0001341040	        0.0055530196	        0.0000001109	        0.0000269362	        0.0005258953
        1.9978282231	        0.0243295539	        0.0134847452	       -3.7939543490	        4.4022961889	        0.0015998873	        0.0000000095	        0.0000000519	        0.0000003156	        0.0000721006	        0.0057899733	        0.0000000338	        0.0000142644	        0.0005818862
        1.9986408981	        0.0152299523	        0.0085127324	       -3.9874051225	        4.3610310478	        0.0016275874	        0.0000000021	        0.0000000142	        0.0000000878	        0.0000324730	        0.0060196038	        0.0000000074	        0.0000060601	        0.0006613728
        1.9993613540	        0.0071583859	        0.0040318471	       -4.1708092110	        4.3252500234	        0.0016531074	        0.0000000002	        0.0000000020	        0.0000000124	        0.0000098620	        0.0062394613	        0.0000000008	        0.0000015078	        0.0007793753
        2.0000000000	        0.0000000000	        0.0000000000	       -4.3432727844	        4.2942373928	        0.0016765047	        0.0000000000	        0.0000000000	        0.0000000000	        0.0000000000	        0.0064478582	        0.0000000000	        0.0000000000	        0.0009858215
