        0.0000000000	        0.0000000000	        1.0000000000	        5.7355352873	       28.6231206304	        0.0009301893	        0.0000000000	        0.0000000000	        0.0000000000	        0.0000000000	        0.0060993940	        0.0000000000	        0.0000000000	        0.0000094754
        0.0006386460	        0.0058227557	        0.9977169554	        5.5047823444	       28.6075040008	        0.0008986325	        0.0000000001	        0.0000000007	        0.0000000025	        0.0000055974	        0.0059466842	        0.0000000002	        0.0000000145	        0.0000085399
        0.0013591019	        0.0123874356	        0.9952308318	        5.2561773837	       28.5894671548	        0.0008644438	        0.0000000005	        0.0000000046	        0.0000000155	        0.0000184486	        0.0057826808	        0.0000000021	        0.0000000497	        0.0000080872
        0.0021717769	        0.0197871898	        0.9925351699	        4.9900268203	       28.5686686784	        0.0008276154	        0.0000000022	        0.0000000155	        0.0000000503	        0.0000410304	        0.0056077582	        0.0000000098	        0.0000001119	        0.0000079568
        0.0030883849	        0.0281264396	        0.9896261807	        4.7071094738	       28.5447506245	        0.0007882029	        0.0000000074	        0.0000000396	        0.0000001226	        0.0000764722	        0.0054226810	        0.0000000325	        0.0000002100	        0.0000080798
        0.0041221033	        0.0375220627	        0.9865034323	        4.4087350418	       28.5173591781	        0.0007463391	        0.0000000206	        0.0000000856	        0.0000002518	        0.0001287015	        0.0052287007	        0.0000000889	        0.0000003556	        0.0000084143
        0.0052877492	        0.0481045889	        0.9831705538	        4.0967579198	       28.4861807257	        0.0007022470	        0.0000000503	        0.0000001661	        0.0000004610	        0.0002026163	        0.0050276682	        0.0000002130	        0.0000005635	        0.0000089253
        0.0066019743	        0.0600193110	        0.9796359093	        3.7735046784	       28.4510015262	        0.0006562480	        0.0000001121	        0.0000002989	        0.0000007777	        0.0003042844	        0.0048221604	        0.0000004643	        0.0000008524	        0.0000095769
        0.0080834821	        0.0734271345	        0.9759131744	        3.4415494011	       28.4118030599	        0.0006087607	        0.0000002325	        0.0000005095	        0.0000012340	        0.0004411707	        0.0046156225	        0.0000009416	        0.0000012449	        0.0000103290
        0.0097532660	        0.0885048679	        0.9720217120	        3.1032351906	       28.3689107233	        0.0005602812	        0.0000004557	        0.0000008345	        0.0000018670	        0.0006223803	        0.0044125213	        0.0000018027	        0.0000017669	        0.0000111367
        0.0116348733	        0.1054444751	        0.9679865629	        2.7601122535	       28.3231095917	        0.0005113462	        0.0000008516	        0.0000013265	        0.0000027193	        0.0008588951	        0.0042184998	        0.0000032913	        0.0000024467	        0.0000119519
        0.0137546927	        0.1244505913	        0.9638377304	        2.4166576901	       28.2741805879	        0.0004626428	        0.0000015266	        0.0000020615	        0.0000038404	        0.0011637503	        0.0040405083	        0.0000057698	        0.0000033136	        0.0000127245
        0.0161422702	        0.1457354080	        0.9596089714	        2.0814596967	       28.2201827295	        0.0004149831	        0.0000026351	        0.0000031491	        0.0000052862	        0.0015520508	        0.0038868623	        0.0000097595	        0.0000043939	        0.0000134052
        0.0188306506	        0.1695100487	        0.9553366501	        1.7622337027	       28.1598020369	        0.0003691776	        0.0000043872	        0.0000047475	        0.0000071198	        0.0020406662	        0.0037671438	        0.0000159827	        0.0000057078	        0.0000139508
        0.0218567475	        0.1959720658	        0.9510583596	        1.4627936849	       28.0937269960	        0.0003259376	        0.0000070495	        0.0000070791	        0.0000094066	        0.0026473807	        0.0036918139	        0.0000254011	        0.0000072637	        0.0000143304
        0.0252617393	        0.2252899781	        0.9468104015	        1.1855197901	       28.0225029033	        0.0002860084	        0.0000109302	        0.0000104450	        0.0000122041	        0.0033892814	        0.0036713824	        0.0000392408	        0.0000090542	        0.0000145397
        0.0290914903	        0.2575875901	        0.9426239903	        0.9322474136	       27.9462542576	        0.0002501141	        0.0000163493	        0.0000152205	        0.0000155447	        0.0042803096	        0.0037150268	        0.0000589936	        0.0000110548	        0.0000146078
        0.0333969940	        0.2929320497	        0.9385201663	        0.7073816200	       27.8648679454	        0.0002189057	        0.0000236029	        0.0000218348	        0.0000194284	        0.0053282322	        0.0038287106	        0.0000863876	        0.0000132319	        0.0000145782
        0.0382348325	        0.3313285913	        0.9345059953	        0.5122956694	       27.7787727037	        0.0001928684	        0.0000329397	        0.0000307621	        0.0000238593	        0.0065316832	        0.0040131073	        0.0001233281	        0.0000155605	        0.0000144949
        0.0436676462	        0.3727215503	        0.9305711762	        0.3486999606	       27.6861752386	        0.0001722724	        0.0000445666	        0.0000425434	        0.0000289050	        0.0078780962	        0.0042618742	        0.0001718147	        0.0000180446	        0.0000144168
        0.0497646022	        0.4165562272	        0.9266888289	        0.2171113372	       27.5853620411	        0.0001571409	        0.0000648954	        0.0000579075	        0.0000347676	        0.0093313507	        0.0045613785	        0.0002332735	        0.0000207343	        0.0000144182
        0.0566018496	        0.4618898053	        0.9228214598	        0.1164654423	       27.4762202192	        0.0001471880	        0.0000932492	        0.0000779626	        0.0000417960	        0.0108072226	        0.0048632942	        0.0003080840	        0.0000237221	        0.0000145687
        0.0642629411	        0.5079603132	        0.9189318333	        0.0395357556	       27.3582262699	        0.0001420264	        0.0001290357	        0.0001044389	        0.0000504875	        0.0122121914	        0.0051147141	        0.0003961389	        0.0000271201	        0.0000149161
        0.0728392004	        0.5541281789	        0.9149874215	       -0.0152822420	       27.2310835918	        0.0001412313	        0.0001732416	        0.0001395679	        0.0000612949	        0.0134621562	        0.0052745446	        0.0004967336	        0.0000310208	        0.0000154710
        0.0824300053	        0.5998203114	        0.9109684369	       -0.0582337276	       27.0953541469	        0.0001444319	        0.0002269114	        0.0001856872	        0.0000745110	        0.0144908998	        0.0053182760	        0.0006084284	        0.0000354765	        0.0000162084
        0.0931429507	        0.6445588841	        0.9068550421	       -0.0922463510	       26.9507586098	        0.0001516507	        0.0002910956	        0.0002448301	        0.0000903260	        0.0152571991	        0.0052397861	        0.0007291391	        0.0000405073	        0.0000170827
        0.1050938490	        0.6879748413	        0.9026217304	       -0.1173141931	       26.7948497617	        0.0001628683	        0.0003667859	        0.0003184684	        0.0001088051	        0.0157458072	        0.0050489059	        0.0008562813	        0.0000461027	        0.0000180377
        0.1184065179	        0.7298072716	        0.8982382558	       -0.1314553589	       26.6240354029	        0.0001776433	        0.0004548433	        0.0004073373	        0.0001297715	        0.0159636276	        0.0047662797	        0.0009869340	        0.0000522124	        0.0000190087
        0.1332122955	        0.7698920477	        0.8936779456	       -0.1396102111	       26.4387473614	        0.0001954421	        0.0005559248	        0.0005114653	        0.0001529460	        0.0159333967	        0.0044175647	        0.0011180015	        0.0000587761	        0.0000199394
        0.1496492201	        0.8081439261	        0.8889096548	       -0.1420941164	       26.2384739292	        0.0002159863	        0.0006704209	        0.0006301047	        0.0001780685	        0.0156868896	        0.0040285079	        0.0012463519	        0.0000657411	        0.0000207875
        0.1678608015	        0.8445359348	        0.8838999600	       -0.1390727349	       26.0206708702	        0.0002386485	        0.0007984143	        0.0007614976	        0.0002046963	        0.0152592599	        0.0036217349	        0.0013689437	        0.0000730397	        0.0000215169
        0.1879943127	        0.8790788448	        0.8786155117	       -0.1336112508	       25.7855609548	        0.0002629015	        0.0009396787	        0.0009028385	        0.0002323685	        0.0146850597	        0.0032152243	        0.0014829457	        0.0000806093	        0.0000221025
        0.2101985296	        0.9118022811	        0.8730160246	       -0.1249928685	       25.5304790348	        0.0002882772	        0.0010937404	        0.0010503074	        0.0002605933	        0.0139958921	        0.0028220450	        0.0015858582	        0.0000883918	        0.0000225275
        0.2346208557	        0.9427381112	        0.8670589856	       -0.1122427724	       25.2541017834	        0.0003137942	        0.0012600260	        0.0011993401	        0.0002885670	        0.0132195363	        0.0024509014	        0.0016756537	        0.0000963132	        0.0000227756
        0.2614037844	        0.9719061968	        0.8607069269	       -0.0996940691	       24.9557689852	        0.0003390197	        0.0014381251	        0.0013449285	        0.0003156212	        0.0123800977	        0.0021070331	        0.0017509434	        0.0001043324	        0.0000228426
        0.2906806794	        0.9993023612	        0.8539131093	       -0.0856923296	       24.6332005583	        0.0003629160	        0.0016282038	        0.0014813787	        0.0003411256	        0.0114987165	        0.0017931543	        0.0018111464	        0.0001124235	        0.0000227294
        0.3225708876	        1.0248888796	        0.8466301250	       -0.0724836158	       24.2859531586	        0.0003851740	        0.0018315677	        0.0016032593	        0.0003644378	        0.0105948058	        0.0015103430	        0.0018566767	        0.0001205948	        0.0000224441
        0.3571742551	        1.0485886645	        0.8388051116	       -0.0619989214	       23.9125946270	        0.0004056808	        0.0020513557	        0.0017069888	        0.0003855645	        0.0096873560	        0.0012587366	        0.0018890814	        0.0001289766	        0.0000220165
        0.3945651751	        1.0702855841	        0.8303729839	       -0.0521756858	       23.5115578674	        0.0004240989	        0.0022932366	        0.0017900930	        0.0004044527	        0.0087960709	        0.0010380159	        0.0019110659	        0.0001376482	        0.0000214638
        0.4347863703	        1.0898346448	        0.8212713539	       -0.0421626774	       23.0829908078	        0.0004407405	        0.0025658100	        0.0018525292	        0.0004206957	        0.0079419932	        0.0008476604	        0.0019263218	        0.0001465885	        0.0000207882
        0.4778426900	        1.1070854138	        0.8114600724	       -0.0369668378	       22.6265878128	        0.0004553456	        0.0028801897	        0.0018984106	        0.0004349616	        0.0071470222	        0.0006869444	        0.0019390546	        0.0001559478	        0.0000200254
        0.5236952751	        1.1219179330	        0.8008958902	       -0.0312479017	       22.1406124022	        0.0004683650	        0.0032480962	        0.0019327669	        0.0004476894	        0.0064318945	        0.0005547134	        0.0019531771	        0.0001658234	        0.0000192121
        0.5722565058	        1.1342823651	        0.7895821258	       -0.0312835219	       21.6287653106	        0.0004811588	        0.0036778026	        0.0019629515	        0.0004600831	        0.0058133882	        0.0004491480	        0.0019714731	        0.0001765679	        0.0000184268
        0.6233861842	        1.1442255521	        0.7775169305	       -0.0343874460	       21.0907674416	        0.0004950048	        0.0041682640	        0.0019945140	        0.0004738290	        0.0053014253	        0.0003676433	        0.0019949722	        0.0001887757	        0.0000177789
        0.6768894010	        1.1518891931	        0.7647072705	       -0.0396582681	       20.5278945084	        0.0005117444	        0.0047030140	        0.0020324051	        0.0004904202	        0.0048980788	        0.0003070051	        0.0020229922	        0.0002032274	        0.0000173931
        0.7325164896	        1.1574781403	        0.7511614919	       -0.0472598885	       19.9442591170	        0.0005323415	        0.0052470204	        0.0020764173	        0.0005106704	        0.0045988485	        0.0002638706	        0.0020537493	        0.0002206392	        0.0000173838
        0.7899653716	        1.1612129945	        0.7368707543	       -0.0562566606	       19.3427584353	        0.0005578265	        0.0057497397	        0.0021260996	        0.0005355749	        0.0043955394	        0.0002351692	        0.0020851790	        0.0002421264	        0.0000178990
        0.8488864424	        1.1632858092	        0.7218161446	       -0.0673201729	       18.7253269308	        0.0005893724	        0.0061554097	        0.0021797625	        0.0005659736	        0.0042794233	        0.0002184586	        0.0021156072	        0.0002690884	        0.0000191163
        0.9088899606	        1.1638305145	        0.7059568415	       -0.0819952415	       18.0988706984	        0.0006283201	        0.0064178835	        0.0022349471	        0.0006027662	        0.0042435216	        0.0002120762	        0.0021440775	        0.0003032487	        0.0000212639
        0.9695556872	        1.1629102861	        0.6892327407	       -0.0967118080	       17.4653899163	        0.0006755934	        0.0065139948	        0.0022956507	        0.0006481373	        0.0042837163	        0.0002151489	        0.0021704205	        0.0003470252	        0.0000246653
        1.0304443128	        1.1605193390	        0.6715961802	       -0.1123136279	       16.8309391753	        0.0007313880	        0.0064493864	        0.0023521581	        0.0007000846	        0.0043988100	        0.0002275230	        0.0021951973	        0.0004012706	        0.0000296022
        1.0911100394	        1.1565963766	        0.6530097448	       -0.1265948418	       16.2024434871	        0.0007953624	        0.0062544738	        0.0024099465	        0.0007589394	        0.0045896287	        0.0002496389	        0.0022195125	        0.0004669679	        0.0000364413
        1.1511135576	        1.1510477471	        0.6335497000	       -0.1391141781	       15.5835304695	        0.0008655949	        0.0059728961	        0.0024791902	        0.0008249067	        0.0048576929	        0.0002823830	        0.0022448238	        0.0005433490	        0.0000454667
        1.2100346284	        1.1437773642	        0.6133945359	       -0.1472246366	       14.9783633966	        0.0009396755	        0.0056484067	        0.0025596067	        0.0008953967	        0.0052033700	        0.0003268871	        0.0022725091	        0.0006277689	        0.0000568074
        1.2674835104	        1.1347175144	        0.5927980799	       -0.1504740682	       14.3920476397	        0.0010145834	        0.0053151825	        0.0026493755	        0.0009676902	        0.0056242155	        0.0003843146	        0.0023033317	        0.0007169201	        0.0000704639
        1.3231105990	        1.1238520169	        0.5720534672	       -0.1509399349	       13.8275349551	        0.0010894044	        0.0049938332	        0.0027441324	        0.0010393527	        0.0061141067	        0.0004556850	        0.0023369679	        0.0008075861	        0.0000863269
        1.3766138158	        1.1112244861	        0.5514295548	       -0.1476213142	       13.2865669406	        0.0011617163	        0.0046924487	        0.0028367509	        0.0011081808	        0.0066634444	        0.0005417872	        0.0023717676	        0.0008967830	        0.0001041782
        1.4277434942	        1.0969302717	        0.5311495023	       -0.1391828295	       12.7717051749	        0.0012271036	        0.0044103486	        0.0029182550	        0.0011716030	        0.0072604214	        0.0006432221	        0.0024049166	        0.0009814975	        0.0001236710
        1.4763047249	        1.0810972172	        0.5113838710	       -0.1241980190	       12.2848887248	        0.0012836097	        0.0041423436	        0.0029791537	        0.0012268046	        0.0078927063	        0.0007605401	        0.0024328947	        0.0010587722	        0.0001443514
        1.5221573100	        1.0638633614	        0.4922546865	       -0.0998043882	       11.8272516411	        0.0013286598	        0.0038821391	        0.0030109844	        0.0012706868	        0.0085488979	        0.0008944086	        0.0024520416	        0.0011260615	        0.0001657181
        1.5652136297	        1.0453580751	        0.4738540262	       -0.0712115410	       11.3989622203	        0.0013617943	        0.0036244358	        0.0030077548	        0.0013012574	        0.0092194169	        0.0010457586	        0.0024590621	        0.0011819739	        0.0001873493
        1.6054348249	        1.0256895377	        0.4562236986	       -0.0353316731	       10.9976142734	        0.0013820001	        0.0033659166	        0.0029664140	        0.0013177072	        0.0098965772	        0.0012158409	        0.0024513180	        0.0012261855	        0.0002089323
        1.6428257449	        1.0049383895	        0.4393817441	        0.0059795199	       10.6244961321	        0.0013881950	        0.0031053846	        0.0028862012	        0.0013194548	        0.0105743671	        0.0014062425	        0.0024270046	        0.0012588629	        0.0002302092
        1.6774291124	        0.9831558962	        0.4233199280	        0.0525093394	       10.2767432254	        0.0013801175	        0.0028434774	        0.0027681579	        0.0013065575	        0.0112478413	        0.0016188235	        0.0023851610	        0.0012805753	        0.0002509887
        1.7093193206	        0.9603649136	        0.4080109878	        0.1032205833	        9.9532492047	        0.0013579923	        0.0025821754	        0.0026158802	        0.0012797269	        0.0119124434	        0.0018556043	        0.0023256116	        0.0012923482	        0.0002711831
        1.7385962156	        0.9365622905	        0.3934141451	        0.1553030550	        9.6526276897	        0.0013240650	        0.0023242758	        0.0024348378	        0.0012403711	        0.0125633033	        0.0021185947	        0.0022488650	        0.0012955664	        0.0002908159
        1.7653791443	        0.9117219251	        0.3794742575	        0.2070947340	        9.3734704048	        0.0012808034	        0.0020729235	        0.0022315287	        0.0011903504	        0.0131945067	        0.0024095417	        0.0021559913	        0.0012917840	        0.0003100077
        1.7898014704	        0.8857981314	        0.3661247328	        0.2559248111	        9.1121072416	        0.0012299953	        0.0018312298	        0.0020132274	        0.0011318125	        0.0137984036	        0.0027295864	        0.0020485076	        0.0012826213	        0.0003289716
        1.8120056873	        0.8587292709	        0.3532886787	        0.3014719928	        8.8680565636	        0.0011747037	        0.0016019959	        0.0017875106	        0.0010668878	        0.0143649257	        0.0030787983	        0.0019282724	        0.0012696664	        0.0003480019
        1.8321391985	        0.8304418268	        0.3408847642	        0.3361104741	        8.6415663995	        0.0011177053	        0.0013875303	        0.0015616787	        0.0009979199	        0.0148809777	        0.0034555794	        0.0017973993	        0.0012544247	        0.0003674674
        1.8503507799	        0.8008552805	        0.3288176262	        0.3628795968	        8.4269579375	        0.0010609117	        0.0011895582	        0.0013420997	        0.0009269153	        0.0153297939	        0.0038558812	        0.0016581716	        0.0012381201	        0.0003877546
        1.8667877045	        0.7698882254	        0.3169884859	        0.3725581007	        8.2279707578	        0.0010071857	        0.0010091869	        0.0011341736	        0.0008555818	        0.0156906342	        0.0042723529	        0.0015129913	        0.0012216217	        0.0004092318
        1.8815934821	        0.7374661756	        0.3052846696	        0.3650868947	        8.0384824935	        0.0009583135	        0.0008469312	        0.0009420894	        0.0007853481	        0.0159386630	        0.0046934128	        0.0013643215	        0.0012053174	        0.0004321783
        1.8949061510	        0.7035315305	        0.2935857635	        0.3372238070	        7.8585408947	        0.0009162655	        0.0007027667	        0.0007688433	        0.0007169390	        0.0160455600	        0.0051025523	        0.0012146523	        0.0011889080	        0.0004566615
        1.9068570493	        0.6680558838	        0.2817663323	        0.2781498519	        7.6900417452	        0.0008831359	        0.0005762082	        0.0006162484	        0.0006508360	        0.0159810123	        0.0054781663	        0.0010664664	        0.0011712960	        0.0004824145
        1.9175699947	        0.6310545848	        0.2696920894	        0.1891322076	        7.5298478277	        0.0008605940	        0.0004664018	        0.0004850728	        0.0005870624	        0.0157153657	        0.0057943470	        0.0009221976	        0.0011504147	        0.0005086505
        1.9271607996	        0.5926027939	        0.2572386664	        0.0680330705	        7.3749934471	        0.0008492682	        0.0003722186	        0.0003752197	        0.0005251967	        0.0152238783	        0.0060232666	        0.0007841908	        0.0011232665	        0.0005339223
        1.9357370589	        0.5528514454	        0.2443118470	       -0.0934010841	        7.2265847858	        0.0008498917	        0.0002923504	        0.0002857875	        0.0004651095	        0.0144922268	        0.0061393646	        0.0006546396	        0.0010864410	        0.0005561930
        1.9433981504	        0.5120408348	        0.2308646284	       -0.2923646678	        7.0864673801	        0.0008626222	        0.0002254005	        0.0002151819	        0.0004073478	        0.0135224911	        0.0061250560	        0.0005354975	        0.0010370330	        0.0005731658
        1.9502353978	        0.4705089365	        0.2169210593	       -0.5345720589	        6.9517829635	        0.0008875667	        0.0001699657	        0.0001610696	        0.0003530731	        0.0123382779	        0.0059769283	        0.0004283721	        0.0009736051	        0.0005827893
        1.9563323538	        0.4286914656	        0.2025704509	       -0.8172462912	        6.8225097951	        0.0009243883	        0.0001247064	        0.0001205023	        0.0003034836	        0.0109867789	        0.0057103672	        0.0003344057	        0.0008967316	        0.0005837300
        1.9617651675	        0.3871111813	        0.1879443912	       -1.1242856335	        6.7028096375	        0.0009704888	        0.0000883999	        0.0000902184	        0.0002586258	        0.0095361000	        0.0053606112	        0.0002541789	        0.0008086662	        0.0005754725
        1.9666030060	        0.3463545256	        0.1731908166	       -1.4544076001	        6.5901675013	        0.0010251827	        0.0000599678	        0.0000672369	        0.0002173637	        0.0080671602	        0.0049790768	        0.0001876625	        0.0007127692	        0.0005582670
        1.9709085097	        0.3071564205	        0.1584499101	       -1.8032525443	        6.4825257596	        0.0010876703	        0.0000405065	        0.0000494211	        0.0001785965	        0.0066661965	        0.0046272241	        0.0001344103	        0.0006131319	        0.0005331298
        1.9747382607	        0.2703598568	        0.1438565583	       -2.1564290506	        6.3820736686	        0.0011551690	        0.0000291854	        0.0000355712	        0.0001423998	        0.0054019834	        0.0043526103	        0.0000935124	        0.0005142994	        0.0005018579
        1.9781432525	        0.2363936834	        0.1295520227	       -2.5073378433	        6.2892401783	        0.0012257922	        0.0000202569	        0.0000250023	        0.0001097947	        0.0042996678	        0.0041649005	        0.0000632128	        0.0004207361	        0.0004669167
        1.9811693494	        0.2052803634	        0.1156787849	       -2.8508273159	        6.2033641315	        0.0012983070	        0.0000134970	        0.0000171746	        0.0000818903	        0.0033629695	        0.0040653131	        0.0000414342	        0.0003360660	        0.0004310908
        1.9838577298	        0.1769869921	        0.1023666665	       -3.1798380176	        6.1246742616	        0.0013707646	        0.0000086142	        0.0000115576	        0.0000592407	        0.0025856540	        0.0040477795	        0.0000262784	        0.0002625243	        0.0003966639
        1.9862453073	        0.1514235309	        0.0897207422	       -3.4863873227	        6.0542974401	        0.0014406401	        0.0000052589	        0.0000076318	        0.0000416653	        0.0019541041	        0.0041014227	        0.0000160848	        0.0002008552	        0.0003647943
        1.9883651267	        0.1284493720	        0.0778156871	       -3.7710753742	        5.9912331784	        0.0015075784	        0.0000030663	        0.0000049367	        0.0000284730	        0.0014504639	        0.0042131023	        0.0000094699	        0.0001506024	        0.0003364493
        1.9902467340	        0.1078869955	        0.0666954974	       -4.0379814083	        5.9337045575	        0.0015721413	        0.0000017031	        0.0000031108	        0.0000188224	        0.0010554947	        0.0043694412	        0.0000053377	        0.0001105828	        0.0003127178
        1.9919165179	        0.0895382312	        0.0563775322	       -4.2878279594	        5.8811310041	        0.0016340178	        0.0000008967	        0.0000018928	        0.0000119430	        0.0007506213	        0.0045581114	        0.0000028609	        0.0000793140	        0.0002945652
        1.9933980257	        0.0731988255	        0.0468583654	       -4.5193421352	        5.8336799669	        0.0016924091	        0.0000004439	        0.0000010990	        0.0000071942	        0.0005190890	        0.0047684551	        0.0000014440	        0.0000552971	        0.0002827617
        1.9947122508	        0.0586691332	        0.0381192012	       -4.7320812773	        5.7912663279	        0.0017468428	        0.0000002038	        0.0000005994	        0.0000040532	        0.0003464274	        0.0049916461	        0.0000006764	        0.0000371673	        0.0002779641
        1.9958778967	        0.0457607380	        0.0301302038	       -4.9263012083	        5.7536143295	        0.0017971173	        0.0000000849	        0.0000003006	        0.0000020912	        0.0002204831	        0.0052205955	        0.0000002875	        0.0000237554	        0.0002808679
        1.9969116151	        0.0342998290	        0.0228539371	       -5.1027066753	        5.7203500603	        0.0018432161	        0.0000000310	        0.0000001340	        0.0000009561	        0.0001312334	        0.0054497475	        0.0000001069	        0.0000140995	        0.0002924370
        1.9978282231	        0.0241283829	        0.0162481101	       -5.2622757815	        5.6910600109	        0.0018852447	        0.0000000093	        0.0000000501	        0.0000003652	        0.0000705149	        0.0056748493	        0.0000000326	        0.0000074297	        0.0003143120
        1.9986408981	        0.0151040270	        0.0102677578	       -5.4061375552	        5.6653269893	        0.0019233871	        0.0000000020	        0.0000000138	        0.0000001027	        0.0000317402	        0.0058927314	        0.0000000071	        0.0000031434	        0.0003497244
        1.9993613540	        0.0070992013	        0.0048669365	       -5.5354876072	        5.6427511082	        0.0019578739	        0.0000000002	        0.0000000019	        0.0000000146	        0.0000096335	        0.0061011151	        0.0000000008	        0.0000007792	        0.0004062495
        2.0000000000	        0.0000000000	        0.0000000000	       -5.6515310183	        5.6229610830	        0.0019889602	        0.0000000000	        0.0000000000	        0.0000000000	        0.0000000000	        0.0062984455	        0.0000000000	        0.0000000000	        0.0005094310
