        0.0000000000	        0.0000000000	        1.0000000000	        1.0667014828	       20.2049934835	        0.0013912093	        0.0000000000	        0.0000000000	        0.0000000000	        0.0000000000	        0.0070930286	        0.0000000000	        0.0000000000	        0.0004244707
        0.0006386460	        0.0067163277	        0.9974814460	        1.0542578773	       20.2023566527	        0.0013834816	        0.0000000002	        0.0000000015	        0.0000000060	        0.0000083898	        0.0068786014	        0.0000000005	        0.0000005021	        0.0003431857
        0.0013591019	        0.0142889910	        0.9946570782	        1.0403457631	       20.1995245370	        0.0013748618	        0.0000000014	        0.0000000110	        0.0000000429	        0.0000276111	        0.0066504682	        0.0000000048	        0.0000020419	        0.0002955751
        0.0021717769	        0.0228256218	        0.9914924752	        1.0248120191	       20.1964962256	        0.0013652630	        0.0000000067	        0.0000000401	        0.0000001558	        0.0000612969	        0.0064097866	        0.0000000219	        0.0000048451	        0.0002630378
        0.0030883849	        0.0324468322	        0.9879501705	        1.0074932996	       20.1932706953	        0.0013545947	        0.0000000226	        0.0000001088	        0.0000004194	        0.0001140089	        0.0061583755	        0.0000000723	        0.0000092116	        0.0002399863
        0.0041221033	        0.0432874666	        0.9839897042	        0.9882171521	       20.1898439451	        0.0013427641	        0.0000000625	        0.0000002483	        0.0000009486	        0.0001914337	        0.0058988629	        0.0000001958	        0.0000155267	        0.0002240332
        0.0052877492	        0.0554977220	        0.9795678421	        0.9668038732	       20.1862037654	        0.0013296787	        0.0000001515	        0.0000005057	        0.0000019115	        0.0003006089	        0.0056348526	        0.0000004640	        0.0000242799	        0.0002140184
        0.0066019743	        0.0692439015	        0.9746390369	        0.9430693300	       20.1823207813	        0.0013152493	        0.0000003341	        0.0000009485	        0.0000035407	        0.0004501740	        0.0053711114	        0.0000009988	        0.0000360888	        0.0002093644
        0.0080834821	        0.0847083992	        0.9691562282	        0.9168290254	       20.1781337376	        0.0012993945	        0.0000006847	        0.0000016706	        0.0000061464	        0.0006506300	        0.0051137671	        0.0000019975	        0.0000517252	        0.0002097999
        0.0097532660	        0.1020882757	        0.9630721132	        0.8879037476	       20.1735260085	        0.0012820463	        0.0000013226	        0.0000028012	        0.0000101317	        0.0009145715	        0.0048705010	        0.0000037655	        0.0000721397	        0.0002152097
        0.0116348733	        0.1215915230	        0.9563410815	        0.8561272098	       20.1682889014	        0.0012631587	        0.0000024288	        0.0000045181	        0.0000160144	        0.0012568082	        0.0046506894	        0.0000067573	        0.0000984744	        0.0002255323
        0.0137546927	        0.1434299499	        0.9489220955	        0.8213579167	       20.1621040811	        0.0012427140	        0.0000042630	        0.0000070696	        0.0000244586	        0.0016942377	        0.0044654091	        0.0000116219	        0.0001320465	        0.0002406765
        0.0161422702	        0.1678078483	        0.9407828828	        0.7835087697	       20.1548219970	        0.0012207012	        0.0000071722	        0.0000108049	        0.0000363050	        0.0022452483	        0.0043271634	        0.0000192478	        0.0001742724	        0.0002604630
        0.0188306506	        0.1949066401	        0.9319056937	        0.7425709946	       20.1464929084	        0.0011971200	        0.0000115810	        0.0000162056	        0.0000525512	        0.0029283937	        0.0042491332	        0.0000307978	        0.0002264886	        0.0002846478
        0.0218567475	        0.2248676954	        0.9222941900	        0.6986360949	       20.1372199856	        0.0011720318	        0.0000179561	        0.0000238919	        0.0000741929	        0.0037601578	        0.0042437676	        0.0000477213	        0.0002896278	        0.0003130211
        0.0252617393	        0.2577776335	        0.9119798195	        0.6519325112	       20.1271224890	        0.0011455887	        0.0000267508	        0.0000345881	        0.0001019084	        0.0047519231	        0.0043206709	        0.0000717361	        0.0003637671	        0.0003450889
        0.0290914903	        0.2936606378	        0.9010256147	        0.6028672653	       20.1159677186	        0.0011179662	        0.0000383539	        0.0000490886	        0.0001357820	        0.0059067132	        0.0044840436	        0.0001047778	        0.0004476505	        0.0003792444
        0.0333969940	        0.3324791485	        0.8895267213	        0.5520528745	       20.1032106531	        0.0010893695	        0.0000530768	        0.0000682868	        0.0001752588	        0.0072166123	        0.0047302826	        0.0001489270	        0.0005383277	        0.0004129441
        0.0382348325	        0.3738013282	        0.8776100467	        0.5002705308	       20.0887391048	        0.0010601185	        0.0000776561	        0.0000933740	        0.0002194671	        0.0086519561	        0.0050468661	        0.0002059019	        0.0006310678	        0.0004431383
        0.0436676462	        0.4167247106	        0.8654380503	        0.4484814357	       20.0722353498	        0.0010305428	        0.0001144691	        0.0001262988	        0.0002677610	        0.0101381628	        0.0053861372	        0.0002764291	        0.0007196096	        0.0004665642
        0.0497646022	        0.4604247857	        0.8532175234	        0.3977371138	       20.0538685535	        0.0010009805	        0.0001616170	        0.0001703336	        0.0003198858	        0.0115799958	        0.0056845524	        0.0003606221	        0.0007967360	        0.0004801372
        0.0566018496	        0.5042599660	        0.8411976068	        0.3490698221	       20.0338533115	        0.0009717740	        0.0002205525	        0.0002300165	        0.0003748486	        0.0128916330	        0.0058914979	        0.0004581493	        0.0008553060	        0.0004815130
        0.0642629411	        0.5476602211	        0.8296376268	        0.3034006428	       20.0108240516	        0.0009432242	        0.0002928844	        0.0003103783	        0.0004298476	        0.0140037210	        0.0059747679	        0.0005680037	        0.0008899451	        0.0004698152
        0.0728392004	        0.5901554304	        0.8187542494	        0.2614162304	       19.9854872653	        0.0009156195	        0.0003803282	        0.0004161148	        0.0004809230	        0.0148715173	        0.0059234241	        0.0006885783	        0.0008988011	        0.0004461501
        0.0824300053	        0.6313877962	        0.8086809761	        0.2235572962	       19.9562837105	        0.0008891680	        0.0004846283	        0.0005510849	        0.0005246246	        0.0154765463	        0.0057455208	        0.0008177894	        0.0008840982	        0.0004133780
        0.0931429507	        0.6711103872	        0.7994608332	        0.1899913575	       19.9251065534	        0.0008640075	        0.0006074633	        0.0007181777	        0.0005591797	        0.0158230691	        0.0054623997	        0.0009532134	        0.0008510515	        0.0003751942
        0.1050938490	        0.7091754976	        0.7910658153	        0.1606321273	       19.8889947593	        0.0008402350	        0.0007503364	        0.0009193423	        0.0005845388	        0.0159317537	        0.0051019680	        0.0010922133	        0.0008060070	        0.0003351186
        0.1184065179	        0.7455171077	        0.7834247464	        0.1352533888	       19.8492073579	        0.0008178798	        0.0009144592	        0.0011555844	        0.0006017596	        0.0158328289	        0.0046929130	        0.0012320423	        0.0007548964	        0.0002958797
        0.1332122955	        0.7801312644	        0.7764468162	        0.1135336194	       19.8047117500	        0.0007969757	        0.0011006354	        0.0014268558	        0.0006123441	        0.0155602310	        0.0042608067	        0.0013699243	        0.0007024463	        0.0002592587
        0.1496492201	        0.8130571280	        0.7700369258	        0.0950650792	       19.7555930525	        0.0007774482	        0.0013091546	        0.0017318548	        0.0006178086	        0.0151473925	        0.0038261593	        0.0015031192	        0.0006520140	        0.0002262149
        0.1678608015	        0.8443602504	        0.7641039101	        0.0794440228	       19.7012811576	        0.0007591468	        0.0015397094	        0.0020677902	        0.0006194816	        0.0146246874	        0.0034039771	        0.0016289814	        0.0006057620	        0.0001971084
        0.1879943127	        0.8741186671	        0.7585640940	        0.0662439034	       19.6414883625	        0.0007419539	        0.0017913517	        0.0024301640	        0.0006184469	        0.0140182234	        0.0030042459	        0.0017450211	        0.0005649422	        0.0001719137
        0.2101985296	        0.9024117224	        0.7533420952	        0.0550695480	       19.5753121708	        0.0007260651	        0.0020625105	        0.0028126233	        0.0006155586	        0.0133495849	        0.0026328462	        0.0018489757	        0.0005301739	        0.0001503851
        0.2346208557	        0.9293111797	        0.7483702413	        0.0456326161	       19.5030280006	        0.0007119447	        0.0023510964	        0.0032069276	        0.0006114719	        0.0126361722	        0.0022925693	        0.0019388967	        0.0005016656	        0.0001321696
        0.2614037844	        0.9548740462	        0.7435875011	        0.0376596908	       19.4237307216	        0.0006995836	        0.0026547219	        0.0036030821	        0.0006066777	        0.0118918794	        0.0019840498	        0.0020132534	        0.0004793789	        0.0001168778
        0.2906806794	        0.9791365926	        0.7389381828	        0.0309505988	       19.3372459826	        0.0006881565	        0.0029710680	        0.0039896899	        0.0006015342	        0.0111279440	        0.0017065402	        0.0020710543	        0.0004631386	        0.0001041264
        0.3225708876	        1.0021092374	        0.7343707699	        0.0253771708	       19.2427158277	        0.0006775930	        0.0032984177	        0.0043545804	        0.0005962823	        0.0103538774	        0.0014585123	        0.0021119812	        0.0004527034	        0.0000935598
        0.3571742551	        1.0237723132	        0.7298371039	        0.0207244288	       19.1401916327	        0.0006681528	        0.0036363575	        0.0046857552	        0.0005910780	        0.0095784192	        0.0012381039	        0.0021365209	        0.0004478071	        0.0000848615
        0.3945651751	        1.0440732534	        0.7252916664	        0.0167931235	       19.0303046422	        0.0006597034	        0.0039865970	        0.0049726450	        0.0005860368	        0.0088104672	        0.0010434314	        0.0021460736	        0.0004481780	        0.0000777574
        0.4347863703	        1.0629264576	        0.7206913336	        0.0134181224	       18.9126798525	        0.0006522019	        0.0043537669	        0.0052075810	        0.0005812576	        0.0080598923	        0.0008727856	        0.0021429933	        0.0004535395	        0.0000720164
        0.4778426900	        1.0802178635	        0.7159958397	        0.0103773547	       18.7869250020	        0.0006455424	        0.0047458969	        0.0053872436	        0.0005768654	        0.0073380757	        0.0007247178	        0.0021305040	        0.0004635971	        0.0000674480
        0.5236952751	        1.0958165954	        0.7111687539	        0.0075692619	       18.6528807560	        0.0006398923	        0.0051740685	        0.0055136729	        0.0005730319	        0.0066579313	        0.0005980146	        0.0021124282	        0.0004780150	        0.0000639010
        0.5722565058	        1.1095950282	        0.7061795568	        0.0048296517	       18.5114307093	        0.0006365427	        0.0056505330	        0.0055942959	        0.0005699951	        0.0060331719	        0.0004915706	        0.0020926999	        0.0004963944	        0.0000612621
        0.6233861842	        1.1214552756	        0.7010057027	        0.0020048062	       18.3630458343	        0.0006346882	        0.0061846078	        0.0056404983	        0.0005680867	        0.0054767746	        0.0004041997	        0.0020747255	        0.0005182660	        0.0000594560
        0.6768894010	        1.1313549909	        0.6956339121	       -0.0011575929	       18.2077852217	        0.0006336561	        0.0067762374	        0.0056647325	        0.0005677506	        0.0049990131	        0.0003344647	        0.0020607815	        0.0005431134	        0.0000584466
        0.7325164896	        1.1393218008	        0.6900588232	       -0.0047779835	       18.0471836315	        0.0006348816	        0.0074084646	        0.0056769756	        0.0005694977	        0.0046058406	        0.0002806195	        0.0020517028	        0.0005704301	        0.0000582368
        0.7899653716	        1.1454481355	        0.6842795218	       -0.0090215728	       17.8811673949	        0.0006394731	        0.0080418868	        0.0056820296	        0.0005738419	        0.0042984296	        0.0002407104	        0.0020470120	        0.0005997975	        0.0000588676
        0.8488864424	        1.1498668939	        0.6782938376	       -0.0139343587	       17.7111362408	        0.0006466210	        0.0086152938	        0.0056790477	        0.0005812567	        0.0040741302	        0.0002127984	        0.0020454128	        0.0006309553	        0.0000604150
        0.9088899606	        1.1527171135	        0.6720935706	       -0.0197567038	       17.5384073663	        0.0006577528	        0.0090555471	        0.0056636285	        0.0005922175	        0.0039283876	        0.0001952089	        0.0020453954	        0.0006638313	        0.0000629869
        0.9695556872	        1.1541111707	        0.6656609902	       -0.0264223552	       17.3632532045	        0.0006740532	        0.0092957791	        0.0056315044	        0.0006075013	        0.0038568200	        0.0001867297	        0.0020457245	        0.0006985015	        0.0000667182
        1.0304443128	        1.1541111707	        0.6589648283	       -0.0335839295	       17.1876524667	        0.0006950317	        0.0092957791	        0.0055702121	        0.0006267843	        0.0038568200	        0.0001867297	        0.0020457245	        0.0007350476	        0.0000717626
        1.0911100394	        1.1527171135	        0.6519664733	       -0.0409112047	       17.0134954542	        0.0007212029	        0.0090555471	        0.0054834719	        0.0006500959	        0.0039283876	        0.0001952089	        0.0020453954	        0.0007734703	        0.0000782915
        1.1511135576	        1.1498668939	        0.6446417432	       -0.0483876830	       16.8409347716	        0.0007522308	        0.0086152938	        0.0053900869	        0.0006780384	        0.0040741302	        0.0002127984	        0.0020454128	        0.0008135947	        0.0000864797
        1.2100346284	        1.1454481355	        0.6369894515	       -0.0558755866	       16.6706449567	        0.0007873877	        0.0080418868	        0.0052991182	        0.0007101633	        0.0042984296	        0.0002407104	        0.0020470120	        0.0008550980	        0.0000964911
        1.2674835104	        1.1393218008	        0.6290297895	       -0.0631702482	       16.5059105996	        0.0008276151	        0.0074084646	        0.0052179358	        0.0007461684	        0.0046058406	        0.0002806195	        0.0020517028	        0.0008977619	        0.0001084909
        1.3231105990	        1.1313549909	        0.6208039202	       -0.0701377139	       16.3453937809	        0.0008698922	        0.0067762374	        0.0051489227	        0.0007855308	        0.0049990131	        0.0003344647	        0.0020607815	        0.0009416728	        0.0001226577
        1.3766138158	        1.1214552756	        0.6123665683	       -0.0770249057	       16.1920834191	        0.0009156758	        0.0061846078	        0.0050880037	        0.0008275976	        0.0054767746	        0.0004041997	        0.0020747255	        0.0009874236	        0.0001392152
        1.4277434942	        1.1095950282	        0.6037726203	       -0.0841138125	       16.0447324561	        0.0009628574	        0.0056505330	        0.0050254682	        0.0008717000	        0.0060331719	        0.0004915706	        0.0020926999	        0.0010362068	        0.0001584707
        1.4763047249	        1.0958165954	        0.5950648611	       -0.0916488965	       15.9040000320	        0.0010117632	        0.0051740685	        0.0049485548	        0.0009171858	        0.0066579313	        0.0005980146	        0.0021124282	        0.0010897481	        0.0001808495
        1.5221573100	        1.0802178635	        0.5862665693	       -0.0994801236	       15.7719965338	        0.0010622573	        0.0047458969	        0.0048446082	        0.0009633675	        0.0073380757	        0.0007247178	        0.0021305040	        0.0011501367	        0.0002069158
        1.5652136297	        1.0629264576	        0.5773808782	       -0.1077887058	       15.6473667565	        0.0011139536	        0.0043537669	        0.0047036797	        0.0010095495	        0.0080598923	        0.0008727856	        0.0021429933	        0.0012196609	        0.0002373843
        1.6054348249	        1.0440732534	        0.5683916017	       -0.1168572826	       15.5306619477	        0.0011658161	        0.0039865970	        0.0045200009	        0.0010551440	        0.0088104672	        0.0010434314	        0.0021460736	        0.0013006963	        0.0002731274
        1.6428257449	        1.0237723132	        0.5592651374	       -0.1268308014	       15.4227985397	        0.0012172348	        0.0036363575	        0.0042923526	        0.0010996315	        0.0095784192	        0.0012381039	        0.0021365209	        0.0013956245	        0.0003151785
        1.6774291124	        1.0021092374	        0.5499529339	       -0.1377438108	       15.3222557463	        0.0012690261	        0.0032984177	        0.0040236577	        0.0011424673	        0.0103538774	        0.0014585123	        0.0021119812	        0.0015067737	        0.0003647322
        1.7093193206	        0.9791365926	        0.5403934803	       -0.1497133681	       15.2298921781	        0.0013221690	        0.0029710680	        0.0037201573	        0.0011830410	        0.0111279440	        0.0017065402	        0.0020710543	        0.0016363688	        0.0004231424
        1.7385962156	        0.9548740462	        0.5305130259	       -0.1628801243	       15.1450354477	        0.0013752140	        0.0026547219	        0.0033904181	        0.0012206601	        0.0118918794	        0.0019840498	        0.0020132534	        0.0017864612	        0.0004919133
        1.7653791443	        0.9293111797	        0.5202254205	       -0.1775102083	       15.0669167554	        0.0014276981	        0.0023510964	        0.0030443212	        0.0012545258	        0.0126361722	        0.0022925693	        0.0019388967	        0.0019588022	        0.0005726709
        1.7898014704	        0.9024117224	        0.5094310677	       -0.1938957873	       14.9967139795	        0.0014794860	        0.0020625105	        0.0026921242	        0.0012836929	        0.0133495849	        0.0026328462	        0.0018489757	        0.0021546195	        0.0006670988
        1.8120056873	        0.8741186671	        0.4980155216	       -0.2123228245	       14.9315443508	        0.0015303944	        0.0017913517	        0.0023436587	        0.0013069964	        0.0140182234	        0.0030042459	        0.0017450211	        0.0023742535	        0.0007768121
        1.8321391985	        0.8443602504	        0.4858480841	       -0.2331789598	       14.8732992686	        0.0015814474	        0.0015397094	        0.0020077088	        0.0013229775	        0.0146246874	        0.0034039771	        0.0016289814	        0.0026166091	        0.0009031365
        1.8503507799	        0.8130571280	        0.4727806911	       -0.2568559708	       14.8203302371	        0.0016326377	        0.0013091546	        0.0016915945	        0.0013298058	        0.0151473925	        0.0038261593	        0.0015031192	        0.0028783740	        0.0010467476
        1.8667877045	        0.7801312644	        0.4586482071	       -0.2837321862	       14.7724729288	        0.0016837253	        0.0011006354	        0.0014009601	        0.0013252096	        0.0155602310	        0.0042608067	        0.0013699243	        0.0031529836	        0.0012071206
        1.8815934821	        0.7455171077	        0.4432717745	       -0.3140825056	       14.7296440460	        0.0017344769	        0.0009144592	        0.0011397446	        0.0013064678	        0.0158328289	        0.0046929130	        0.0012320423	        0.0034293925	        0.0013817622
        1.8949061510	        0.7091754976	        0.4264680997	       -0.3481544248	       14.6914675574	        0.0017850310	        0.0007503364	        0.0009102895	        0.0012705707	        0.0159317537	        0.0051019680	        0.0010922133	        0.0036909078	        0.0015652668
        1.9068570493	        0.6711103872	        0.4080686188	       -0.3862210895	       14.6567417479	        0.0018357470	        0.0006074633	        0.0007135223	        0.0012147040	        0.0158230691	        0.0054623997	        0.0009532134	        0.0039146790	        0.0017484176
        1.9175699947	        0.6313877962	        0.3879530871	       -0.4276788102	       14.6258303462	        0.0018858675	        0.0004846283	        0.0005491432	        0.0011371745	        0.0154765463	        0.0057455208	        0.0008177894	        0.0040728877	        0.0019178518
        1.9271607996	        0.5901554304	        0.3661004083	       -0.4722074971	       14.5975137812	        0.0019352189	        0.0003803282	        0.0004157470	        0.0010388172	        0.0148715173	        0.0059234241	        0.0006885783	        0.0041369098	        0.0020571297
        1.9357370589	        0.5476602211	        0.3426456438	       -0.5192677786	       14.5725777890	        0.0019841126	        0.0002928844	        0.0003108484	        0.0009242549	        0.0140037210	        0.0059747679	        0.0005680037	        0.0040847959	        0.0021499072
        1.9433981504	        0.5042599660	        0.3179158601	       -0.5671530899	       14.5509883439	        0.0020314636	        0.0002205525	        0.0002308764	        0.0008016140	        0.0128916330	        0.0058914979	        0.0004581493	        0.0039096862	        0.0021846778
        1.9502353978	        0.4604247857	        0.2924078266	       -0.6154717717	       14.5310822613	        0.0020778212	        0.0001616170	        0.0001713278	        0.0006798841	        0.0115799958	        0.0056845524	        0.0003606221	        0.0036240387	        0.0021586829
        1.9563323538	        0.4167247106	        0.2666942697	       -0.6624731939	       14.5133549546	        0.0021223212	        0.0001144691	        0.0001272892	        0.0005653158	        0.0101381628	        0.0053861372	        0.0002764291	        0.0032560123	        0.0020783358
        1.9617651675	        0.3738013282	        0.2413093342	       -0.7074693036	       14.4977630516	        0.0021649872	        0.0000776561	        0.0000942862	        0.0004601084	        0.0086519561	        0.0050468661	        0.0002059019	        0.0028405954	        0.0019562680
        1.9666030060	        0.3324791485	        0.2166814476	       -0.7495394426	       14.4840939296	        0.0022054936	        0.0000530768	        0.0000690798	        0.0003647765	        0.0072166123	        0.0047302826	        0.0001489270	        0.0024116039	        0.0018076805
        1.9709085097	        0.2936606378	        0.1931326006	       -0.7878003374	       14.4721130474	        0.0022432840	        0.0000383539	        0.0000497432	        0.0002805448	        0.0059067132	        0.0044840436	        0.0001047778	        0.0019971683	        0.0016477406
        1.9747382607	        0.2577776335	        0.1709006752	       -0.8225068712	       14.4609838540	        0.0022786835	        0.0000267508	        0.0000351018	        0.0002090061	        0.0047519231	        0.0043206709	        0.0000717361	        0.0016175991	        0.0014899482
        1.9781432525	        0.2248676954	        0.1501508760	       -0.8537066495	       14.4509289661	        0.0023117031	        0.0000179561	        0.0000242754	        0.0001510329	        0.0037601578	        0.0042437676	        0.0000477213	        0.0012848004	        0.0013450503
        1.9811693494	        0.1949066401	        0.1309787547	       -0.8813734313	       14.4421139345	        0.0023421663	        0.0000115810	        0.0000164775	        0.0001061691	        0.0029283937	        0.0042491332	        0.0000307978	        0.0010031074	        0.0012194199
        1.9838577298	        0.1678078483	        0.1134147122	       -0.9055092863	       14.4344131993	        0.0023698558	        0.0000071722	        0.0000109877	        0.0000727791	        0.0022452483	        0.0043271634	        0.0000192478	        0.0007711668	        0.0011145245
        1.9862453073	        0.1434299499	        0.0974343959	       -0.9264908932	       14.4276595448	        0.0023949277	        0.0000042630	        0.0000071855	        0.0000486409	        0.0016942377	        0.0044654091	        0.0000116219	        0.0005841434	        0.0010306201
        1.9883651267	        0.1215915230	        0.0829733051	       -0.9448511856	       14.4216907610	        0.0024177153	        0.0000024288	        0.0000045868	        0.0000315884	        0.0012568082	        0.0046506894	        0.0000067573	        0.0004356940	        0.0009681834
        1.9902467340	        0.1020882757	        0.0699415757	       -0.9609598363	       14.4164011800	        0.0024384083	        0.0000013226	        0.0000028388	        0.0000198205	        0.0009145715	        0.0048705010	        0.0000037655	        0.0003193242	        0.0009275144
        1.9919165179	        0.0847083992	        0.0582358740	       -0.9750438222	       14.4117317053	        0.0024570720	        0.0000006847	        0.0000016894	        0.0000119264	        0.0006506300	        0.0051137671	        0.0000019975	        0.0002291078	        0.0009086496
        1.9933980257	        0.0692439015	        0.0477477308	       -0.9873215140	       14.4076234552	        0.0024738103	        0.0000003341	        0.0000009570	        0.0000068167	        0.0004501740	        0.0053711114	        0.0000009988	        0.0001599660	        0.0009116064
        1.9947122508	        0.0554977220	        0.0383689951	       -0.9980048334	       14.4040171105	        0.0024887595	        0.0000001515	        0.0000005091	        0.0000036534	        0.0003006089	        0.0056348526	        0.0000004640	        0.0001077021	        0.0009367358
        1.9958778967	        0.0432874666	        0.0299952636	       -1.0072913469	       14.4008558683	        0.0025020700	        0.0000000625	        0.0000002495	        0.0000018012	        0.0001914337	        0.0058988629	        0.0000001958	        0.0000689219	        0.0009851592
        1.9969116151	        0.0324468322	        0.0225279376	       -1.0153604942	       14.3980870320	        0.0025138951	        0.0000000226	        0.0000001091	        0.0000007916	        0.0001140089	        0.0061583755	        0.0000000723	        0.0000409148	        0.0010594162
        1.9978282231	        0.0228256218	        0.0158753391	       -1.0223723852	       14.3956627328	        0.0025243834	        0.0000000067	        0.0000000402	        0.0000002927	        0.0000612969	        0.0064097866	        0.0000000219	        0.0000215316	        0.0011646794
        1.9986408981	        0.0142889910	        0.0099531837	       -1.0284681259	       14.3935401103	        0.0025336754	        0.0000000014	        0.0000000110	        0.0000000802	        0.0000276111	        0.0066504682	        0.0000000048	        0.0000090781	        0.0013116054
        1.9993613540	        0.0067163277	        0.0046846212	       -1.0337709976	       14.3916811744	        0.0025419006	        0.0000000002	        0.0000000015	        0.0000000112	        0.0000083898	        0.0068786014	        0.0000000005	        0.0000022331	        0.0015250970
        2.0000000000	        0.0000000000	        0.0000000000	       -1.0383880573	       14.3900524888	        0.0025491777	        0.0000000000	        0.0000000000	        0.0000000000	        0.0000000000	        0.0070930286	        0.0000000000	        0.0000000000	        0.0018879315
