        0.0000000000	        0.0000000000	        1.0000000000	        0.8038435036	       20.0257978356	        0.0009423103	        0.0000000000	        0.0000000000	        0.0000000000	        0.0000000000	        0.0058118115	        0.0000000000	        0.0000000000	        0.0001963887
        0.0006386460	        0.0059039330	        0.9977126460	        0.7970838414	       20.0244719663	        0.0009377885	        0.0000000000	        0.0000000007	        0.0000000027	        0.0000053335	        0.0056749746	        0.0000000002	        0.0000003004	        0.0001543329
        0.0013591019	        0.0125601480	        0.9951449222	        0.7894935328	       20.0229757409	        0.0009327310	        0.0000000005	        0.0000000054	        0.0000000193	        0.0000176013	        0.0055276618	        0.0000000020	        0.0000012053	        0.0001302155
        0.0021717769	        0.0200631000	        0.9922645797	        0.7809765553	       20.0212861924	        0.0009270816	        0.0000000021	        0.0000000199	        0.0000000706	        0.0000391959	        0.0053701369	        0.0000000094	        0.0000028336	        0.0001140934
        0.0030883849	        0.0285186750	        0.9890362955	        0.7714275030	       20.0193766180	        0.0009207801	        0.0000000073	        0.0000000543	        0.0000001909	        0.0000731500	        0.0052030181	        0.0000000313	        0.0000053460	        0.0001029678
        0.0041221033	        0.0380453935	        0.9854216109	        0.7607311834	       20.0172156724	        0.0009137629	        0.0000000202	        0.0000001241	        0.0000004331	        0.0001232839	        0.0050273748	        0.0000000856	        0.0000089517	        0.0000955648
        0.0052877492	        0.0487756269	        0.9813789728	        0.7487623781	       20.0147661347	        0.0009059640	        0.0000000495	        0.0000002526	        0.0000008736	        0.0001943788	        0.0048448409	        0.0000002056	        0.0000139193	        0.0000912768
        0.0066019743	        0.0608567279	        0.9768639236	        0.7353858432	       20.0119832152	        0.0008973154	        0.0000001104	        0.0000004720	        0.0000016159	        0.0002923811	        0.0046577472	        0.0000004493	        0.0000205932	        0.0000898165
        0.0080834821	        0.0744519002	        0.9718294945	        0.7204566521	       20.0088122045	        0.0008877494	        0.0000002294	        0.0000008259	        0.0000027942	        0.0004246341	        0.0044692718	        0.0000009133	        0.0000294144	        0.0000910708
        0.0097532660	        0.0897405019	        0.9662268749	        0.7038210138	       20.0051851840	        0.0008772005	        0.0000004502	        0.0000013719	        0.0000045781	        0.0006001286	        0.0042836075	        0.0000017529	        0.0000409436	        0.0000950238
        0.0116348733	        0.1069172948	        0.9600064690	        0.6853177362	       20.0010163984	        0.0008656088	        0.0000008428	        0.0000021872	        0.0000071811	        0.0008297496	        0.0041061343	        0.0000032086	        0.0000558877	        0.0001017061
        0.0137546927	        0.1261899186	        0.9531195129	        0.6647816563	       19.9962086086	        0.0008529231	        0.0000015139	        0.0000033767	        0.0000108772	        0.0011264634	        0.0039435727	        0.0000056402	        0.0000751208	        0.0001111527
        0.0161422702	        0.1477736632	        0.9455205194	        0.6420574316	       19.9907647252	        0.0008390971	        0.0000026186	        0.0000050886	        0.0000160250	        0.0015053443	        0.0038040673	        0.0000095670	        0.0000996915	        0.0001233595
        0.0188306506	        0.1718825997	        0.9371709138	        0.6170090931	       19.9848151787	        0.0008240938	        0.0000043698	        0.0000075349	        0.0000230959	        0.0019832716	        0.0036971065	        0.0000157121	        0.0001307922	        0.0001382459
        0.0218567475	        0.1987166413	        0.9280442292	        0.5895296387	       19.9783144731	        0.0008079001	        0.0000070390	        0.0000110166	        0.0000326864	        0.0025780656	        0.0036331428	        0.0000250423	        0.0001696527	        0.0001556599
        0.0252617393	        0.2284454042	        0.9181328406	        0.5595607921	       19.9708570656	        0.0007905394	        0.0000109426	        0.0000159404	        0.0000454653	        0.0033068264	        0.0036227441	        0.0000387949	        0.0002173123	        0.0001755015
        0.0290914903	        0.2611916382	        0.9074551752	        0.5271346817	       19.9621953912	        0.0007720698	        0.0000164132	        0.0000228063	        0.0000620103	        0.0041833928	        0.0036751552	        0.0000584797	        0.0002742546	        0.0001978318
        0.0333969940	        0.2970183160	        0.8960617297	        0.4924045337	       19.9522818366	        0.0007525866	        0.0000237634	        0.0000321974	        0.0000826369	        0.0052151802	        0.0037963081	        0.0000858487	        0.0003399834	        0.0002223062
        0.0382348325	        0.3359225206	        0.8840390960	        0.4556465581	       19.9409358935	        0.0007322174	        0.0000332629	        0.0000448114	        0.0001073408	        0.0064000805	        0.0039865989	        0.0001228326	        0.0004126546	        0.0002475191
        0.0436676462	        0.3778358720	        0.8715120795	        0.4173219995	       19.9277979533	        0.0007111448	        0.0000451440	        0.0000615344	        0.0001358131	        0.0077243105	        0.0042390255	        0.0001714518	        0.0004888350	        0.0002714175
        0.0497646022	        0.4221880361	        0.8586450476	        0.3780805699	       19.9130985047	        0.0006895942	        0.0000657621	        0.0000836092	        0.0001675633	        0.0091507267	        0.0045390293	        0.0002331479	        0.0005635437	        0.0002916389
        0.0566018496	        0.4679874782	        0.8456435882	        0.3386944472	       19.8970518437	        0.0006678155	        0.0000949721	        0.0001128993	        0.0002020161	        0.0105937898	        0.0048374932	        0.0003082572	        0.0006306738	        0.0003057784
        0.0642629411	        0.5144141173	        0.8327545910	        0.3000107910	       19.8783153134	        0.0006460752	        0.0001320515	        0.0001522378	        0.0002385491	        0.0119572008	        0.0050796483	        0.0003965541	        0.0006838495	        0.0003117882
        0.0728392004	        0.5607937090	        0.8202502361	        0.2628931877	       19.8576116066	        0.0006246372	        0.0001780871	        0.0002052571	        0.0002758540	        0.0131563874	        0.0052241825	        0.0004972045	        0.0007177027	        0.0003084727
        0.0824300053	        0.6065315692	        0.8083854316	        0.2280823043	       19.8333983415	        0.0006037438	        0.0002342121	        0.0002757983	        0.0003116752	        0.0141270322	        0.0052480654	        0.0006086281	        0.0007294328	        0.0002959705
        0.0931429507	        0.6511441828	        0.7973473830	        0.1961380644	       19.8075864290	        0.0005835706	        0.0003015449	        0.0003672967	        0.0003434925	        0.0148319747	        0.0051479649	        0.0007286204	        0.0007198273	        0.0002758783
        0.1050938490	        0.6942718508	        0.7872277880	        0.1674169675	       19.7772711758	        0.0005642965	        0.0003811184	        0.0004823866	        0.0003694977	        0.0152612189	        0.0049369286	        0.0008545216	        0.0006928922	        0.0002507845
        0.1184065179	        0.7356744999	        0.7780286444	        0.1420175942	       19.7437243644	        0.0005459926	        0.0004738034	        0.0006227544	        0.0003890678	        0.0154268677	        0.0046383291	        0.0009833933	        0.0006543167	        0.0002234705
        0.1332122955	        0.7752157044	        0.7696887894	        0.1198910915	       19.7059051863	        0.0005287634	        0.0005802305	        0.0007891096	        0.0004025884	        0.0153557758	        0.0042794877	        0.0011121746	        0.0006098030	        0.0001962574
        0.1496492201	        0.8128405821	        0.7621132159	        0.1008042557	       19.6647866586	        0.0005126436	        0.0007007211	        0.0009811438	        0.0004109982	        0.0150823251	        0.0038866721	        0.0012378135	        0.0005640218	        0.0001707296
        0.1678608015	        0.8485521375	        0.7551949900	        0.0844722629	       19.6177572821	        0.0004976790	        0.0008352404	        0.0011974290	        0.0004153943	        0.0146427185	        0.0034820944	        0.0013573770	        0.0005202842	        0.0001477651
        0.1879943127	        0.8823889485	        0.7488282814	        0.0705583557	       19.5667039792	        0.0004839131	        0.0009833917	        0.0014352716	        0.0004168021	        0.0140712339	        0.0030827257	        0.0014681539	        0.0004806619	        0.0001277071
        0.2101985296	        0.9144055556	        0.7429145334	        0.0587202151	       19.5093529106	        0.0004712898	        0.0011444745	        0.0016905691	        0.0004160856	        0.0133982704	        0.0027003765	        0.0015677633	        0.0004462795	        0.0001105520
        0.2346208557	        0.9446558255	        0.7373644361	        0.0486404164	       19.4462141297	        0.0004596918	        0.0013176347	        0.0019577312	        0.0004139338	        0.0126497709	        0.0023424691	        0.0016542800	        0.0004176154	        0.0000961013
        0.2614037844	        0.9731789838	        0.7320977111	        0.0400200609	       19.3772981109	        0.0004491540	        0.0015021363	        0.0022297370	        0.0004108817	        0.0118475873	        0.0020130685	        0.0017263834	        0.0003947437	        0.0000840654
        0.2906806794	        0.9999879196	        0.7270419141	        0.0326175912	       19.3016234026	        0.0004399235	        0.0016977877	        0.0024984149	        0.0004073394	        0.0110104380	        0.0017139070	        0.0017835303	        0.0003775056	        0.0000741277
        0.3225708876	        1.0250597467	        0.7221310982	        0.0262498655	       19.2186887069	        0.0004319128	        0.0019055360	        0.0027550411	        0.0004036162	        0.0101552015	        0.0014452704	        0.0018261374	        0.0003656184	        0.0000659811
        0.3571742551	        1.0483295071	        0.7173048546	        0.0207347307	       19.1292712473	        0.0004247891	        0.0021282088	        0.0029913256	        0.0003999474	        0.0092983313	        0.0012066907	        0.0018557379	        0.0003587377	        0.0000593457
        0.3945651751	        1.0696892814	        0.7125079559	        0.0159152972	       19.0319767290	        0.0004186262	        0.0023712883	        0.0032007676	        0.0003965236	        0.0084571324	        0.0009974238	        0.0018750458	        0.0003564834	        0.0000539765
        0.4347863703	        1.0889964455	        0.7076909947	        0.0116679216	       18.9273825339	        0.0004135876	        0.0026434367	        0.0033801680	        0.0003935170	        0.0076505185	        0.0008166929	        0.0018878226	        0.0003584417	        0.0000496663
        0.4778426900	        1.1060950578	        0.7028122244	        0.0078354403	       18.8142801252	        0.0004097411	        0.0029562429	        0.0035308042	        0.0003911153	        0.0068987541	        0.0006636890	        0.0018984431	        0.0003641522	        0.0000462454
        0.5236952751	        1.1208511132	        0.6978400495	        0.0042751162	       18.6946341866	        0.0004071917	        0.0033224346	        0.0036585461	        0.0003895519	        0.0062218050	        0.0005373638	        0.0019111316	        0.0003730968	        0.0000435813
        0.5722565058	        1.1331942725	        0.6927552808	        0.0008794147	       18.5673442281	        0.0004061677	        0.0037518731	        0.0037723085	        0.0003890989	        0.0056364973	        0.0004361411	        0.0019290436	        0.0003847053	        0.0000415794
        0.6233861842	        1.1431494014	        0.6875515696	       -0.0025600567	       18.4337175275	        0.0004067676	        0.0042454225	        0.0038809645	        0.0003900509	        0.0051535874	        0.0003577459	        0.0019535762	        0.0003983985	        0.0000401820
        0.6768894010	        1.1508403919	        0.6822318446	       -0.0063507726	       18.2925593640	        0.0004089943	        0.0047883478	        0.0039899242	        0.0003927267	        0.0047763060	        0.0002993114	        0.0019842838	        0.0004136654	        0.0000393674
        0.7325164896	        1.1564617985	        0.6768008403	       -0.0106367626	       18.1453382480	        0.0004130538	        0.0053465164	        0.0040991374	        0.0003974407	        0.0045012513	        0.0002577436	        0.0020194372	        0.0004301412	        0.0000391447
        0.7899653716	        1.1602314768	        0.6712577482	       -0.0154451187	       17.9936019608	        0.0004195491	        0.0058689071	        0.0042036296	        0.0004044645	        0.0043210976	        0.0002301696	        0.0020568779	        0.0004476441	        0.0000395473
        0.8488864424	        1.1623442941	        0.6655920527	       -0.0208281493	       17.8368002388	        0.0004289834	        0.0062977510	        0.0042962616	        0.0004140490	        0.0042277319	        0.0002142837	        0.0020947385	        0.0004661633	        0.0000406276
        0.9088899606	        1.1629403071	        0.6597834024	       -0.0268019357	       17.6765713919	        0.0004417593	        0.0065836371	        0.0043712878	        0.0004264570	        0.0042146609	        0.0002085225	        0.0021318297	        0.0004858044	        0.0000424522
        0.9695556872	        1.1620904228	        0.6538056685	       -0.0330928119	       17.5129693777	        0.0004576902	        0.0066995268	        0.0044270840	        0.0004422663	        0.0042782538	        0.0002120980	        0.0021677375	        0.0005067160	        0.0000450986
        1.0304443128	        1.1597967917	        0.6476252828	       -0.0396071925	       17.3486402200	        0.0004773852	        0.0066474843	        0.0044511730	        0.0004608047	        0.0044178957	        0.0002249465	        0.0022027524	        0.0005289688	        0.0000486496
        1.0911100394	        1.1560045641	        0.6412064742	       -0.0461941708	       17.1842275957	        0.0005005607	        0.0064554276	        0.0044492059	        0.0004820580	        0.0046352732	        0.0002476335	        0.0022377091	        0.0005525672	        0.0000531980
        1.1511135576	        1.1506226832	        0.6345355253	       -0.0526274940	       17.0200964921	        0.0005268886	        0.0061661900	        0.0044420309	        0.0005067246	        0.0049330031	        0.0002812194	        0.0022737368	        0.0005774215	        0.0000588368
        1.2100346284	        1.1435511419	        0.6276246741	       -0.0588066109	       16.8584701079	        0.0005560975	        0.0058244560	        0.0044331176	        0.0005341315	        0.0053128778	        0.0003270859	        0.0023118969	        0.0006034097	        0.0000656540
        1.2674835104	        1.1347099704	        0.6204995828	       -0.0648679866	       16.7000891559	        0.0005877646	        0.0054666998	        0.0044223714	        0.0005638995	        0.0057741567	        0.0003867330	        0.0023527301	        0.0006306537	        0.0000737617
        1.3231105990	        1.1240628374	        0.6131923800	       -0.0710379108	       16.5457077706	        0.0006209761	        0.0051165239	        0.0044057152	        0.0005956292	        0.0063124521	        0.0004615871	        0.0023958280	        0.0006596120	        0.0000833146
        1.3766138158	        1.1116284597	        0.6057332826	       -0.0774750291	       16.3957884128	        0.0006560599	        0.0047849922	        0.0043760840	        0.0006289178	        0.0069196230	        0.0005528790	        0.0024395983	        0.0006911023	        0.0000945307
        1.4277434942	        1.0974772685	        0.5981441913	       -0.0844466536	       16.2520577104	        0.0006933261	        0.0044739027	        0.0043252391	        0.0006633895	        0.0075846742	        0.0006616293	        0.0024813369	        0.0007262610	        0.0001077083
        1.4763047249	        1.0817165419	        0.5904344968	       -0.0920171816	       16.1147804953	        0.0007321816	        0.0041798377	        0.0042456524	        0.0006986971	        0.0082952289	        0.0007887339	        0.0025175853	        0.0007664677	        0.0001232395
        1.5221573100	        1.0644706768	        0.5826005151	       -0.1002758435	       15.9839701866	        0.0007717192	        0.0038975701	        0.0041319071	        0.0007344919	        0.0090389835	        0.0009351016	        0.0025446331	        0.0008132690	        0.0001416205
        1.5652136297	        1.0458628737	        0.5746262682	       -0.1094104701	       15.8604338645	        0.0008118600	        0.0036222922	        0.0039814229	        0.0007704458	        0.0098047129	        0.0011017838	        0.0025590037	        0.0008683320	        0.0001634613
        1.6054348249	        1.0260017411	        0.5664844449	       -0.1196021761	       15.7447404407	        0.0008527103	        0.0033507245	        0.0037945782	        0.0008062526	        0.0105826880	        0.0012900558	        0.0025578167	        0.0009334178	        0.0001894974
        1.6428257449	        1.0049734916	        0.5581374132	       -0.1308503508	       15.6357912503	        0.0008940678	        0.0030814114	        0.0035744149	        0.0008415773	        0.0113645889	        0.0015014309	        0.0025389944	        0.0010103624	        0.0002206009
        1.6774291124	        0.9828387388	        0.5495384603	       -0.1432761750	       15.5343086453	        0.0009360758	        0.0028145360	        0.0033261079	        0.0008760293	        0.0121430826	        0.0017376072	        0.0025013336	        0.0011010623	        0.0002577916
        1.7093193206	        0.9596324237	        0.5406321113	       -0.1570927040	       15.4406303036	        0.0009785847	        0.0025515118	        0.0030563350	        0.0009091787	        0.0129112228	        0.0020003468	        0.0024444787	        0.0012074533	        0.0003022475
        1.7385962156	        0.9353655970	        0.5313538499	       -0.1725614588	       15.3531586582	        0.0010216654	        0.0022945187	        0.0027726274	        0.0009405489	        0.0136617785	        0.0022912871	        0.0023688388	        0.0013314579	        0.0003553076
        1.7653791443	        0.9100282037	        0.5216295343	       -0.1899514605	       15.2727229735	        0.0010649480	        0.0020460762	        0.0024827533	        0.0009695902	        0.0143865484	        0.0026116746	        0.0022754741	        0.0014748805	        0.0004184578
        1.7898014704	        0.8835924174	        0.5113747245	       -0.2096120733	       15.1990986050	        0.0011083761	        0.0018086964	        0.0021941759	        0.0009956488	        0.0150756926	        0.0029620067	        0.0021659752	        0.0016392303	        0.0004932912
        1.8120056873	        0.8560163851	        0.5004939008	       -0.2319951760	       15.1313824693	        0.0011520674	        0.0015846318	        0.0019136171	        0.0010179384	        0.0157171013	        0.0033415656	        0.0020423455	        0.0018254440	        0.0005814233
        1.8321391985	        0.8272484536	        0.4888797672	       -0.2577641874	       15.0690861307	        0.0011963016	        0.0013757125	        0.0016467483	        0.0010355114	        0.0162958326	        0.0037478377	        0.0019068938	        0.0020334769	        0.0006843408
        1.8503507799	        0.7972320890	        0.4764128010	       -0.2875196854	       15.0123342609	        0.0012407765	        0.0011832602	        0.0013980144	        0.0010472081	        0.0167936789	        0.0041758259	        0.0017621404	        0.0022617254	        0.0008031514
        1.8667877045	        0.7659117674	        0.4629620754	       -0.3218538194	       14.9607986370	        0.0012853608	        0.0010080632	        0.0011705838	        0.0010515988	        0.0171889602	        0.0046173052	        0.0016107373	        0.0025062694	        0.0009382020
        1.8815934821	        0.7332401171	        0.4483880317	       -0.3613546264	       14.9129514757	        0.0013300940	        0.0008503972	        0.0009664071	        0.0010469638	        0.0174566932	        0.0050601254	        0.0014554009	        0.0027599719	        0.0010885460
        1.8949061510	        0.6991865196	        0.4325484722	       -0.4066646752	       14.8702224350	        0.0013752992	        0.0007100761	        0.0007863561	        0.0010313410	        0.0175693364	        0.0054877526	        0.0012988546	        0.0030115717	        0.0012512717
        1.9068570493	        0.6637471969	        0.4153095722	       -0.4586623093	       14.8302405522	        0.0014212963	        0.0005865230	        0.0006304123	        0.0010027016	        0.0174983344	        0.0058793283	        0.0011437763	        0.0032450676	        0.0014207901
        1.9175699947	        0.6269565163	        0.3965640824	       -0.5171133285	       14.7941254088	        0.0014674777	        0.0004788514	        0.0004978697	        0.0009592840	        0.0172166638	        0.0062105980	        0.0009927474	        0.0034399201	        0.0015883186
        1.9271607996	        0.5888988386	        0.3762605291	       -0.5823213582	       14.7617775494	        0.0015140548	        0.0003859495	        0.0003875166	        0.0009002345	        0.0167024528	        0.0064560435	        0.0008481953	        0.0035728266	        0.0017420034
        1.9357370589	        0.5497198168	        0.3544405491	       -0.6543335500	       14.7315746976	        0.0015611285	        0.0003065649	        0.0002977596	        0.0008265135	        0.0159434980	        0.0065923841	        0.0007123285	        0.0036216870	        0.0018682178
        1.9433981504	        0.5096357783	        0.3312774822	       -0.7313652460	       14.7037235460	        0.0016078143	        0.0002393854	        0.0002266595	        0.0007416161	        0.0149421149	        0.0066032354	        0.0005870601	        0.0035714207	        0.0019542659
        1.9502353978	        0.4689398070	        0.3070981509	       -0.8135762326	       14.6786288308	        0.0016546367	        0.0001831142	        0.0001718820	        0.0006514321	        0.0137193303	        0.0064841834	        0.0004739277	        0.0034195517	        0.0019918241
        1.9563323538	        0.4280033843	        0.2823576759	       -0.8985424258	       14.6558568223	        0.0017007039	        0.0001365357	        0.0001306425	        0.0005624648	        0.0123170859	        0.0062470048	        0.0003740168	        0.0031780671	        0.0019793155
        1.9617651675	        0.3872724918	        0.2575623171	       -0.9853778015	       14.6347710711	        0.0017461274	        0.0000985647	        0.0000998097	        0.0004790340	        0.0107970776	        0.0059215392	        0.0002879032	        0.0028696730	        0.0019216210
        1.9666030060	        0.3472562787	        0.2331692217	       -1.0722594675	       14.6152860742	        0.0017903772	        0.0000682683	        0.0000763110	        0.0004017983	        0.0092352640	        0.0055540253	        0.0002156277	        0.0025209407	        0.0018276282
        1.9709085097	        0.3085045971	        0.2095245578	       -1.1570042360	       14.5976067248	        0.0018326683	        0.0000448493	        0.0000577277	        0.0003292599	        0.0077120885	        0.0052016859	        0.0001567073	        0.0021569507	        0.0017078077
        1.9747382607	        0.2718306225	        0.1868704541	       -1.2392744926	       14.5818803202	        0.0018732903	        0.0000320085	        0.0000427336	        0.0002612965	        0.0063116089	        0.0049282864	        0.0001105480	        0.0017992577	        0.0015731321
        1.9781432525	        0.2378682147	        0.1653859010	       -1.3185138330	       14.5675425468	        0.0019121961	        0.0000224888	        0.0000307757	        0.0001998080	        0.0050742798	        0.0047525162	        0.0000757846	        0.0014650973	        0.0014345235
        1.9811693494	        0.2067023002	        0.1452112660	       -1.3936303938	       14.5543358364	        0.0019489764	        0.0000151635	        0.0000215452	        0.0001471412	        0.0040091399	        0.0046780902	        0.0000503895	        0.0011664958	        0.0013021486
        1.9838577298	        0.1783109958	        0.1264480341	       -1.4632993610	       14.5424024918	        0.0019830674	        0.0000097872	        0.0000146907	        0.0001046046	        0.0031132199	        0.0047008095	        0.0000324160	        0.0009097689	        0.0011840322
        1.9862453073	        0.1526191861	        0.1091508168	       -1.5274912435	       14.5316386008	        0.0020145125	        0.0000060371	        0.0000097749	        0.0000719978	        0.0023754129	        0.0048105729	        0.0000201196	        0.0006960524	        0.0010836569
        1.9883651267	        0.1295010832	        0.0933252533	       -1.5868342983	       14.5218178303	        0.0020436548	        0.0000035531	        0.0000063424	        0.0000480050	        0.0017792711	        0.0049938321	        0.0000120054	        0.0005226766	        0.0010020597
        1.9902467340	        0.1087911517	        0.0789348910	       -1.6415742487	       14.5128534900	        0.0020706183	        0.0000019901	        0.0000039938	        0.0000308994	        0.0013058786	        0.0052358171	        0.0000068540	        0.0003848454	        0.0009406158
        1.9919165179	        0.0902994070	        0.0659130446	       -1.6916320518	       14.5047779586	        0.0020953470	        0.0000010557	        0.0000024207	        0.0000190651	        0.0009361367	        0.0055221448	        0.0000037186	        0.0002770615	        0.0009007753
        1.9933980257	        0.0738263238	        0.0541745121	       -1.7370782578	       14.4975805572	        0.0021178578	        0.0000005261	        0.0000013968	        0.0000111617	        0.0006522196	        0.0058397535	        0.0000018984	        0.0001940181	        0.0008837421
        1.9947122508	        0.0591744258	        0.0436246139	       -1.7781129937	       14.4912138470	        0.0021382342	        0.0000002430	        0.0000007561	        0.0000061150	        0.0004382961	        0.0061773087	        0.0000008988	        0.0001310257	        0.0008907218
        1.9958778967	        0.0461558286	        0.0341654792	       -1.8150103597	       14.4856114652	        0.0021565984	        0.0000001018	        0.0000003762	        0.0000030729	        0.0002807473	        0.0065252795	        0.0000003859	        0.0000841466	        0.0009234664
        1.9969116151	        0.0345963334	        0.0257002365	       -1.8480812449	       14.4806993825	        0.0021730929	        0.0000000373	        0.0000001665	        0.0000013719	        0.0001681000	        0.0068758434	        0.0000001449	        0.0000501763	        0.0009851058
        1.9978282231	        0.0243370828	        0.0181357193	       -1.8776489049	       14.4764027776	        0.0021878687	        0.0000000112	        0.0000000619	        0.0000005134	        0.0000908263	        0.0072227207	        0.0000000446	        0.0000265590	        0.0010816422
        1.9986408981	        0.0152347062	        0.0113841169	       -1.9040333294	       14.4726500298	        0.0022010773	        0.0000000024	        0.0000000170	        0.0000001420	        0.0000410975	        0.0075609892	        0.0000000098	        0.0000112872	        0.0012253665
        1.9993613540	        0.0071606318	        0.0053638651	       -1.9275416219	       14.4693748474	        0.0022128651	        0.0000000003	        0.0000000024	        0.0000000199	        0.0000125385	        0.0078869038	        0.0000000011	        0.0000028130	        0.0014452988
        2.0000000000	        0.0000000000	        0.0000000000	       -1.9484624480	       14.4665172148	        0.0022233709	        0.0000000000	        0.0000000000	        0.0000000000	        0.0000000000	        0.0081977271	        0.0000000000	        0.0000000000	        0.0018391774
