        0.0000000000	        0.0000000000	        1.0000000000	        0.8038435036	       20.0257978356	        0.0009423103	        0.0000000000	        0.0000000000	        0.0000000000	        0.0000000000	        0.0058132589	        0.0000000000	        0.0000000000	        0.0002227896
        0.0006386460	        0.0059024719	        0.9976872570	        0.7970838414	       20.0244719663	        0.0009377885	        0.0000000000	        0.0000000007	        0.0000000026	        0.0000053349	        0.0056763397	        0.0000000002	        0.0000003408	        0.0001875253
        0.0013591019	        0.0125570386	        0.9950908870	        0.7894935328	       20.0229757409	        0.0009327310	        0.0000000005	        0.0000000052	        0.0000000187	        0.0000176057	        0.0055289367	        0.0000000020	        0.0000014130	        0.0001658221
        0.0021717769	        0.0200581313	        0.9921782228	        0.7809765553	       20.0212861924	        0.0009270816	        0.0000000021	        0.0000000190	        0.0000000680	        0.0000392057	        0.0053713133	        0.0000000094	        0.0000033964	        0.0001504485
        0.0030883849	        0.0285116092	        0.9889134662	        0.7714275030	       20.0193766180	        0.0009207801	        0.0000000073	        0.0000000516	        0.0000001834	        0.0000731684	        0.0052040875	        0.0000000313	        0.0000065259	        0.0001392001
        0.0041221033	        0.0380359629	        0.9852576155	        0.7607311834	       20.0172156724	        0.0009137629	        0.0000000202	        0.0000001180	        0.0000004164	        0.0001233149	        0.0050283283	        0.0000000856	        0.0000111024	        0.0001311329
        0.0052877492	        0.0487635298	        0.9811685012	        0.7487623781	       20.0147661347	        0.0009059640	        0.0000000495	        0.0000002411	        0.0000008437	        0.0001944278	        0.0048456699	        0.0000002057	        0.0000175092	        0.0001257980
        0.0066019743	        0.0608416248	        0.9766009844	        0.7353858432	       20.0119832152	        0.0008973154	        0.0000001104	        0.0000004547	        0.0000015750	        0.0002924550	        0.0046584428	        0.0000004494	        0.0000262327	        0.0001229900
        0.0080834821	        0.0744334087	        0.9715073898	        0.7204566521	       20.0088122045	        0.0008877494	        0.0000002294	        0.0000008063	        0.0000027603	        0.0004247416	        0.0044698258	        0.0000009135	        0.0000378880	        0.0001226376
        0.0097532660	        0.0897181915	        0.9658382731	        0.7038210138	       20.0051851840	        0.0008772005	        0.0000004504	        0.0000013621	        0.0000045993	        0.0006002807	        0.0042840123	        0.0000017534	        0.0000532464	        0.0001247447
        0.0116348733	        0.1068906797	        0.9595436556	        0.6853177362	       20.0010163984	        0.0008656088	        0.0000008431	        0.0000022130	        0.0000073524	        0.0008299602	        0.0041063834	        0.0000032095	        0.0000732618	        0.0001293481
        0.0137546927	        0.1261584492	        0.9525749194	        0.6647816563	       19.9962086086	        0.0008529231	        0.0000015144	        0.0000034844	        0.0000113559	        0.0011267496	        0.0039436612	        0.0000056417	        0.0000990866	        0.0001364809
        0.0161422702	        0.1477367133	        0.9448876405	        0.6420574316	       19.9907647252	        0.0008390971	        0.0000026197	        0.0000053513	        0.0000170432	        0.0015057268	        0.0038039923	        0.0000095696	        0.0001320605	        0.0001461321
        0.0188306506	        0.1718394484	        0.9364457351	        0.6170090931	       19.9848151787	        0.0008240938	        0.0000043718	        0.0000080607	        0.0000249681	        0.0019837752	        0.0036968680	        0.0000157165	        0.0001736417	        0.0001582111
        0.0218567475	        0.1986664474	        0.9272272926	        0.5895296387	       19.9783144731	        0.0008079001	        0.0000070425	        0.0000119596	        0.0000358113	        0.0025787188	        0.0036327442	        0.0000250495	        0.0002252368	        0.0001725412
        0.0252617393	        0.2283871721	        0.9172320638	        0.5595607921	       19.9708570656	        0.0007905394	        0.0000109486	        0.0000175160	        0.0000503203	        0.0033076607	        0.0036221929	        0.0000388061	        0.0002878748	        0.0001889305
        0.0290914903	        0.2611241844	        0.9064894484	        0.5271346817	       19.9621953912	        0.0007720698	        0.0000164227	        0.0000253144	        0.0000691298	        0.0041844417	        0.0036744633	        0.0000584964	        0.0003617117	        0.0002072174
        0.0333969940	        0.2969402498	        0.8950647944	        0.4924045337	       19.9522818366	        0.0007525866	        0.0000237775	        0.0000360378	        0.0000925374	        0.0052164787	        0.0037954932	        0.0000858727	        0.0004454600	        0.0002268585
        0.0382348325	        0.3358322684	        0.8830622469	        0.4556465581	       19.9409358935	        0.0007322174	        0.0000332824	        0.0000504763	        0.0001203734	        0.0064016678	        0.0039856872	        0.0001228657	        0.0005359240	        0.0002465107
        0.0436676462	        0.3777317709	        0.8706241417	        0.4173219995	       19.9277979533	        0.0007111448	        0.0000451691	        0.0000696023	        0.0001520425	        0.0077262394	        0.0042380591	        0.0001714955	        0.0006278370	        0.0002643614
        0.0497646022	        0.4220661788	        0.8579289271	        0.3780805699	       19.9130985047	        0.0006895942	        0.0000658269	        0.0000947526	        0.0001867129	        0.0091530135	        0.0045380830	        0.0002331998	        0.0007141921	        0.0002784311
        0.0566018496	        0.4678443222	        0.8451892806	        0.3386944472	       19.8970518437	        0.0006678155	        0.0000950490	        0.0001279079	        0.0002234759	        0.0105963510	        0.0048365512	        0.0003083123	        0.0007871241	        0.0002868490
        0.0642629411	        0.5142492910	        0.8326488660	        0.3000107910	       19.8783153134	        0.0006460752	        0.0001321303	        0.0001720525	        0.0002614497	        0.0119601356	        0.0050788083	        0.0003966099	        0.0008392890	        0.0002882079
        0.0728392004	        0.5606089038	        0.8205633998	        0.2628931877	       19.8576116066	        0.0006246372	        0.0001781501	        0.0002309180	        0.0002991551	        0.0131599336	        0.0052236239	        0.0004972602	        0.0008655368	        0.0002819337
        0.0824300053	        0.6063306545	        0.8091580522	        0.2280823043	       19.8333983415	        0.0006037438	        0.0002342335	        0.0003082575	        0.0003343291	        0.0141315213	        0.0052480006	        0.0006086864	        0.0008644657	        0.0002685405
        0.0931429507	        0.6509328154	        0.7985828017	        0.1961380644	       19.8075864290	        0.0005835706	        0.0003014924	        0.0004071363	        0.0003646667	        0.0148377363	        0.0051485689	        0.0007286878	        0.0008389083	        0.0002495520
        0.1050938490	        0.6940567142	        0.7888941319	        0.1674169675	       19.7772711758	        0.0005642965	        0.0003809560	        0.0005295393	        0.0003887310	        0.0152684769	        0.0049382822	        0.0008546076	        0.0007948294	        0.0002270503
        0.1184065179	        0.7354624383	        0.7800682467	        0.1420175942	       19.7437243644	        0.0005459926	        0.0004734940	        0.0006763025	        0.0004062680	        0.0154356736	        0.0046403985	        0.0009835084	        0.0007393309	        0.0002031073
        0.1332122955	        0.7750129905	        0.7720298466	        0.1198910915	       19.7059051863	        0.0005287634	        0.0005797391	        0.0008472082	        0.0004179210	        0.0153659959	        0.0042821417	        0.0011123284	        0.0006789324	        0.0001793926
        0.1496492201	        0.8126524378	        0.7646796675	        0.1008042557	       19.6647866586	        0.0005126436	        0.0007000172	        0.0010410720	        0.0004247526	        0.0150936731	        0.0038897214	        0.0012380127	        0.0006186908	        0.0001570405
        0.1678608015	        0.8483825099	        0.7579132403	        0.0844722629	       19.6177572821	        0.0004976790	        0.0008342996	        0.0012557827	        0.0004278877	        0.0146548113	        0.0034853334	        0.0013576237	        0.0005620546	        0.0001366985
        0.1879943127	        0.8822404850	        0.7516310666	        0.0705583557	       19.5667039792	        0.0004839131	        0.0009821973	        0.0014882888	        0.0004283261	        0.0140836502	        0.0030859656	        0.0014684457	        0.0005111036	        0.0001186474
        0.2101985296	        0.9142797034	        0.7457428075	        0.0587202151	       19.5093529106	        0.0004712898	        0.0011430185	        0.0017345875	        0.0004268880	        0.0134105993	        0.0027034646	        0.0015680931	        0.0004669040	        0.0001029233
        0.2346208557	        0.9445529931	        0.7401680675	        0.0486404164	       19.4462141297	        0.0004596918	        0.0013159171	        0.0019897230	        0.0004242162	        0.0126616461	        0.0023452957	        0.0016546366	        0.0004298349	        0.0000894150
        0.2614037844	        0.9730987199	        0.7348355264	        0.0400200609	       19.3772981109	        0.0004491540	        0.0015001647	        0.0022478507	        0.0004208063	        0.0118587071	        0.0020155659	        0.0017267531	        0.0003998434	        0.0000779330
        0.2906806794	        0.9999290813	        0.7296814028	        0.0326175912	       19.3016234026	        0.0004399235	        0.0016955755	        0.0025024086	        0.0004170369	        0.0110205747	        0.0017160436	        0.0017838983	        0.0003766220	        0.0000682537
        0.3225708876	        1.0250206432	        0.7246479248	        0.0262498655	       19.2186887069	        0.0004319128	        0.0019031006	        0.0027464751	        0.0004131926	        0.0101642038	        0.0014470430	        0.0018264895	        0.0003597230	        0.0000601472
        0.3571742551	        1.0483080125	        0.7196822275	        0.0207347307	       19.1292712473	        0.0004247891	        0.0021255696	        0.0029734128	        0.0004094869	        0.0093061224	        0.0012081178	        0.0018560630	        0.0003486259	        0.0000533933
        0.3945651751	        1.0696829231	        0.7147358954	        0.0159152972	       19.0319767290	        0.0004186262	        0.0023684663	        0.0031778966	        0.0004060914	        0.0084637062	        0.0009985384	        0.0018753375	        0.0003427706	        0.0000477921
        0.4347863703	        1.0890024823	        0.7097655328	        0.0116679216	       18.9273825339	        0.0004135876	        0.0026404555	        0.0033571770	        0.0004031598	        0.0076559344	        0.0008175378	        0.0018880815	        0.0003415678	        0.0000431690
        0.4778426900	        1.1061105748	        0.7047345507	        0.0078354403	       18.8142801252	        0.0004097411	        0.0029531312	        0.0035121997	        0.0004008631	        0.0069031290	        0.0006643119	        0.0018986772	        0.0003443969	        0.0000393795
        0.5236952751	        1.1208731604	        0.6996155886	        0.0042751162	       18.6946341866	        0.0004071917	        0.0033192305	        0.0036478651	        0.0003994187	        0.0062253002	        0.0005378132	        0.0019113552	        0.0003506072	        0.0000363108
        0.5722565058	        1.1332200526	        0.6943926860	        0.0008794147	       18.5673442281	        0.0004061677	        0.0037486262	        0.0037718149	        0.0003990890	        0.0056392990	        0.0004364622	        0.0019292747	        0.0003595372	        0.0000338842
        0.6233861842	        1.1431764682	        0.6890615714	       -0.0025600567	       18.4337175275	        0.0004067676	        0.0042421922	        0.0038915681	        0.0004001588	        0.0051558832	        0.0003579777	        0.0019538325	        0.0003705646	        0.0000320542
        0.6768894010	        1.1508667908	        0.6836259580	       -0.0063507726	       18.2925593640	        0.0004089943	        0.0047851982	        0.0040113232	        0.0004029408	        0.0047782640	        0.0002994845	        0.0019845794	        0.0003831860	        0.0000308060
        0.7325164896	        1.1564860964	        0.6780900800	       -0.0106367626	       18.1453382480	        0.0004130538	        0.0053435095	        0.0041300059	        0.0004077448	        0.0045030069	        0.0002578804	        0.0020197810	        0.0003970820	        0.0000301503
        0.7899653716	        1.1602526891	        0.6724514961	       -0.0154451187	       17.9936019608	        0.0004195491	        0.0058661015	        0.0042417663	        0.0004148368	        0.0043227512	        0.0002302855	        0.0020572740	        0.0004121365	        0.0000301181
        0.8488864424	        1.1623617614	        0.6666972101	       -0.0208281493	       17.8368002388	        0.0004289834	        0.0062952056	        0.0043388193	        0.0004244652	        0.0042293525	        0.0002143890	        0.0020951873	        0.0004284053	        0.0000307564
        0.9088899606	        1.1629535783	        0.6608038676	       -0.0268019357	       17.6765713919	        0.0004417593	        0.0065814177	        0.0044150323	        0.0004368898	        0.0042162924	        0.0002086239	        0.0021323293	        0.0004460476	        0.0000321265
        0.9695556872	        1.1620991790	        0.6547421217	       -0.0330928119	       17.5129693777	        0.0004576902	        0.0066977066	        0.0044687862	        0.0004527023	        0.0042799191	        0.0002121994	        0.0021682838	        0.0004652463	        0.0000343030
        1.0304443128	        1.1598008221	        0.6484749917	       -0.0396071925	       17.3486402200	        0.0004773852	        0.0066461347	        0.0044876548	        0.0004712104	        0.0044195984	        0.0002250499	        0.0022033398	        0.0004860761	        0.0000373707
        1.0911100394	        1.1560037894	        0.6419631532	       -0.0461941708	       17.1842275957	        0.0005005607	        0.0064546026	        0.0044777651	        0.0004924042	        0.0046369953	        0.0002477383	        0.0022383294	        0.0005085189	        0.0000414300
        1.1511135576	        1.1506172138	        0.6351895737	       -0.0526274940	       17.0200964921	        0.0005268886	        0.0061659117	        0.0044606107	        0.0005170041	        0.0049347016	        0.0002813221	        0.0022743785	        0.0005324399	        0.0000465869
        1.2100346284	        1.1435413480	        0.6281635500	       -0.0588066109	       16.8584701079	        0.0005560975	        0.0058247101	        0.0044400667	        0.0005443224	        0.0053144805	        0.0003271791	        0.0023125443	        0.0005576496	        0.0000529459
        1.2674835104	        1.1346965391	        0.6209082210	       -0.0648679866	       16.7000891559	        0.0005877646	        0.0054674426	        0.0044165680	        0.0005739823	        0.0057755605	        0.0003868040	        0.0023533632	        0.0005841970	        0.0000606320
        1.3231105990	        1.1240467966	        0.6134538971	       -0.0710379108	       16.5457077706	        0.0006209761	        0.0051176955	        0.0043866367	        0.0006055802	        0.0063135255	        0.0004616175	        0.0023964234	        0.0006124772	        0.0000698052
        1.3766138158	        1.1116111648	        0.6058299294	       -0.0774750291	       16.3957884128	        0.0006560599	        0.0047865287	        0.0043440485	        0.0006387171	        0.0069202123	        0.0005528439	        0.0024401310	        0.0006432776	        0.0000806786
        1.4277434942	        1.0974603625	        0.5980585363	       -0.0844466536	       16.2520577104	        0.0006933261	        0.0044757445	        0.0042815742	        0.0006730213	        0.0075846124	        0.0006614975	        0.0024817829	        0.0006777525	        0.0000935355
        1.4763047249	        1.0817019048	        0.5901507333	       -0.0920171816	       16.1147804953	        0.0007321816	        0.0041819308	        0.0041927939	        0.0007081563	        0.0082943467	        0.0007884684	        0.0025179240	        0.0007173571	        0.0001087441
        1.5221573100	        1.0644603754	        0.5821058118	       -0.1002758435	       15.9839701866	        0.0007717192	        0.0038998643	        0.0040732789	        0.0007437882	        0.0090371193	        0.0009346603	        0.0025448497	        0.0007637702	        0.0001267675
        1.5652136297	        1.0458591131	        0.5739120112	       -0.1094104701	       15.8604338645	        0.0008118600	        0.0036247371	        0.0039210832	        0.0007795998	        0.0098017231	        0.0011011212	        0.0025590903	        0.0008188396	        0.0001481726
        1.6054348249	        1.0260068135	        0.5655473087	       -0.1196021761	       15.7447404407	        0.0008527103	        0.0033532667	        0.0037367926	        0.0008153012	        0.0105784565	        0.0012891246	        0.0025577724	        0.0008845489	        0.0001736384
        1.6428257449	        1.0049897166	        0.5569802578	       -0.1308503508	       15.6357912503	        0.0008940678	        0.0030839931	        0.0035231526	        0.0008505703	        0.0113590364	        0.0015001850	        0.0025388259	        0.0009629857	        0.0002039626
        1.6774291124	        0.9828683912	        0.5481710402	       -0.1432761750	       15.5343086453	        0.0009360758	        0.0028170959	        0.0032846054	        0.0008850345	        0.0121361758	        0.0017360048	        0.0025010535	        0.0010563131	        0.0002400657
        1.7093193206	        0.9596776454	        0.5390715471	       -0.1570927040	       15.4406303036	        0.0009785847	        0.0025539877	        0.0030267294	        0.0009182738	        0.0129029828	        0.0019983551	        0.0024441051	        0.0011667301	        0.0002829940
        1.7385962156	        0.9354282928	        0.5296248660	       -0.1725614588	       15.3531586582	        0.0010216654	        0.0022968511	        0.0027558329	        0.0009498298	        0.0136522885	        0.0022888882	        0.0023683931	        0.0012964076	        0.0003339161
        1.7653791443	        0.9101099214	        0.5197645132	       -0.1899514605	       15.2727229735	        0.0010649480	        0.0020482117	        0.0024784757	        0.0009791674	        0.0143759595	        0.0026088719	        0.0022749799	        0.0014473663	        0.0003941061
        1.7898014704	        0.8836942128	        0.5094135723	       -0.2096120733	       15.1990986050	        0.0011083761	        0.0018105917	        0.0022011144	        0.0010056589	        0.0150642261	        0.0029588321	        0.0021654562	        0.0016212870	        0.0004649085
        1.8120056873	        0.8561386752	        0.4984836790	       -0.2319951760	       15.1313824693	        0.0011520674	        0.0015862559	        0.0019297149	        0.0010285380	        0.0157050464	        0.0033380865	        0.0020418239	        0.0018192171	        0.0005476669
        1.8321391985	        0.8273908645	        0.4868739886	       -0.2577641874	       15.0690861307	        0.0011963016	        0.0013770484	        0.0016695354	        0.0010468875	        0.0162835377	        0.0037441619	        0.0019063887	        0.0020411583	        0.0006436080
        1.8503507799	        0.7973933096	        0.4744703132	       -0.2875196854	       15.0123342609	        0.0012407765	        0.0011843053	        0.0014249095	        0.0010595721	        0.0167815333	        0.0041721034	        0.0017616668	        0.0022854789	        0.0007536482
        1.8667877045	        0.7660894277	        0.4611452669	       -0.3218538194	       14.9607986370	        0.0012853608	        0.0010088288	        0.0011991586	        0.0010651761	        0.0171773654	        0.0046137221	        0.0016103051	        0.0025481500	        0.0008781015
        1.8815934821	        0.7334307206	        0.4467601378	       -0.3613546264	       14.9129514757	        0.0013300940	        0.0008509065	        0.0009945859	        0.0010619724	        0.0174460237	        0.0050568896	        0.0014550146	        0.0028218289	        0.0010162658
        1.8949061510	        0.6993854677	        0.4311697107	       -0.4066646752	       14.8702224350	        0.0013752992	        0.0007103623	        0.0008125318	        0.0010479449	        0.0175598918	        0.0054850671	        0.0012985137	        0.0030949036	        0.0011658826
        1.9068570493	        0.6639489490	        0.4142319124	       -0.4586623093	       14.8302405522	        0.0014212963	        0.0005866264	        0.0006534948	        0.0010209400	        0.0174902915	        0.0058773554	        0.0011434763	        0.0033507876	        0.0013225283
        1.9175699947	        0.6271549241	        0.3958249343	       -0.5171133285	       14.7941254088	        0.0014674777	        0.0004788162	        0.0005172868	        0.0009789991	        0.0172100396	        0.0062094202	        0.0009924812	        0.0035679875	        0.0014790954
        1.9271607996	        0.5890876651	        0.3758762130	       -0.5823213582	       14.7617775494	        0.0015140548	        0.0003858202	        0.0004031489	        0.0009209886	        0.0166970953	        0.0064556329	        0.0008479555	        0.0037217161	        0.0016256912
        1.9357370589	        0.5498933972	        0.3544012924	       -0.6543335500	       14.7315746976	        0.0015611285	        0.0003063827	        0.0003098503	        0.0008475803	        0.0159391160	        0.0065925962	        0.0007121088	        0.0037878438	        0.0017504497
        1.9433981504	        0.5097897077	        0.3315466304	       -0.7313652460	       14.7037235460	        0.0016078143	        0.0002391853	        0.0002356973	        0.0007620898	        0.0149383498	        0.0066038375	        0.0005868571	        0.0037490206	        0.0018415845
        1.9502353978	        0.4690714825	        0.3076173885	       -0.8135762326	       14.6786288308	        0.0016546367	        0.0001829224	        0.0001784634	        0.0006704216	        0.0137158511	        0.0064849139	        0.0004737410	        0.0036009420	        0.0018903521
        1.9563323538	        0.4281122361	        0.2830574544	       -0.8985424258	       14.6558568223	        0.0017007039	        0.0001363689	        0.0001353533	        0.0005793131	        0.0123136751	        0.0062476451	        0.0003738484	        0.0033550071	        0.0018935437
        1.9617651675	        0.3873598299	        0.2583734289	       -0.9853778015	       14.6347710711	        0.0017461274	        0.0000984308	        0.0001031394	        0.0004933856	        0.0107936732	        0.0059219663	        0.0002877563	        0.0030348534	        0.0018538793
        1.9666030060	        0.3473248134	        0.2340308954	       -1.0722594675	       14.6152860742	        0.0017903772	        0.0000681685	        0.0000786264	        0.0004135399	        0.0092319428	        0.0055542265	        0.0002155047	        0.0026690763	        0.0017783131
        1.9709085097	        0.3085577796	        0.2103878307	       -1.1570042360	       14.5976067248	        0.0018326683	        0.0000447803	        0.0000592938	        0.0003384373	        0.0077090027	        0.0052017333	        0.0001566092	        0.0022851173	        0.0016759407
        1.9747382607	        0.2718729903	        0.1876986451	       -1.2392744926	       14.5818803202	        0.0018732903	        0.0000319794	        0.0000437532	        0.0002681074	        0.0063089479	        0.0049283027	        0.0001104745	        0.0019066690	        0.0015568558
        1.9781432525	        0.2379032355	        0.1661540686	       -1.3185138330	       14.5675425468	        0.0019121961	        0.0000224683	        0.0000314114	        0.0002045933	        0.0050720764	        0.0047524485	        0.0000757327	        0.0015526294	        0.0014314895
        1.9811693494	        0.2067313779	        0.1459049693	       -1.3936303938	       14.5543358364	        0.0019489764	        0.0000151500	        0.0000219249	        0.0001503299	        0.0040073575	        0.0046778914	        0.0000503542	        0.0012361225	        0.0013098564
        1.9838577298	        0.1783352484	        0.1270613140	       -1.4632993610	       14.5424024918	        0.0019830674	        0.0000097787	        0.0000149088	        0.0001066311	        0.0031118122	        0.0047004351	        0.0000323929	        0.0009640104	        0.0012001621
        1.9862453073	        0.1526394677	        0.1096837121	       -1.5274912435	       14.5316386008	        0.0020145125	        0.0000060321	        0.0000098952	        0.0000732290	        0.0023743267	        0.0048099820	        0.0000201051	        0.0007375304	        0.0011064056
        1.9883651267	        0.1295180354	        0.0937814694	       -1.5868342983	       14.5218178303	        0.0020436548	        0.0000035504	        0.0000064054	        0.0000487186	        0.0017784519	        0.0049929900	        0.0000119968	        0.0005538347	        0.0010301696
        1.9902467340	        0.1088052606	        0.0793200531	       -1.6415742487	       14.5128534900	        0.0020706183	        0.0000019886	        0.0000040247	        0.0000312928	        0.0013052751	        0.0052346968	        0.0000068491	        0.0004078172	        0.0009732519
        1.9919165179	        0.0903110522	        0.0662335519	       -1.6916320518	       14.5047779586	        0.0020953470	        0.0000010550	        0.0000024348	        0.0000192709	        0.0009357033	        0.0055207277	        0.0000037159	        0.0002936354	        0.0009374761
        1.9933980257	        0.0738358129	        0.0544368455	       -1.7370782578	       14.4975805572	        0.0021178578	        0.0000005257	        0.0000014026	        0.0000112635	        0.0006519176	        0.0058380283	        0.0000018971	        0.0002056577	        0.0009244069
        1.9947122508	        0.0591820162	        0.0438349566	       -1.7781129937	       14.4912138470	        0.0021382342	        0.0000002429	        0.0000007582	        0.0000061625	        0.0004380933	        0.0061752709	        0.0000008982	        0.0001389129	        0.0009356049
        1.9958778967	        0.0461617414	        0.0343295373	       -1.8150103597	       14.4856114652	        0.0021565984	        0.0000001018	        0.0000003768	        0.0000030936	        0.0002806175	        0.0065229303	        0.0000003857	        0.0000892308	        0.0009731886
        1.9969116151	        0.0346007615	        0.0258231779	       -1.8480812449	       14.4806993825	        0.0021730929	        0.0000000373	        0.0000001667	        0.0000013801	        0.0001680225	        0.0068731887	        0.0000001448	        0.0000532200	        0.0010407101
        1.9978282231	        0.0243401957	        0.0182221767	       -1.8776489049	       14.4764027776	        0.0021878687	        0.0000000112	        0.0000000619	        0.0000005162	        0.0000907844	        0.0072197697	        0.0000000445	        0.0000281768	        0.0011447419
        1.9986408981	        0.0152366538	        0.0114382206	       -1.9040333294	       14.4726500298	        0.0022010773	        0.0000000024	        0.0000000170	        0.0000001427	        0.0000410786	        0.0075577542	        0.0000000098	        0.0000119778	        0.0012985157
        1.9993613540	        0.0071615469	        0.0053892870	       -1.9275416219	       14.4693748474	        0.0022128651	        0.0000000003	        0.0000000024	        0.0000000200	        0.0000125327	        0.0078833987	        0.0000000011	        0.0000029862	        0.0015330332
        2.0000000000	        0.0000000000	        0.0000000000	       -1.9484624480	       14.4665172148	        0.0022233709	        0.0000000000	        0.0000000000	        0.0000000000	        0.0000000000	        0.0081939676	        0.0000000000	        0.0000000000	        0.0019523647
