        0.0000000000	        0.0000000000	        1.0000000000	        4.4686621900	       26.4015750624	        0.0014270374	        0.0000000000	        0.0000000000	        0.0000000000	        0.0000000000	        0.0070930286	        0.0000000000	        0.0000000000	        0.0004092848
        0.0006386460	        0.0067163277	        0.9968914689	        4.3487270552	       26.3932327327	        0.0013948111	        0.0000000002	        0.0000000015	        0.0000000073	        0.0000083898	        0.0068786014	        0.0000000005	        0.0000004841	        0.0003307255
        0.0013591019	        0.0142889910	        0.9934551649	        4.2170209417	       26.3839769620	        0.0013594596	        0.0000000014	        0.0000000110	        0.0000000518	        0.0000276111	        0.0066504682	        0.0000000048	        0.0000019683	        0.0002845358
        0.0021717769	        0.0228256218	        0.9896661233	        4.0729242080	       26.3737182170	        0.0013208309	        0.0000000067	        0.0000000401	        0.0000001851	        0.0000612969	        0.0064097866	        0.0000000219	        0.0000046686	        0.0002527204
        0.0030883849	        0.0324468322	        0.9854999399	        3.9159344298	       26.3623561783	        0.0012788087	        0.0000000226	        0.0000001091	        0.0000004895	        0.0001140089	        0.0061583755	        0.0000000723	        0.0000088706	        0.0002298046
        0.0041221033	        0.0432874666	        0.9809335776	        3.7457144936	       26.3497755624	        0.0012333265	        0.0000000625	        0.0000002496	        0.0000010867	        0.0001914337	        0.0058988629	        0.0000001958	        0.0000149373	        0.0002133654
        0.0052877492	        0.0554977220	        0.9759463897	        3.5621469667	       26.3358393667	        0.0011843832	        0.0000001515	        0.0000005101	        0.0000021466	        0.0003006089	        0.0056348526	        0.0000004640	        0.0000233231	        0.0002021226
        0.0066019743	        0.0692439015	        0.9705213866	        3.3653918133	       26.3203781122	        0.0011320606	        0.0000003341	        0.0000009614	        0.0000038949	        0.0004501740	        0.0053711114	        0.0000009988	        0.0000345888	        0.0001953105
        0.0080834821	        0.0847083992	        0.9646467685	        3.1559415638	       26.3031729585	        0.0010765398	        0.0000006847	        0.0000017051	        0.0000066186	        0.0006506300	        0.0051137671	        0.0000019975	        0.0000494146	        0.0001924064
        0.0097532660	        0.1020882757	        0.9583177412	        2.9346633921	       26.2839295386	        0.0010181143	        0.0000013226	        0.0000028847	        0.0000106724	        0.0009145715	        0.0048705010	        0.0000037655	        0.0000686055	        0.0001929850
        0.0116348733	        0.1215915230	        0.9515386437	        2.7028103644	       26.2622378851	        0.0009571963	        0.0000024288	        0.0000047045	        0.0000164890	        0.0012568082	        0.0046506894	        0.0000067573	        0.0000930808	        0.0001966257
        0.0137546927	        0.1434299499	        0.9443254261	        2.4620136453	       26.2375541849	        0.0008943173	        0.0000042630	        0.0000074573	        0.0000245925	        0.0016942377	        0.0044654091	        0.0000116219	        0.0001238324	        0.0002028488
        0.0161422702	        0.1678078483	        0.9367084948	        2.2145088401	       26.2095081015	        0.0008301994	        0.0000071722	        0.0000115658	        0.0000356035	        0.0022452483	        0.0043271634	        0.0000192478	        0.0001618328	        0.0002110914
        0.0188306506	        0.1949066401	        0.9287357615	        1.9630023494	       26.1779334030	        0.0007657241	        0.0000115810	        0.0000176289	        0.0000501938	        0.0029283937	        0.0042491332	        0.0000307978	        0.0002078718	        0.0002207673
        0.0218567475	        0.2248676954	        0.9204749777	        1.7107491188	       26.1425262252	        0.0007019265	        0.0000179561	        0.0000264451	        0.0000689183	        0.0037601578	        0.0042437676	        0.0000477213	        0.0002623164	        0.0002314028
        0.0252617393	        0.2577776335	        0.9120135136	        1.4614894745	       26.1026938443	        0.0006399561	        0.0000267508	        0.0000389941	        0.0000919453	        0.0047519231	        0.0043206709	        0.0000717361	        0.0003248504	        0.0002424625
        0.0290914903	        0.2936606378	        0.9034539832	        1.2194754208	       26.0578770307	        0.0005810819	        0.0000383539	        0.0000564200	        0.0001189044	        0.0059067132	        0.0044840436	        0.0001047778	        0.0003943082	        0.0002528778
        0.0333969940	        0.3324791485	        0.8949062977	        0.9891663642	       26.0075175618	        0.0005266028	        0.0000530768	        0.0000800919	        0.0001490100	        0.0072166123	        0.0047302826	        0.0001489270	        0.0004686929	        0.0002613539
        0.0382348325	        0.3738013282	        0.8864798180	        0.7747921527	       25.9507922667	        0.0004777613	        0.0000776561	        0.0001118798	        0.0001814920	        0.0086519561	        0.0050468661	        0.0002059019	        0.0005453999	        0.0002667641
        0.0436676462	        0.4167247106	        0.8782807752	        0.5801227160	       25.8875423428	        0.0004356818	        0.0001144691	        0.0001547762	        0.0002161005	        0.0101381628	        0.0053861372	        0.0002764291	        0.0006215436	        0.0002683343
        0.0497646022	        0.4604247857	        0.8704155776	        0.4080974995	       25.8170305217	        0.0004013088	        0.0001616170	        0.0002137163	        0.0002532049	        0.0115799958	        0.0056845524	        0.0003606221	        0.0006942635	        0.0002657667
        0.0566018496	        0.5042599660	        0.8629882094	        0.2603696581	       25.7378958728	        0.0003753221	        0.0002205525	        0.0002956669	        0.0002929187	        0.0128916330	        0.0058914979	        0.0004581493	        0.0007610760	        0.0002593147
        0.0642629411	        0.5476602211	        0.8560808511	        0.1371776880	       25.6503677716	        0.0003581005	        0.0002928844	        0.0004087045	        0.0003344011	        0.0140037210	        0.0059747679	        0.0005680037	        0.0008204172	        0.0002497828
        0.0728392004	        0.5901554304	        0.8497288383	        0.0375672660	       25.5526071604	        0.0003497802	        0.0003803282	        0.0005607684	        0.0003763624	        0.0148715173	        0.0059234241	        0.0006885783	        0.0008721071	        0.0002383672
        0.0824300053	        0.6313877962	        0.8439110864	       -0.0403730466	       25.4442693378	        0.0003502180	        0.0004846283	        0.0007586043	        0.0004180088	        0.0154765463	        0.0057455208	        0.0008177894	        0.0009172736	        0.0002263352
        0.0931429507	        0.6711103872	        0.8385615146	       -0.0990722265	       25.3261600301	        0.0003590608	        0.0006074633	        0.0010071128	        0.0004594420	        0.0158230691	        0.0054623997	        0.0009532134	        0.0009577734	        0.0002147191
        0.1050938490	        0.7091754976	        0.8335901340	       -0.1410818521	       25.1951905321	        0.0003757819	        0.0007503364	        0.0013089814	        0.0005013686	        0.0159317537	        0.0051019680	        0.0010922133	        0.0009955568	        0.0002041801
        0.1184065179	        0.7455171077	        0.8289013193	       -0.1688582978	       25.0511779107	        0.0003997225	        0.0009144592	        0.0016644066	        0.0005445916	        0.0158328289	        0.0046929130	        0.0012320423	        0.0010322933	        0.0001950363
        0.1332122955	        0.7801312644	        0.8244045271	       -0.1845946293	       24.8947477323	        0.0004299779	        0.0011006354	        0.0020708087	        0.0005896458	        0.0155602310	        0.0042608067	        0.0013699243	        0.0010692657	        0.0001873640
        0.1496492201	        0.8130571280	        0.8200186055	       -0.1903373094	       24.7230552523	        0.0004655941	        0.0013091546	        0.0025225562	        0.0006366450	        0.0151473925	        0.0038261593	        0.0015031192	        0.0011074145	        0.0001810989
        0.1678608015	        0.8443602504	        0.8156721700	       -0.1878776199	       24.5365634976	        0.0005053893	        0.0015397094	        0.0030107796	        0.0006852724	        0.0146246874	        0.0034039771	        0.0016289814	        0.0011474290	        0.0001761100
        0.1879943127	        0.8741186671	        0.8113022897	       -0.1789715711	       24.3334186446	        0.0005480242	        0.0017913517	        0.0035233803	        0.0007348435	        0.0140182234	        0.0030042459	        0.0017450211	        0.0011898346	        0.0001722444
        0.2101985296	        0.9024117224	        0.8068524652	       -0.1652329919	       24.1136419568	        0.0005920837	        0.0020625105	        0.0040453279	        0.0007844066	        0.0133495849	        0.0026328462	        0.0018489757	        0.0012350604	        0.0001693520
        0.2346208557	        0.9293111797	        0.8022706205	       -0.1480444184	       23.8765601157	        0.0006361094	        0.0023510964	        0.0045593176	        0.0008328297	        0.0126361722	        0.0022925693	        0.0019388967	        0.0012834849	        0.0001672964
        0.2614037844	        0.9548740462	        0.7975074890	       -0.1288053000	       23.6213211751	        0.0006787446	        0.0026547219	        0.0050468076	        0.0008789076	        0.0118918794	        0.0019840498	        0.0020132534	        0.0013354651	        0.0001659589
        0.2906806794	        0.9791365926	        0.7925151300	       -0.1089100704	       23.3466976237	        0.0007186398	        0.0029710680	        0.0054894036	        0.0009215077	        0.0111279440	        0.0017065402	        0.0020710543	        0.0013913508	        0.0001652397
        0.3225708876	        1.0021092374	        0.7872455470	       -0.0893231232	       23.0516661923	        0.0007547834	        0.0032984177	        0.0058704961	        0.0009596571	        0.0103538774	        0.0014585123	        0.0021119812	        0.0014514818	        0.0001650556
        0.3571742551	        1.0237723132	        0.7816501588	       -0.0707072702	       22.7365190709	        0.0007864124	        0.0036363575	        0.0061769961	        0.0009925624	        0.0095784192	        0.0012381039	        0.0021365209	        0.0015161665	        0.0001653374
        0.3945651751	        1.0440732534	        0.7756802115	       -0.0536177817	       22.4000718823	        0.0008130564	        0.0039865970	        0.0064009699	        0.0010196568	        0.0088104672	        0.0010434314	        0.0021460736	        0.0015856458	        0.0001660279
        0.4347863703	        1.0629264576	        0.7692880909	       -0.0384073413	       22.0429966008	        0.0008343047	        0.0043537669	        0.0065409367	        0.0010406457	        0.0080598923	        0.0008727856	        0.0021429933	        0.0016600443	        0.0001670814
        0.4778426900	        1.0802178635	        0.7624301360	       -0.0258093658	       21.6647868917	        0.0008500224	        0.0047458969	        0.0066025610	        0.0010556603	        0.0073380757	        0.0007247178	        0.0021305040	        0.0017393204	        0.0001684676
        0.5236952751	        1.0958165954	        0.7550694365	       -0.0162966045	       21.2654469513	        0.0008606632	        0.0051740685	        0.0065984306	        0.0010653960	        0.0066579313	        0.0005980146	        0.0021124282	        0.0018232160	        0.0001701786
        0.5722565058	        1.1095950282	        0.7471797924	       -0.0096130371	       20.8453828770	        0.0008673428	        0.0056505330	        0.0065466125	        0.0010709498	        0.0060331719	        0.0004915706	        0.0020926999	        0.0019112117	        0.0001722389
        0.6233861842	        1.1214552756	        0.7387520368	       -0.0059828290	       20.4055482184	        0.0008717371	        0.0061846078	        0.0064678230	        0.0010737772	        0.0054767746	        0.0004041997	        0.0020747255	        0.0020025493	        0.0001747210
        0.6768894010	        1.1313549909	        0.7297965000	       -0.0049877000	       19.9486772603	        0.0008749488	        0.0067762374	        0.0063815388	        0.0010755583	        0.0049990131	        0.0003344647	        0.0020607815	        0.0020963604	        0.0001777636
        0.7325164896	        1.1393218008	        0.7203434405	       -0.0071212524	       19.4751739858	        0.0008785949	        0.0074084646	        0.0063020802	        0.0010781662	        0.0046058406	        0.0002806195	        0.0020517028	        0.0021919124	        0.0001815870
        0.7899653716	        1.1454481355	        0.7104326970	       -0.0122642218	       18.9870303621	        0.0008849368	        0.0080418868	        0.0062361490	        0.0010836041	        0.0042984296	        0.0002407104	        0.0020470120	        0.0022888596	        0.0001864941
        0.8488864424	        1.1498668939	        0.7001012834	       -0.0203889258	       18.4882289124	        0.0008956274	        0.0086152938	        0.0061829577	        0.0010937771	        0.0040741302	        0.0002127984	        0.0020454128	        0.0023873155	        0.0001928478
        0.9088899606	        1.1527171135	        0.6893707013	       -0.0314492950	       17.9813080552	        0.0009134453	        0.0090555471	        0.0061369706	        0.0011104967	        0.0039283876	        0.0001952089	        0.0020453954	        0.0024876392	        0.0002010302
        0.9695556872	        1.1541111707	        0.6782398813	       -0.0429647002	       17.4698256985	        0.0009391950	        0.0092957791	        0.0060920884	        0.0011352551	        0.0038568200	        0.0001867297	        0.0020457245	        0.0025898802	        0.0002113846
        1.0304443128	        1.1541111707	        0.6666915089	       -0.0538604675	       16.9566770293	        0.0009729309	        0.0092957791	        0.0060327228	        0.0011665926	        0.0038568200	        0.0001867297	        0.0020457245	        0.0026931358	        0.0002241597
        1.0911100394	        1.1527171135	        0.6547053160	       -0.0649541788	       16.4458649073	        0.0010144842	        0.0090555471	        0.0059603018	        0.0012040727	        0.0039283876	        0.0001952089	        0.0020453954	        0.0027954119	        0.0002394922
        1.1511135576	        1.1498668939	        0.6422853596	       -0.0752526836	       15.9421459334	        0.0010626890	        0.0086152938	        0.0058924078	        0.0012485070	        0.0040741302	        0.0002127984	        0.0020454128	        0.0028933624	        0.0002573444
        1.2100346284	        1.1454481355	        0.6294783421	       -0.0840250620	       15.4466071502	        0.0011164700	        0.0080418868	        0.0058361838	        0.0012983437	        0.0042984296	        0.0002407104	        0.0020470120	        0.0029823640	        0.0002774480
        1.2674835104	        1.1393218008	        0.6163696367	       -0.0890781936	       14.9643646244	        0.0011740228	        0.0074084646	        0.0057971719	        0.0013516906	        0.0046058406	        0.0002806195	        0.0020517028	        0.0030574186	        0.0002993312
        1.3231105990	        1.1313549909	        0.6030876998	       -0.0896306985	       14.4979458424	        0.0012317078	        0.0067762374	        0.0057756381	        0.0014057078	        0.0049990131	        0.0003344647	        0.0020607815	        0.0031141589	        0.0003223803
        1.3766138158	        1.1214552756	        0.5897864403	       -0.0854432548	       14.0475467207	        0.0012858503	        0.0061846078	        0.0057646650	        0.0014572515	        0.0054767746	        0.0004041997	        0.0020747255	        0.0031499720	        0.0003459686
        1.4277434942	        1.1095950282	        0.5766187681	       -0.0767994759	       13.6159031643	        0.0013339880	        0.0056505330	        0.0057507287	        0.0015032839	        0.0060331719	        0.0004915706	        0.0020926999	        0.0031645834	        0.0003695953
        1.4763047249	        1.0958165954	        0.5637119036	       -0.0634732955	       13.2045536376	        0.0013735840	        0.0051740685	        0.0057164268	        0.0015410599	        0.0066579313	        0.0005980146	        0.0021124282	        0.0031598823	        0.0003929793
        1.5221573100	        1.0802178635	        0.5511560878	       -0.0457093925	       12.8139229508	        0.0014030900	        0.0047458969	        0.0056441858	        0.0015682910	        0.0073380757	        0.0007247178	        0.0021305040	        0.0031392639	        0.0004160896
        1.5652136297	        1.0629264576	        0.5390019416	       -0.0245977511	       12.4441707809	        0.0014205394	        0.0043537669	        0.0055196337	        0.0015835660	        0.0080598923	        0.0008727856	        0.0021429933	        0.0031068885	        0.0004391303
        1.6054348249	        1.0440732534	        0.5272625038	       -0.0011035408	       12.0961153054	        0.0014261530	        0.0039865970	        0.0053338219	        0.0015864622	        0.0088104672	        0.0010434314	        0.0021460736	        0.0030670367	        0.0004624964
        1.6428257449	        1.0237723132	        0.5159199072	        0.0244170768	       11.7674223652	        0.0014211660	        0.0036363575	        0.0050841217	        0.0015772218	        0.0095784192	        0.0012381039	        0.0021365209	        0.0030236582	        0.0004867205
        1.6774291124	        1.0021092374	        0.5049342592	        0.0516279861	       11.4596875706	        0.0014062208	        0.0032984177	        0.0047740206	        0.0015564628	        0.0103538774	        0.0014585123	        0.0021119812	        0.0029801803	        0.0005124389
        1.7093193206	        0.9791365926	        0.4942507622	        0.0788613916	       11.1716618278	        0.0013823866	        0.0029710680	        0.0044121645	        0.0015252672	        0.0111279440	        0.0017065402	        0.0020710543	        0.0029395310	        0.0005403842
        1.7385962156	        0.9548740462	        0.4838018045	        0.1045047214	       10.9020840378	        0.0013516484	        0.0026547219	        0.0040109638	        0.0014852000	        0.0118918794	        0.0019840498	        0.0020132534	        0.0029042325	        0.0005713936
        1.7653791443	        0.9293111797	        0.4735083703	        0.1263846891	       10.6517899590	        0.0013161808	        0.0023510964	        0.0035850176	        0.0014381241	        0.0126361722	        0.0022925693	        0.0019388967	        0.0028764741	        0.0006064197
        1.7898014704	        0.9024117224	        0.4632794628	        0.1418675061	       10.4190870964	        0.0012784411	        0.0020625105	        0.0031495615	        0.0013860743	        0.0133495849	        0.0026328462	        0.0018489757	        0.0028581470	        0.0006465380
        1.8120056873	        0.8741186671	        0.4530101127	        0.1484651244	       10.2032769937	        0.0012412560	        0.0017913517	        0.0027191016	        0.0013310119	        0.0140182234	        0.0030042459	        0.0017450211	        0.0028507976	        0.0006929360
        1.8321391985	        0.8443602504	        0.4425792315	        0.1436965393	       10.0036142237	        0.0012071460	        0.0015397094	        0.0023063508	        0.0012745391	        0.0146246874	        0.0034039771	        0.0016289814	        0.0028554769	        0.0007468682
        1.8503507799	        0.8130571280	        0.4318471500	        0.1246992919	        9.8193750613	        0.0011788188	        0.0013091546	        0.0019215331	        0.0012177036	        0.0151473925	        0.0038261593	        0.0015031192	        0.0028724617	        0.0008095540
        1.8667877045	        0.7801312644	        0.4206527626	        0.0887065713	        9.6502992330	        0.0011584222	        0.0011006354	        0.0015720641	        0.0011608143	        0.0155602310	        0.0042608067	        0.0013699243	        0.0029007972	        0.0008819772
        1.8815934821	        0.7455171077	        0.4088122165	        0.0328421693	        9.4956239421	        0.0011478133	        0.0009144592	        0.0012625667	        0.0011032842	        0.0158328289	        0.0046929130	        0.0012320423	        0.0029376299	        0.0009645385
        1.8949061510	        0.7091754976	        0.3961209647	       -0.0459042735	        9.3544741799	        0.0011485006	        0.0007503364	        0.0009951408	        0.0010436116	        0.0159317537	        0.0051019680	        0.0010922133	        0.0029773707	        0.0010565208
        1.9068570493	        0.6711103872	        0.3823627678	       -0.1510318482	        9.2252316920	        0.0011617443	        0.0006074633	        0.0007697796	        0.0009796123	        0.0158230691	        0.0054623997	        0.0009532134	        0.0030108923	        0.0011553847
        1.9175699947	        0.6313877962	        0.3673300803	       -0.2835951311	        9.1087378428	        0.0011881378	        0.0004846283	        0.0005848131	        0.0009089398	        0.0154765463	        0.0057455208	        0.0008177894	        0.0030252485	        0.0012560608
        1.9271607996	        0.5901554304	        0.3508637527	       -0.4451619265	        9.0034034342	        0.0012279106	        0.0003803282	        0.0004372709	        0.0008301767	        0.0148715173	        0.0059234241	        0.0006885783	        0.0030047915	        0.0013506940
        1.9357370589	        0.5476602211	        0.3329046449	       -0.6361220738	        8.9081001390	        0.0012809969	        0.0002928844	        0.0003231070	        0.0007441592	        0.0140037210	        0.0059747679	        0.0005680037	        0.0029344302	        0.0014294785
        1.9433981504	        0.5042599660	        0.3135400980	       -0.8509627513	        8.8232761667	        0.0013456798	        0.0002205525	        0.0002373446	        0.0006542918	        0.0128916330	        0.0058914979	        0.0004581493	        0.0028044682	        0.0014828473
        1.9502353978	        0.4604247857	        0.2930171137	       -1.0886083351	        8.7468884348	        0.0014216784	        0.0001616170	        0.0001743286	        0.0005652118	        0.0115799958	        0.0056845524	        0.0003606221	        0.0026145771	        0.0015042352
        1.9563323538	        0.4167247106	        0.2716907665	       -1.3396649876	        8.6789638192	        0.0015061251	        0.0001144691	        0.0001282936	        0.0004802485	        0.0101381628	        0.0053861372	        0.0002764291	        0.0023740686	        0.0014917507
        1.9617651675	        0.3738013282	        0.2499476360	       -1.5992965726	        8.6183644223	        0.0015977172	        0.0000776561	        0.0000941986	        0.0004002231	        0.0086519561	        0.0050468661	        0.0002059019	        0.0020986623	        0.0014480019
        1.9666030060	        0.3324791485	        0.2281468870	       -1.8593835019	        8.5644303868	        0.0016938453	        0.0000530768	        0.0000684574	        0.0003251838	        0.0072166123	        0.0047302826	        0.0001489270	        0.0018066362	        0.0013789464
        1.9709085097	        0.2936606378	        0.2066095330	       -2.1112707491	        8.5169151168	        0.0017914488	        0.0000383539	        0.0000489296	        0.0002563151	        0.0059067132	        0.0044840436	        0.0001047778	        0.0015159320	        0.0012926432
        1.9747382607	        0.2577776335	        0.1856245094	       -2.3529765431	        8.4746467003	        0.0018895210	        0.0000267508	        0.0000342990	        0.0001956048	        0.0047519231	        0.0043206709	        0.0000717361	        0.0012418602	        0.0011980374
        1.9781432525	        0.2248676954	        0.1654421640	       -2.5817200659	        8.4369288503	        0.0019867682	        0.0000179561	        0.0000235874	        0.0001446951	        0.0037601578	        0.0042437676	        0.0000477213	        0.0009953605	        0.0011037090
        1.9811693494	        0.1949066401	        0.1462623232	       -2.7941506816	        8.4034642976	        0.0020812485	        0.0000115810	        0.0000159426	        0.0001040638	        0.0029283937	        0.0042491332	        0.0000307978	        0.0007823189	        0.0010159108
        1.9838577298	        0.1678078483	        0.1282262696	       -2.9871200434	        8.3741569763	        0.0021707743	        0.0000071722	        0.0000106036	        0.0000729580	        0.0022452483	        0.0043271634	        0.0000192478	        0.0006040760	        0.0009374343
        1.9862453073	        0.1434299499	        0.1114173800	       -3.1610979871	        8.3484697112	        0.0022548139	        0.0000042630	        0.0000069295	        0.0000498604	        0.0016942377	        0.0044654091	        0.0000116219	        0.0004586937	        0.0008701893
        1.9883651267	        0.1215915230	        0.0958687838	       -3.3183690732	        8.3256942069	        0.0023337198	        0.0000024288	        0.0000044289	        0.0000331078	        0.0012568082	        0.0046506894	        0.0000067573	        0.0003424265	        0.0008161675
        1.9902467340	        0.1020882757	        0.0815745443	       -3.4603130765	        8.3054107506	        0.0024074148	        0.0000013226	        0.0000027493	        0.0000212368	        0.0009145715	        0.0048705010	        0.0000037655	        0.0002508978	        0.0007769891
        1.9919165179	        0.0847083992	        0.0685007144	       -3.5874621071	        8.2874380072	        0.0024754502	        0.0000006847	        0.0000016433	        0.0000130573	        0.0006506300	        0.0051137671	        0.0000019975	        0.0001798227	        0.0007537769
        1.9933980257	        0.0692439015	        0.0565943917	       -3.7006658642	        8.2715841644	        0.0025376759	        0.0000003341	        0.0000009357	        0.0000076186	        0.0004501740	        0.0053711114	        0.0000009988	        0.0001253644	        0.0007473551
        1.9947122508	        0.0554977220	        0.0457905718	       -3.8010175319	        8.2576426564	        0.0025941910	        0.0000001515	        0.0000005004	        0.0000041623	        0.0003006089	        0.0056348526	        0.0000004640	        0.0000842616	        0.0007585586
        1.9958778967	        0.0432874666	        0.0360172628	       -3.8897053238	        8.2454080085	        0.0026452473	        0.0000000625	        0.0000002464	        0.0000020881	        0.0001914337	        0.0058988629	        0.0000001958	        0.0000538299	        0.0007886150
        1.9969116151	        0.0324468322	        0.0271992841	       -3.9679208728	        8.2346849815	        0.0026911842	        0.0000000226	        0.0000001082	        0.0000009318	        0.0001140089	        0.0061583755	        0.0000000723	        0.0000319053	        0.0008396919
        1.9978282231	        0.0228256218	        0.0192610464	       -4.0368053403	        8.2252933684	        0.0027323843	        0.0000000067	        0.0000000400	        0.0000003490	        0.0000612969	        0.0064097866	        0.0000000219	        0.0000167672	        0.0009158820
        1.9986408981	        0.0142889910	        0.0121285290	       -4.0974201785	        8.2170700355	        0.0027692448	        0.0000000014	        0.0000000109	        0.0000000967	        0.0000276111	        0.0066504682	        0.0000000048	        0.0000070611	        0.0010254547
        1.9993613540	        0.0067163277	        0.0057306250	       -4.1507336960	        8.2098692682	        0.0028021589	        0.0000000002	        0.0000000015	        0.0000000136	        0.0000083898	        0.0068786014	        0.0000000005	        0.0000017350	        0.0011876971
        2.0000000000	        0.0000000000	        0.0000000000	       -4.1976174834	        8.2035621237	        0.0028315040	        0.0000000000	        0.0000000000	        0.0000000000	        0.0000000000	        0.0070930286	        0.0000000000	        0.0000000000	        0.0014668630
