        0.0000000000	        0.0000000000	        1.0000000000	        7.4793462837	       30.1105329785	        0.0008293964	        0.0000000000	        0.0000000000	        0.0000000000	        0.0000000000	        0.0070930286	        0.0000000000	        0.0000000000	        0.0010297363
        0.0006386460	        0.0067163277	        0.9974190297	        6.9413002515	       30.0947262451	        0.0007786659	        0.0000000002	        0.0000000015	        0.0000000060	        0.0000083898	        0.0068786014	        0.0000000005	        0.0000012180	        0.0008273125
        0.0013591019	        0.0142889910	        0.9946202077	        6.3732754848	       30.0773187189	        0.0007252996	        0.0000000014	        0.0000000110	        0.0000000420	        0.0000276111	        0.0066504682	        0.0000000048	        0.0000049387	        0.0007046996
        0.0021717769	        0.0228256218	        0.9915950386	        5.7799908901	       30.0581873946	        0.0006697946	        0.0000000067	        0.0000000406	        0.0000001481	        0.0000612969	        0.0064097866	        0.0000000219	        0.0000116788	        0.0006163971
        0.0030883849	        0.0324468322	        0.9883354738	        5.1681709464	       30.0372005519	        0.0006128407	        0.0000000226	        0.0000001115	        0.0000003873	        0.0001140089	        0.0061583755	        0.0000000723	        0.0000221082	        0.0005483447
        0.0041221033	        0.0432874666	        0.9848334564	        4.5467767429	       30.0142118464	        0.0005553375	        0.0000000625	        0.0000002583	        0.0000008541	        0.0001914337	        0.0058988629	        0.0000001958	        0.0000370611	        0.0004941662
        0.0052877492	        0.0554977220	        0.9810802132	        3.9270845715	       29.9890494602	        0.0004983922	        0.0000001515	        0.0000005368	        0.0000016854	        0.0003006089	        0.0056348526	        0.0000004640	        0.0000575596	        0.0004503989
        0.0066019743	        0.0692439015	        0.9770653270	        3.3224691620	       29.9614973243	        0.0004432844	        0.0000003341	        0.0000010330	        0.0000030757	        0.0004501740	        0.0053711114	        0.0000009988	        0.0000848416	        0.0004149506
        0.0080834821	        0.0847083992	        0.9727757274	        2.7476663092	       29.9312639073	        0.0003913710	        0.0000006847	        0.0000018779	        0.0000052984	        0.0006506300	        0.0051137671	        0.0000019975	        0.0001203905	        0.0003864608
        0.0097532660	        0.1020882757	        0.9681948875	        2.2171671738	       29.8979318326	        0.0003438953	        0.0000013226	        0.0000032669	        0.0000087347	        0.0009145715	        0.0048705010	        0.0000037655	        0.0001659565	        0.0003639871
        0.0116348733	        0.1215915230	        0.9633026726	        1.7422161453	       29.8608783536	        0.0003016413	        0.0000024288	        0.0000054896	        0.0000139141	        0.0012568082	        0.0046506894	        0.0000067573	        0.0002235581	        0.0003468282
        0.0137546927	        0.1434299499	        0.9580762860	        1.3272513510	       29.8192192948	        0.0002645825	        0.0000042630	        0.0000089709	        0.0000215649	        0.0016942377	        0.0044654091	        0.0000116219	        0.0002954372	        0.0003344196
        0.0161422702	        0.1678078483	        0.9524924615	        0.9766460072	       29.7722513320	        0.0002331078	        0.0000071722	        0.0000143284	        0.0000326612	        0.0022452483	        0.0043271634	        0.0000192478	        0.0003839292	        0.0003262985
        0.0188306506	        0.1949066401	        0.9465322762	        0.6886947443	       29.7194601873	        0.0002075465	        0.0000115810	        0.0000224323	        0.0000484133	        0.0029283937	        0.0042491332	        0.0000307978	        0.0004911939	        0.0003221788
        0.0218567475	        0.2248676954	        0.9401875223	        0.4588672329	       29.6605815341	        0.0001878586	        0.0000179561	        0.0000344279	        0.0000701000	        0.0037601578	        0.0042437676	        0.0000477213	        0.0006187758	        0.0003220674
        0.0252617393	        0.2577776335	        0.9334671687	        0.2820532920	       29.5957603886	        0.0001735994	        0.0000267508	        0.0000516856	        0.0000987043	        0.0047519231	        0.0043206709	        0.0000717361	        0.0007670447	        0.0003258679
        0.0290914903	        0.2936606378	        0.9264020590	        0.1503367429	       29.5244879916	        0.0001642739	        0.0000383539	        0.0000757410	        0.0001345608	        0.0059067132	        0.0044840436	        0.0001047778	        0.0009346814	        0.0003326159
        0.0333969940	        0.3324791485	        0.9190459413	        0.0533369272	       29.4455750675	        0.0001593987	        0.0000530768	        0.0001083438	        0.0001772715	        0.0072166123	        0.0047302826	        0.0001489270	        0.0011183856	        0.0003408015
        0.0382348325	        0.3738013282	        0.9114742350	       -0.0177607079	       29.3583965507	        0.0001585438	        0.0000776561	        0.0001518092	        0.0002260342	        0.0086519561	        0.0050468661	        0.0002059019	        0.0013129267	        0.0003487867
        0.0436676462	        0.4167247106	        0.9037862591	       -0.0710993961	       29.2622452000	        0.0001614128	        0.0001144691	        0.0002098335	        0.0002802009	        0.0101381628	        0.0053861372	        0.0002764291	        0.0015114789	        0.0003550301
        0.0497646022	        0.4604247857	        0.8961102730	       -0.1131881867	       29.1562560654	        0.0001679434	        0.0001616170	        0.0002885377	        0.0003395376	        0.0115799958	        0.0056845524	        0.0003606221	        0.0017061925	        0.0003583228
        0.0566018496	        0.5042599660	        0.8885971853	       -0.1484256017	       29.0395475108	        0.0001782809	        0.0002205525	        0.0003964553	        0.0004033305	        0.0128916330	        0.0058914979	        0.0004581493	        0.0018893031	        0.0003580285
        0.0642629411	        0.5476602211	        0.8813901372	       -0.1793355345	       28.9111279629	        0.0001927567	        0.0002928844	        0.0005431436	        0.0004696229	        0.0140037210	        0.0059747679	        0.0005680037	        0.0020549247	        0.0003542527
        0.0728392004	        0.5901554304	        0.8745852139	       -0.2069069184	       28.7699096381	        0.0002118413	        0.0003803282	        0.0007374603	        0.0005359728	        0.0148715173	        0.0059234241	        0.0006885783	        0.0022005676	        0.0003477773
        0.0824300053	        0.6313877962	        0.8682117105	       -0.2310807800	       28.6148939903	        0.0002360190	        0.0004846283	        0.0009862601	        0.0006007726	        0.0154765463	        0.0057455208	        0.0008177894	        0.0023272213	        0.0003397336
        0.0931429507	        0.6711103872	        0.8622400285	       -0.2512302950	       28.4434321243	        0.0002657757	        0.0006074633	        0.0012937562	        0.0006638190	        0.0158230691	        0.0054623997	        0.0009532134	        0.0024381530	        0.0003312228
        0.1050938490	        0.7091754976	        0.8566035247	       -0.2664971365	       28.2552690291	        0.0003013717	        0.0007503364	        0.0016612912	        0.0007259389	        0.0159317537	        0.0051019680	        0.0010922133	        0.0025374648	        0.0003230894
        0.1184065179	        0.7455171077	        0.8512191404	       -0.2760478959	       28.0488938886	        0.0003429757	        0.0009144592	        0.0020871968	        0.0007882948	        0.0158328289	        0.0046929130	        0.0012320423	        0.0026291313	        0.0003158760
        0.1332122955	        0.7801312644	        0.8460007007	       -0.2793460163	       27.8232273128	        0.0003902700	        0.0011006354	        0.0025665967	        0.0008518498	        0.0155602310	        0.0042608067	        0.0013699243	        0.0027165926	        0.0003098773
        0.1496492201	        0.8130571280	        0.8408653386	       -0.2762104857	       27.5749049469	        0.0004428173	        0.0013091546	        0.0030911888	        0.0009170989	        0.0151473925	        0.0038261593	        0.0015031192	        0.0028027007	        0.0003052200
        0.1678608015	        0.8443602504	        0.8357355436	       -0.2667894819	       27.3048440954	        0.0004997113	        0.0015397094	        0.0036491262	        0.0009839818	        0.0146246874	        0.0034039771	        0.0016289814	        0.0028898203	        0.0003019320
        0.1879943127	        0.8741186671	        0.8305389881	       -0.2519084945	       27.0098219285	        0.0005597479	        0.0017913517	        0.0042251346	        0.0010519357	        0.0140182234	        0.0030042459	        0.0017450211	        0.0029799734	        0.0002999915
        0.2101985296	        0.9024117224	        0.8252070230	       -0.2329632929	       26.6895497014	        0.0006216366	        0.0020625105	        0.0048009786	        0.0011200578	        0.0133495849	        0.0026328462	        0.0018489757	        0.0030749790	        0.0002993590
        0.2346208557	        0.9293111797	        0.8196724502	       -0.2112908156	       26.3417442630	        0.0006839553	        0.0023510964	        0.0053563492	        0.0011872592	        0.0126361722	        0.0022925693	        0.0019388967	        0.0031765654	        0.0002999960
        0.2614037844	        0.9548740462	        0.8138674033	       -0.1878238633	       25.9649586596	        0.0007452998	        0.0026547219	        0.0058701796	        0.0012523235	        0.0118918794	        0.0019840498	        0.0020132534	        0.0032864527	        0.0003018743
        0.2906806794	        0.9791365926	        0.8077219034	       -0.1635226444	       25.5583190279	        0.0008042928	        0.0029710680	        0.0063223182	        0.0013139686	        0.0111279440	        0.0017065402	        0.0020710543	        0.0034064089	        0.0003049805
        0.3225708876	        1.0021092374	        0.8011627052	       -0.1401075067	       25.1214258123	        0.0008597499	        0.0032984177	        0.0066954159	        0.0013711072	        0.0103538774	        0.0014585123	        0.0021119812	        0.0035382841	        0.0003093184
        0.3571742551	        1.0237723132	        0.7941111817	       -0.1189374837	       24.6512863613	        0.0009110949	        0.0036363575	        0.0069768309	        0.0014230961	        0.0095784192	        0.0012381039	        0.0021365209	        0.0036840017	        0.0003149070
        0.3945651751	        1.0440732534	        0.7864817676	       -0.0998027602	       24.1480950187	        0.0009579544	        0.0039865970	        0.0071603289	        0.0014695473	        0.0088104672	        0.0010434314	        0.0021460736	        0.0038454651	        0.0003217728
        0.4347863703	        1.0629264576	        0.7781842006	       -0.0825152677	       23.6119922143	        0.0009998394	        0.0043537669	        0.0072473015	        0.0015101190	        0.0080598923	        0.0008727856	        0.0021429933	        0.0040243825	        0.0003299399
        0.4778426900	        1.0802178635	        0.7691281413	       -0.0672305150	       23.0430983749	        0.0010365716	        0.0047458969	        0.0072472064	        0.0015446421	        0.0073380757	        0.0007247178	        0.0021305040	        0.0042220366	        0.0003394238
        0.5236952751	        1.0958165954	        0.7592300650	       -0.0547618063	       22.4404697392	        0.0010684160	        0.0051740685	        0.0071769350	        0.0015734449	        0.0066579313	        0.0005980146	        0.0021124282	        0.0044390234	        0.0003502333
        0.5722565058	        1.1095950282	        0.7484209233	       -0.0456972185	       21.8063263703	        0.0010962819	        0.0056505330	        0.0070588568	        0.0015975733	        0.0060331719	        0.0004915706	        0.0020926999	        0.0046749856	        0.0003623825
        0.6233861842	        1.1214552756	        0.7366552140	       -0.0401929652	       21.1423405009	        0.0011212735	        0.0061846078	        0.0069174920	        0.0016186941	        0.0054767746	        0.0004041997	        0.0020747255	        0.0049284079	        0.0003759131
        0.6768894010	        1.1313549909	        0.7239194554	       -0.0377004092	       20.4506861069	        0.0011450567	        0.0067762374	        0.0067752499	        0.0016387169	        0.0049990131	        0.0003344647	        0.0020607815	        0.0051966101	        0.0003909283
        0.7325164896	        1.1393218008	        0.7102377738	       -0.0389747523	       19.7349956144	        0.0011695795	        0.0074084646	        0.0066483471	        0.0016598127	        0.0046058406	        0.0002806195	        0.0020517028	        0.0054761159	        0.0004076380
        0.7899653716	        1.1454481355	        0.6956619211	       -0.0420413989	       18.9992933500	        0.0011964353	        0.0080418868	        0.0065444173	        0.0016837212	        0.0042984296	        0.0002407104	        0.0020470120	        0.0057632580	        0.0004263879
        0.8488864424	        1.1498668939	        0.6802667329	       -0.0482556418	       18.2492732419	        0.0012269267	        0.0086152938	        0.0064628615	        0.0017118574	        0.0040741302	        0.0002127984	        0.0020454128	        0.0060549371	        0.0004476693
        0.9088899606	        1.1527171135	        0.6641256968	       -0.0578107238	       17.4911858545	        0.0012634718	        0.0090555471	        0.0063978704	        0.0017459550	        0.0039283876	        0.0001952089	        0.0020453954	        0.0063491103	        0.0004720892
        0.9695556872	        1.1541111707	        0.6472972304	       -0.0709300749	       16.7300166889	        0.0013085072	        0.0092957791	        0.0063428740	        0.0017887302	        0.0038568200	        0.0001867297	        0.0020457245	        0.0066444091	        0.0005002767
        1.0304443128	        1.1541111707	        0.6298047644	       -0.0870553526	       15.9756481435	        0.0013639450	        0.0092957791	        0.0062812885	        0.0018400553	        0.0038568200	        0.0001867297	        0.0020457245	        0.0069387575	        0.0005327339
        1.0911100394	        1.1527171135	        0.6116453484	       -0.1034807818	       15.2337542245	        0.0014306622	        0.0090555471	        0.0062140993	        0.0019005289	        0.0039283876	        0.0001952089	        0.0020453954	        0.0072278323	        0.0005696837
        1.1511135576	        1.1498668939	        0.5928550498	       -0.1182856791	       14.5120812543	        0.0015073063	        0.0086152938	        0.0061590351	        0.0019713169	        0.0040741302	        0.0002127984	        0.0020454128	        0.0075035545	        0.0006108563
        1.2100346284	        1.1454481355	        0.5735378247	       -0.1290033203	       13.8159689814	        0.0015914766	        0.0080418868	        0.0061230428	        0.0020493507	        0.0042984296	        0.0002407104	        0.0020470120	        0.0077544153	        0.0006553801
        1.2674835104	        1.1393218008	        0.5538651957	       -0.1336144372	       13.1529878960	        0.0016785447	        0.0074084646	        0.0061116116	        0.0021311154	        0.0046058406	        0.0002806195	        0.0020517028	        0.0079682167	        0.0007019062
        1.3231105990	        1.1313549909	        0.5340702825	       -0.1323881164	       12.5233358881	        0.0017644540	        0.0067762374	        0.0061249391	        0.0022125531	        0.0049990131	        0.0003344647	        0.0020607815	        0.0081349647	        0.0007488240
        1.3766138158	        1.1214552756	        0.5144100143	       -0.1248361423	       11.9314654029	        0.0018445266	        0.0061846078	        0.0061557545	        0.0022895370	        0.0054767746	        0.0004041997	        0.0020747255	        0.0082492618	        0.0007945672
        1.4277434942	        1.1095950282	        0.4951261203	       -0.1089256673	       11.3750315857	        0.0019138534	        0.0056505330	        0.0061896201	        0.0023573598	        0.0060331719	        0.0004915706	        0.0020926999	        0.0083110626	        0.0008378847
        1.4763047249	        1.0958165954	        0.4764207986	       -0.0871213446	       10.8576405194	        0.0019684069	        0.0051740685	        0.0062074941	        0.0024118224	        0.0066579313	        0.0005980146	        0.0021124282	        0.0083251297	        0.0008780241
        1.5221573100	        1.0802178635	        0.4584284715	       -0.0617435454	       10.3739688741	        0.0020079178	        0.0047458969	        0.0061894331	        0.0024506575	        0.0073380757	        0.0007247178	        0.0021305040	        0.0082993342	        0.0009147514
        1.5652136297	        1.0629264576	        0.4412097885	       -0.0318844093	        9.9243300406	        0.0020316420	        0.0043537669	        0.0061181278	        0.0024726786	        0.0080598923	        0.0008727856	        0.0021429933	        0.0082422386	        0.0009481922
        1.6054348249	        1.0440732534	        0.4247692156	        0.0044851291	        9.5066528840	        0.0020385372	        0.0039865970	        0.0059813929	        0.0024767179	        0.0088104672	        0.0010434314	        0.0021460736	        0.0081612874	        0.0009786342
        1.6428257449	        1.0237723132	        0.4090763584	        0.0485208432	        9.1187398965	        0.0020275939	        0.0036363575	        0.0057733666	        0.0024616467	        0.0095784192	        0.0012381039	        0.0021365209	        0.0080621340	        0.0010063999
        1.6774291124	        1.0021092374	        0.3940808091	        0.0993484704	        8.7584779356	        0.0019985005	        0.0032984177	        0.0054946014	        0.0024269935	        0.0103538774	        0.0014585123	        0.0021119812	        0.0079487059	        0.0010317921
        1.7093193206	        0.9791365926	        0.3797188143	        0.1572535431	        8.4238563827	        0.0019516707	        0.0029710680	        0.0051513724	        0.0023730258	        0.0111279440	        0.0017065402	        0.0020710543	        0.0078234584	        0.0010550690
        1.7385962156	        0.9548740462	        0.3659206413	        0.2231295050	        8.1125057762	        0.0018875169	        0.0026547219	        0.0047544887	        0.0023003009	        0.0118918794	        0.0019840498	        0.0020132534	        0.0076876420	        0.0010764329
        1.7653791443	        0.9293111797	        0.3526166825	        0.2960077239	        7.8230639792	        0.0018076762	        0.0023510964	        0.0043178383	        0.0022097766	        0.0126361722	        0.0022925693	        0.0019388967	        0.0075416343	        0.0010960444
        1.7898014704	        0.9024117224	        0.3397385808	        0.3734530046	        7.5532144810	        0.0017138319	        0.0020625105	        0.0038568699	        0.0021031348	        0.0133495849	        0.0026328462	        0.0018489757	        0.0073852435	        0.0011140497
        1.8120056873	        0.8741186671	        0.3272179132	        0.4504632442	        7.3020478411	        0.0016088984	        0.0017913517	        0.0033871890	        0.0019829679	        0.0140182234	        0.0030042459	        0.0017450211	        0.0072178828	        0.0011305989
        1.8321391985	        0.8443602504	        0.3149817546	        0.5224028370	        7.0670332668	        0.0014961742	        0.0015397094	        0.0029234020	        0.0018525756	        0.0146246874	        0.0034039771	        0.0016289814	        0.0070385625	        0.0011458372
        1.8503507799	        0.8130571280	        0.3029497973	        0.5847909647	        6.8475397545	        0.0013801087	        0.0013091546	        0.0024782806	        0.0017154256	        0.0151473925	        0.0038261593	        0.0015031192	        0.0068457278	        0.0011598610
        1.8667877045	        0.7801312644	        0.2910322575	        0.6332867854	        6.6426958643	        0.0012649297	        0.0011006354	        0.0020622608	        0.0015747487	        0.0155602310	        0.0042608067	        0.0013699243	        0.0066370272	        0.0011726459
        1.8815934821	        0.7455171077	        0.2791286800	        0.6643157188	        6.4521536194	        0.0011544919	        0.0009144592	        0.0016832457	        0.0014331951	        0.0158328289	        0.0046929130	        0.0012320423	        0.0064090645	        0.0011839430
        1.8949061510	        0.7091754976	        0.2671291640	        0.6754297353	        6.2748023788	        0.0010520163	        0.0007503364	        0.0013466413	        0.0012925875	        0.0159317537	        0.0051019680	        0.0010922133	        0.0061572230	        0.0011931507
        1.9068570493	        0.6711103872	        0.2549200453	        0.6646146710	        6.1089898892	        0.0009593959	        0.0006074633	        0.0010555282	        0.0011539447	        0.0158230691	        0.0054623997	        0.0009532134	        0.0058757428	        0.0011991878
        1.9175699947	        0.6313877962	        0.2423958521	        0.6301175461	        5.9560851038	        0.0008795313	        0.0004846283	        0.0008108585	        0.0010178609	        0.0154765463	        0.0057455208	        0.0008177894	        0.0055583364	        0.0012004345
        1.9271607996	        0.5901554304	        0.2294797407	        0.5699519223	        5.8147684580	        0.0008132437	        0.0003803282	        0.0006115788	        0.0008852116	        0.0148715173	        0.0059234241	        0.0006885783	        0.0051996822	        0.0011948563
        1.9357370589	        0.5476602211	        0.2161503942	        0.4813013381	        5.6838749766	        0.0007609872	        0.0002928844	        0.0004546493	        0.0007579297	        0.0140037210	        0.0059747679	        0.0005680037	        0.0047978871	        0.0011804390
        1.9433981504	        0.5042599660	        0.2024639889	        0.3630432329	        5.5645840154	        0.0007237294	        0.0002205525	        0.0003350737	        0.0006390690	        0.0128916330	        0.0058914979	        0.0004581493	        0.0043571422	        0.0011559142
        1.9502353978	        0.4604247857	        0.1885539963	        0.2103768383	        5.4546270498	        0.0007009123	        0.0001616170	        0.0002462312	        0.0005316841	        0.0115799958	        0.0056845524	        0.0003606221	        0.0038887570	        0.0011214404
        1.9563323538	        0.4167247106	        0.1745927349	        0.0232850216	        5.3547072292	        0.0006923849	        0.0001144691	        0.0001807868	        0.0004370104	        0.0101381628	        0.0053861372	        0.0002764291	        0.0034090798	        0.0010787396
        1.9617651675	        0.3738013282	        0.1607419087	       -0.2015579258	        5.2635818558	        0.0006977002	        0.0000776561	        0.0001320508	        0.0003539258	        0.0086519561	        0.0050468661	        0.0002059019	        0.0029354271	        0.0010306344
        1.9666030060	        0.3324791485	        0.1471238764	       -0.4627542568	        5.1810732419	        0.0007158308	        0.0000530768	        0.0000951747	        0.0002807199	        0.0072166123	        0.0047302826	        0.0001489270	        0.0024829585	        0.0009804934
        1.9709085097	        0.2936606378	        0.1338319241	       -0.7562373415	        5.1074400288	        0.0007455580	        0.0000383539	        0.0000672355	        0.0002167917	        0.0059067132	        0.0044840436	        0.0001047778	        0.0020636287	        0.0009319146
        1.9747382607	        0.2577776335	        0.1209505636	       -1.0813658317	        5.0410544576	        0.0007856671	        0.0000267508	        0.0000464063	        0.0001624622	        0.0047519231	        0.0043206709	        0.0000717361	        0.0016860028	        0.0008885159
        1.9781432525	        0.2248676954	        0.1085604549	       -1.4365084329	        4.9813621675	        0.0008351617	        0.0000179561	        0.0000312938	        0.0001181113	        0.0037601578	        0.0042437676	        0.0000477213	        0.0013550498	        0.0008536354
        1.9811693494	        0.1949066401	        0.0967325522	       -1.8139986535	        4.9282265337	        0.0008921460	        0.0000115810	        0.0000206562	        0.0000834681	        0.0029283937	        0.0042491332	        0.0000307978	        0.0010721248	        0.0008293424
        1.9838577298	        0.1678078483	        0.0855217573	       -2.2022062523	        4.8815687812	        0.0009540880	        0.0000071722	        0.0000133686	        0.0000574626	        0.0022452483	        0.0043271634	        0.0000192478	        0.0008354561	        0.0008156630
        1.9862453073	        0.1434299499	        0.0749643937	       -2.5963518710	        4.8407701715	        0.0010195393	        0.0000042630	        0.0000084776	        0.0000385391	        0.0016942377	        0.0044654091	        0.0000116219	        0.0006410586	        0.0008125494
        1.9883651267	        0.1215915230	        0.0650784389	       -2.9950588057	        4.8049773612	        0.0010876424	        0.0000024288	        0.0000052497	        0.0000251139	        0.0012568082	        0.0046506894	        0.0000067573	        0.0004837971	        0.0008207285
        1.9902467340	        0.1020882757	        0.0558664455	       -3.3927229594	        4.7735138346	        0.0011570637	        0.0000013226	        0.0000031573	        0.0000158251	        0.0009145715	        0.0048705010	        0.0000037655	        0.0003582639	        0.0008412871
        1.9919165179	        0.0847083992	        0.0473196595	       -3.7808623234	        4.7458593545	        0.0012262246	        0.0000006847	        0.0000018312	        0.0000095786	        0.0006506300	        0.0051137671	        0.0000019975	        0.0002593282	        0.0008754401
        1.9933980257	        0.0692439015	        0.0394214136	       -4.1532222158	        4.7215556965	        0.0012938481	        0.0000003341	        0.0000010147	        0.0000055191	        0.0004501740	        0.0053711114	        0.0000009988	        0.0001824065	        0.0009246044
        1.9947122508	        0.0554977220	        0.0321492799	       -4.5057287068	        4.7001950061	        0.0013589818	        0.0000001515	        0.0000005303	        0.0000029889	        0.0003006089	        0.0056348526	        0.0000004640	        0.0001235525	        0.0009906419
        1.9958778967	        0.0432874666	        0.0254765440	       -4.8359578314	        4.6814165354	        0.0014209529	        0.0000000625	        0.0000002563	        0.0000014922	        0.0001914337	        0.0058988629	        0.0000001958	        0.0000794472	        0.0010762605
        1.9969116151	        0.0324468322	        0.0193733529	       -5.1427160253	        4.6649026076	        0.0014793208	        0.0000000226	        0.0000001109	        0.0000006652	        0.0001140089	        0.0061583755	        0.0000000723	        0.0000473426	        0.0011857068
        1.9978282231	        0.0228256218	        0.0138076850	       -5.4257111386	        4.6503743227	        0.0015338321	        0.0000000067	        0.0000000405	        0.0000002497	        0.0000612969	        0.0064097866	        0.0000000219	        0.0000249882	        0.0013261511
        1.9986408981	        0.0142889910	        0.0087461932	       -5.6852965901	        4.6375873128	        0.0015843807	        0.0000000014	        0.0000000110	        0.0000000695	        0.0000276111	        0.0066504682	        0.0000000048	        0.0000105600	        0.0015109978
        1.9993613540	        0.0067163277	        0.0041549362	       -5.9222741347	        4.6263277290	        0.0016309729	        0.0000000002	        0.0000000015	        0.0000000098	        0.0000083898	        0.0068786014	        0.0000000005	        0.0000026028	        0.0017700935
        2.0000000000	        0.0000000000	        0.0000000000	       -6.1377432660	        4.6164085488	        0.0016736979	        0.0000000000	        0.0000000000	        0.0000000000	        0.0000000000	        0.0070930286	        0.0000000000	        0.0000000000	        0.0022005181
