        0.0000000000	        0.0000000000	        1.0000000000	        6.9253463728	       -0.0000001177	        0.0008293964	        0.0000000000	        0.0000000000	        0.0000000000	        0.0000000000	        0.0070930286	        0.0000000000	        0.0000000000	        0.0010999244
        0.0006386460	        0.0067163277	        0.9976111896	        6.4277958946	       -0.0000001226	        0.0007786659	        0.0000000002	        0.0000000013	        0.0000000047	        0.0000083898	        0.0068786014	        0.0000000005	        0.0000009107	        0.0008866385
        0.0013591019	        0.0142889910	        0.9950207836	        5.9025595871	       -0.0000001276	        0.0007252996	        0.0000000014	        0.0000000092	        0.0000000325	        0.0000276111	        0.0066504682	        0.0000000048	        0.0000036986	        0.0007572046
        0.0021717769	        0.0228256218	        0.9922208998	        5.3540164035	       -0.0000001325	        0.0006697946	        0.0000000067	        0.0000000339	        0.0000001144	        0.0000612969	        0.0064097866	        0.0000000219	        0.0000087564	        0.0006635228
        0.0030883849	        0.0324468322	        0.9892040131	        4.7884049607	       -0.0000001373	        0.0006128407	        0.0000000226	        0.0000000930	        0.0000002992	        0.0001140089	        0.0061583755	        0.0000000723	        0.0000165927	        0.0005907968
        0.0041221033	        0.0432874666	        0.9859624783	        4.2140387668	       -0.0000001419	        0.0005553375	        0.0000000625	        0.0000002157	        0.0000006603	        0.0001914337	        0.0058988629	        0.0000001958	        0.0000278404	        0.0005323280
        0.0052877492	        0.0554977220	        0.9824877805	        3.6413809717	       -0.0000001461	        0.0004983922	        0.0000001515	        0.0000004488	        0.0000013047	        0.0003006089	        0.0056348526	        0.0000004640	        0.0000432761	        0.0004844826
        0.0066019743	        0.0692439015	        0.9787695255	        3.0828466438	       -0.0000001499	        0.0004432844	        0.0000003341	        0.0000008653	        0.0000023867	        0.0004501740	        0.0053711114	        0.0000009988	        0.0000638432	        0.0004450736
        0.0080834821	        0.0847083992	        0.9747942657	        2.5521244856	       -0.0000001534	        0.0003913710	        0.0000006847	        0.0000015771	        0.0000041261	        0.0006506300	        0.0051137671	        0.0000019975	        0.0000906792	        0.0004126966
        0.0097532660	        0.1020882757	        0.9705443832	        2.0626967222	       -0.0000001566	        0.0003438953	        0.0000013226	        0.0000027534	        0.0000068361	        0.0009145715	        0.0048705010	        0.0000037655	        0.0001251427	        0.0003864105
        0.0116348733	        0.1215915230	        0.9659973787	        1.6250691770	       -0.0000001602	        0.0003016413	        0.0000024288	        0.0000046467	        0.0000109629	        0.0012568082	        0.0046506894	        0.0000067573	        0.0001688334	        0.0003655656
        0.0137546927	        0.1434299499	        0.9611258955	        1.2434807508	       -0.0000001649	        0.0002645825	        0.0000042630	        0.0000076318	        0.0000171386	        0.0016942377	        0.0044654091	        0.0000116219	        0.0002235946	        0.0003497073
        0.0161422702	        0.1678078483	        0.9558985314	        0.9220716066	       -0.0000001710	        0.0002331078	        0.0000071722	        0.0000122567	        0.0000262426	        0.0022452483	        0.0043271634	        0.0000192478	        0.0002914743	        0.0003385421
        0.0188306506	        0.1949066401	        0.9502827430	        0.6593018622	       -0.0000001779	        0.0002075465	        0.0000115810	        0.0000192986	        0.0000394308	        0.0029283937	        0.0042491332	        0.0000307978	        0.0003746139	        0.0003319887
        0.0218567475	        0.2248676954	        0.9442492667	        0.4510334759	       -0.0000001855	        0.0001878586	        0.0000179561	        0.0000297887	        0.0000580538	        0.0037601578	        0.0042437676	        0.0000477213	        0.0004750256	        0.0003302555
        0.0252617393	        0.2577776335	        0.9377776817	        0.2926278377	       -0.0000001941	        0.0001735994	        0.0000267508	        0.0000449676	        0.0000833922	        0.0047519231	        0.0043206709	        0.0000717361	        0.0005942513	        0.0003335268
        0.0290914903	        0.2936606378	        0.9308623515	        0.1767973666	       -0.0000002039	        0.0001642739	        0.0000383539	        0.0000662087	        0.0001163164	        0.0059067132	        0.0044840436	        0.0001047778	        0.0007329390	        0.0003413334
        0.0333969940	        0.3324791485	        0.9235170030	        0.0939136671	       -0.0000002145	        0.0001593987	        0.0000530768	        0.0000950309	        0.0001571186	        0.0072166123	        0.0047302826	        0.0001489270	        0.0008904106	        0.0003526780
        0.0382348325	        0.3738013282	        0.9157780802	        0.0358220894	       -0.0000002260	        0.0001585438	        0.0000776561	        0.0001333888	        0.0002057162	        0.0086519561	        0.0050468661	        0.0002059019	        0.0010643079	        0.0003662217
        0.0436676462	        0.4167247106	        0.9077111272	       -0.0050936565	       -0.0000002393	        0.0001614128	        0.0001144691	        0.0001843881	        0.0002621454	        0.0101381628	        0.0053861372	        0.0002764291	        0.0012503445	        0.0003803440
        0.0497646022	        0.4604247857	        0.8994205436	       -0.0350330381	       -0.0000002549	        0.0001679434	        0.0001616170	        0.0002532215	        0.0003268126	        0.0115799958	        0.0056845524	        0.0003606221	        0.0014422009	        0.0003932566
        0.0566018496	        0.5042599660	        0.8910523139	       -0.0583260152	       -0.0000002724	        0.0001782809	        0.0002205525	        0.0003471965	        0.0003994345	        0.0128916330	        0.0058914979	        0.0004581493	        0.0016319130	        0.0004032281
        0.0642629411	        0.5476602211	        0.8827743384	       -0.0776740970	       -0.0000002908	        0.0001927567	        0.0002928844	        0.0004745966	        0.0004777866	        0.0140037210	        0.0059747679	        0.0005680037	        0.0018112824	        0.0004089624
        0.0728392004	        0.5901554304	        0.8747378070	       -0.0943449614	       -0.0000003108	        0.0002118413	        0.0003803282	        0.0006433053	        0.0005581062	        0.0148715173	        0.0059234241	        0.0006885783	        0.0019739942	        0.0004099731
        0.0824300053	        0.6313877962	        0.8670432359	       -0.1085923069	       -0.0000003313	        0.0002360190	        0.0004846283	        0.0008597980	        0.0006367299	        0.0154765463	        0.0057455208	        0.0008177894	        0.0021171366	        0.0004066679
        0.0931429507	        0.6711103872	        0.8597292914	       -0.1202819855	       -0.0000003544	        0.0002657757	        0.0006074633	        0.0011286393	        0.0007114341	        0.0158230691	        0.0054623997	        0.0009532134	        0.0022412406	        0.0004000758
        0.1050938490	        0.7091754976	        0.8527823437	       -0.1295829166	       -0.0000003869	        0.0003013717	        0.0007503364	        0.0014522336	        0.0007816879	        0.0159317537	        0.0051019680	        0.0010922133	        0.0023491998	        0.0003914364
        0.1184065179	        0.7455171077	        0.8461536860	       -0.1366891607	       -0.0000004223	        0.0003429757	        0.0009144592	        0.0018305741	        0.0008481604	        0.0158328289	        0.0046929130	        0.0012320423	        0.0024449764	        0.0003818838
        0.1332122955	        0.7801312644	        0.8397750493	       -0.1412806903	       -0.0000004630	        0.0003902700	        0.0011006354	        0.0022609046	        0.0009120259	        0.0155602310	        0.0042608067	        0.0013699243	        0.0025326598	        0.0003722999
        0.1496492201	        0.8130571280	        0.8335696663	       -0.1426053789	       -0.0000005122	        0.0004428173	        0.0013091546	        0.0027373541	        0.0009743607	        0.0151473925	        0.0038261593	        0.0015031192	        0.0026159807	        0.0003632954
        0.1678608015	        0.8443602504	        0.8274592172	       -0.1406097324	       -0.0000005885	        0.0004997113	        0.0015397094	        0.0032506620	        0.0010358377	        0.0146246874	        0.0034039771	        0.0016289814	        0.0026981626	        0.0003552553
        0.1879943127	        0.8741186671	        0.8213666110	       -0.1344388265	       -0.0000007093	        0.0005597479	        0.0017913517	        0.0037881229	        0.0010965193	        0.0140182234	        0.0030042459	        0.0017450211	        0.0027819588	        0.0003484016
        0.2101985296	        0.9024117224	        0.8152183860	       -0.1242841863	       -0.0000008551	        0.0006216366	        0.0020625105	        0.0043338582	        0.0011557773	        0.0133495849	        0.0026328462	        0.0018489757	        0.0028697776	        0.0003428535
        0.2346208557	        0.9293111797	        0.8089449403	       -0.1119833237	       -0.0000009774	        0.0006839553	        0.0023510964	        0.0048694778	        0.0012127099	        0.0126361722	        0.0022925693	        0.0019388967	        0.0029638538	        0.0003386783
        0.2614037844	        0.9548740462	        0.8024775962	       -0.1012580764	       -0.0000010827	        0.0007452998	        0.0026547219	        0.0053751699	        0.0012670025	        0.0118918794	        0.0019840498	        0.0020132534	        0.0030664067	        0.0003359285
        0.2906806794	        0.9791365926	        0.7957408677	       -0.0934027647	       -0.0000011756	        0.0008042928	        0.0029710680	        0.0058312195	        0.0013192264	        0.0111279440	        0.0017065402	        0.0020710543	        0.0031796972	        0.0003346532
        0.3225708876	        1.0021092374	        0.7886478040	       -0.0849387802	       -0.0000012310	        0.0008597499	        0.0032984177	        0.0062198782	        0.0013694895	        0.0103538774	        0.0014585123	        0.0021119812	        0.0033059302	        0.0003348868
        0.3571742551	        1.0237723132	        0.7811068315	       -0.0759530565	       -0.0000012687	        0.0009110949	        0.0036363575	        0.0065273394	        0.0014170511	        0.0095784192	        0.0012381039	        0.0021365209	        0.0034471300	        0.0003366387
        0.3945651751	        1.0440732534	        0.7730225510	       -0.0620231564	       -0.0000012550	        0.0009579544	        0.0039865970	        0.0067455478	        0.0014596751	        0.0088104672	        0.0010434314	        0.0021460736	        0.0036050272	        0.0003398917
        0.4347863703	        1.0629264576	        0.7643140800	       -0.0449625891	       -0.0000012358	        0.0009998394	        0.0043537669	        0.0068735109	        0.0014939909	        0.0080598923	        0.0008727856	        0.0021429933	        0.0037811231	        0.0003446290
        0.4778426900	        1.0802178635	        0.7549206281	       -0.0362575537	       -0.0000012975	        0.0010365716	        0.0047458969	        0.0069178221	        0.0015207045	        0.0073380757	        0.0007247178	        0.0021305040	        0.0039770962	        0.0003509045
        0.5236952751	        1.0958165954	        0.7447651863	       -0.0328042277	       -0.0000015305	        0.0010684160	        0.0051740685	        0.0068923692	        0.0015436206	        0.0066579313	        0.0005980146	        0.0021124282	        0.0041946962	        0.0003588488
        0.5722565058	        1.1095950282	        0.7337671751	       -0.0279874100	       -0.0000018465	        0.0010962819	        0.0056505330	        0.0068168886	        0.0015638240	        0.0060331719	        0.0004915706	        0.0020926999	        0.0044349476	        0.0003686140
        0.6233861842	        1.1214552756	        0.7218828615	       -0.0267408592	       -0.0000022018	        0.0011212735	        0.0061846078	        0.0067139269	        0.0015823634	        0.0054767746	        0.0004041997	        0.0020747255	        0.0046979672	        0.0003803951
        0.6768894010	        1.1313549909	        0.7090894219	       -0.0334836889	       -0.0000024238	        0.0011450567	        0.0067762374	        0.0066047175	        0.0016042731	        0.0049990131	        0.0003344647	        0.0020607815	        0.0049831454	        0.0003944779
        0.7325164896	        1.1393218008	        0.6953529263	       -0.0437189619	       -0.0000023436	        0.0011695795	        0.0074084646	        0.0065051909	        0.0016348251	        0.0046058406	        0.0002806195	        0.0020517028	        0.0052882011	        0.0004111661
        0.7899653716	        1.1454481355	        0.6806448030	       -0.0486839087	       -0.0000021525	        0.0011964353	        0.0080418868	        0.0064234207	        0.0016736330	        0.0042984296	        0.0002407104	        0.0020470120	        0.0056076659	        0.0004306537
        0.8488864424	        1.1498668939	        0.6650002847	       -0.0522249588	       -0.0000017777	        0.0012269267	        0.0086152938	        0.0063595619	        0.0017178398	        0.0040741302	        0.0002127984	        0.0020454128	        0.0059333873	        0.0004530496
        0.9088899606	        1.1527171135	        0.6484843299	       -0.0537313899	       -0.0000012769	        0.0012634718	        0.0090555471	        0.0063085022	        0.0017654372	        0.0039283876	        0.0001952089	        0.0020453954	        0.0062563915	        0.0004784686
        0.9695556872	        1.1541111707	        0.6311906253	       -0.0490269094	       -0.0000009195	        0.0013085072	        0.0092957791	        0.0062641219	        0.0018128626	        0.0038568200	        0.0001867297	        0.0020457245	        0.0065683839	        0.0005070656
        1.0304443128	        1.1541111707	        0.6132630588	       -0.0459383272	       -0.0000008199	        0.0013639450	        0.0092957791	        0.0062102736	        0.0018554960	        0.0038568200	        0.0001867297	        0.0020457245	        0.0068644291	        0.0005391493
        1.0911100394	        1.1527171135	        0.5948284706	       -0.0581364194	       -0.0000007335	        0.0014306622	        0.0090555471	        0.0061483073	        0.0019007112	        0.0039283876	        0.0001952089	        0.0020453954	        0.0071450763	        0.0005752781
        1.1511135576	        1.1498668939	        0.5759143688	       -0.0720779306	       -0.0000004167	        0.0015073063	        0.0086152938	        0.0060963382	        0.0019581193	        0.0040741302	        0.0002127984	        0.0020454128	        0.0074115305	        0.0006158390
        1.2100346284	        1.1454481355	        0.5565867830	       -0.0847351431	       -0.0000000178	        0.0015914766	        0.0080418868	        0.0060618693	        0.0020267744	        0.0042984296	        0.0002407104	        0.0020470120	        0.0076608832	        0.0006606090
        1.2674835104	        1.1393218008	        0.5369649058	       -0.1046017818	        0.0000003777	        0.0016785447	        0.0074084646	        0.0060509415	        0.0021087349	        0.0046058406	        0.0002806195	        0.0020517028	        0.0078873929	        0.0007087891
        1.3231105990	        1.1313549909	        0.5171421521	       -0.1126162435	        0.0000005146	        0.0017644540	        0.0067762374	        0.0060642016	        0.0022013119	        0.0049990131	        0.0003344647	        0.0020607815	        0.0080815319	        0.0007588817
        1.3766138158	        1.1214552756	        0.4973170158	       -0.0996142430	        0.0000005070	        0.0018445266	        0.0061846078	        0.0060947121	        0.0022899653	        0.0054767746	        0.0004041997	        0.0020747255	        0.0082318173	        0.0008088490
        1.4277434942	        1.1095950282	        0.4778005825	       -0.0943779076	        0.0000005382	        0.0019138534	        0.0056505330	        0.0061283387	        0.0023682063	        0.0060331719	        0.0004915706	        0.0020926999	        0.0083328761	        0.0008569690
        1.4763047249	        1.0958165954	        0.4587713779	       -0.0939173127	        0.0000006972	        0.0019684069	        0.0051740685	        0.0061463223	        0.0024401644	        0.0066579313	        0.0005980146	        0.0021124282	        0.0083859377	        0.0009021298
        1.5221573100	        1.0802178635	        0.4403021616	       -0.0747362963	        0.0000006210	        0.0020079178	        0.0047458969	        0.0061290088	        0.0025005142	        0.0073380757	        0.0007247178	        0.0021305040	        0.0083925078	        0.0009433500
        1.5652136297	        1.0629264576	        0.4224898294	       -0.0358928516	        0.0000003677	        0.0020316420	        0.0043537669	        0.0060593204	        0.0025365307	        0.0080598923	        0.0008727856	        0.0021429933	        0.0083541067	        0.0009798069
        1.6054348249	        1.0440732534	        0.4054386120	        0.0112143683	        0.0000000804	        0.0020385372	        0.0039865970	        0.0059250951	        0.0025412240	        0.0088104672	        0.0010434314	        0.0021460736	        0.0082753694	        0.0010112607
        1.6428257449	        1.0237723132	        0.3892062139	        0.0548185007	       -0.0000001310	        0.0020275939	        0.0036363575	        0.0057202542	        0.0025163298	        0.0095784192	        0.0012381039	        0.0021365209	        0.0081641566	        0.0010381486
        1.6774291124	        1.0021092374	        0.3737772219	        0.0936434979	       -0.0000003214	        0.0019985005	        0.0032984177	        0.0054450189	        0.0024676587	        0.0103538774	        0.0014585123	        0.0021119812	        0.0080290595	        0.0010612900
        1.7093193206	        0.9791365926	        0.3590849625	        0.1306471633	       -0.0000005566	        0.0019516707	        0.0029710680	        0.0051053713	        0.0024000957	        0.0111279440	        0.0017065402	        0.0020710543	        0.0078770397	        0.0010815245
        1.7385962156	        0.9548740462	        0.3450391948	        0.1702904818	       -0.0000007587	        0.0018875169	        0.0026547219	        0.0047119442	        0.0023163086	        0.0118918794	        0.0019840498	        0.0020132534	        0.0077125799	        0.0010995142
        1.7653791443	        0.9293111797	        0.3315478175	        0.2107214098	       -0.0000007223	        0.0018076762	        0.0023510964	        0.0042785677	        0.0022181577	        0.0126361722	        0.0022925693	        0.0019388967	        0.0075379569	        0.0011157124
        1.7898014704	        0.9024117224	        0.3185166106	        0.2508455786	       -0.0000005712	        0.0017138319	        0.0020625105	        0.0038207255	        0.0021079211	        0.0133495849	        0.0026328462	        0.0018489757	        0.0073537438	        0.0011303854
        1.8120056873	        0.8741186671	        0.3058504246	        0.2883519465	       -0.0000003809	        0.0016088984	        0.0017913517	        0.0033541215	        0.0019880627	        0.0140182234	        0.0030042459	        0.0017450211	        0.0071590854	        0.0011436090
        1.8321391985	        0.8443602504	        0.2934514795	        0.3253735933	       -0.0000001760	        0.0014961742	        0.0015397094	        0.0028934842	        0.0018605322	        0.0146246874	        0.0034039771	        0.0016289814	        0.0069518084	        0.0011552383
        1.8503507799	        0.8130571280	        0.2812260772	        0.3629222701	       -0.0000000330	        0.0013801087	        0.0013091546	        0.0024516775	        0.0017263114	        0.0151473925	        0.0038261593	        0.0015031192	        0.0067285511	        0.0011648826
        1.8667877045	        0.7801312644	        0.2690884799	        0.3972056720	        0.0000000737	        0.0012649297	        0.0011006354	        0.0020391488	        0.0015863194	        0.0155602310	        0.0042608067	        0.0013699243	        0.0064850689	        0.0011719181
        1.8815934821	        0.7455171077	        0.2569579543	        0.4220350137	        0.0000001462	        0.0011544919	        0.0009144592	        0.0016637122	        0.0014420431	        0.0158328289	        0.0046929130	        0.0012320423	        0.0062165721	        0.0011755084
        1.8949061510	        0.7091754976	        0.2447554415	        0.4314024535	        0.0000001900	        0.0010520163	        0.0007503364	        0.0013306080	        0.0012953534	        0.0159317537	        0.0051019680	        0.0010922133	        0.0059180459	        0.0011746063
        1.9068570493	        0.6711103872	        0.2324051884	        0.4217911356	        0.0000002093	        0.0009593959	        0.0006074633	        0.0010427208	        0.0011480780	        0.0158230691	        0.0054623997	        0.0009532134	        0.0055847415	        0.0011679685
        1.9175699947	        0.6313877962	        0.2198456272	        0.3914517050	        0.0000002027	        0.0008795313	        0.0004846283	        0.0008008274	        0.0010019808	        0.0154765463	        0.0057455208	        0.0008177894	        0.0052131592	        0.0011542689
        1.9271607996	        0.5901554304	        0.2070480962	        0.3388982754	        0.0000001822	        0.0008132437	        0.0003803282	        0.0006037589	        0.0008593463	        0.0148715173	        0.0059234241	        0.0006885783	        0.0048027196	        0.0011324106
        1.9357370589	        0.5476602211	        0.1940370436	        0.2622080100	        0.0000001533	        0.0007609872	        0.0002928844	        0.0004484432	        0.0007235784	        0.0140037210	        0.0059747679	        0.0005680037	        0.0043577723	        0.0011020370
        1.9433981504	        0.5042599660	        0.1808998364	        0.1590090884	        0.0000001274	        0.0007237294	        0.0002205525	        0.0003299371	        0.0005988915	        0.0128916330	        0.0058914979	        0.0004581493	        0.0038887794	        0.0010640339
        1.9502353978	        0.4604247857	        0.1677729783	        0.0267882486	        0.0000001021	        0.0007009123	        0.0001616170	        0.0002417382	        0.0004887167	        0.0115799958	        0.0056845524	        0.0003606221	        0.0034112378	        0.0010206406
        1.9563323538	        0.4167247106	        0.1548048098	       -0.1367044758	        0.0000000760	        0.0006923849	        0.0001144691	        0.0001766635	        0.0003939371	        0.0101381628	        0.0053861372	        0.0002764291	        0.0029422470	        0.0009749860
        1.9617651675	        0.3738013282	        0.1421169974	       -0.3329632543	        0.0000000516	        0.0006977002	        0.0000776561	        0.0001281785	        0.0003128366	        0.0086519561	        0.0050468661	        0.0002059019	        0.0024967548	        0.0009303807
        1.9666030060	        0.3324791485	        0.1297914740	       -0.5623261226	        0.0000000299	        0.0007158308	        0.0000530768	        0.0000915633	        0.0002432044	        0.0072166123	        0.0047302826	        0.0001489270	        0.0020857043	        0.0008898735
        1.9709085097	        0.2936606378	        0.1178837349	       -0.8235828407	        0.0000000111	        0.0007455580	        0.0000383539	        0.0000639683	        0.0001840220	        0.0059067132	        0.0044840436	        0.0001047778	        0.0017160846	        0.0008561503
        1.9747382607	        0.2577776335	        0.1064397371	       -1.1139621460	       -0.0000000043	        0.0007856671	        0.0000267508	        0.0000435797	        0.0001351225	        0.0047519231	        0.0043206709	        0.0000717361	        0.0013914921	        0.0008315189
        1.9781432525	        0.2248676954	        0.0955017758	       -1.4298775471	       -0.0000000153	        0.0008351617	        0.0000179561	        0.0000289700	        0.0000963187	        0.0037601578	        0.0042437676	        0.0000477213	        0.0011125746	        0.0008178399
        1.9811693494	        0.1949066401	        0.0851059270	       -1.7661841898	       -0.0000000234	        0.0008921460	        0.0000115810	        0.0000188398	        0.0000668259	        0.0029283937	        0.0042491332	        0.0000307978	        0.0008775206	        0.0008160099
        1.9838577298	        0.1678078483	        0.0752782675	       -2.1169544343	       -0.0000000309	        0.0009540880	        0.0000071722	        0.0000120125	        0.0000452397	        0.0022452483	        0.0043271634	        0.0000192478	        0.0006827369	        0.0008255485
        1.9862453073	        0.1434299499	        0.0660334817	       -2.4767946630	       -0.0000000373	        0.0010195393	        0.0000042630	        0.0000075086	        0.0000298914	        0.0016942377	        0.0044654091	        0.0000116219	        0.0005236143	        0.0008460432
        1.9883651267	        0.1215915230	        0.0573758965	       -2.8408326492	       -0.0000000406	        0.0010876424	        0.0000024288	        0.0000045880	        0.0000192292	        0.0012568082	        0.0046506894	        0.0000067573	        0.0003952244	        0.0008778203
        1.9902467340	        0.1020882757	        0.0493015772	       -3.2032606693	       -0.0000000407	        0.0011570637	        0.0000013226	        0.0000027270	        0.0000119880	        0.0009145715	        0.0048705010	        0.0000037655	        0.0002928135	        0.0009216930
        1.9919165179	        0.0847083992	        0.0418003879	       -3.5581017379	       -0.0000000395	        0.0012262246	        0.0000006847	        0.0000015661	        0.0000071952	        0.0006506300	        0.0051137671	        0.0000019975	        0.0002120723	        0.0009788097
        1.9933980257	        0.0692439015	        0.0348574535	       -3.9005916244	       -0.0000000379	        0.0012938481	        0.0000003341	        0.0000008610	        0.0000041200	        0.0004501740	        0.0053711114	        0.0000009988	        0.0001492419	        0.0010507273
        1.9947122508	        0.0554977220	        0.0284540841	       -4.2272316392	       -0.0000000367	        0.0013589818	        0.0000001515	        0.0000004473	        0.0000022217	        0.0003006089	        0.0056348526	        0.0000004640	        0.0001011220	        0.0011396412
        1.9958778967	        0.0432874666	        0.0225684607	       -4.5356343270	       -0.0000000361	        0.0014209529	        0.0000000625	        0.0000002152	        0.0000011064	        0.0001914337	        0.0058988629	        0.0000001958	        0.0000650312	        0.0012487962
        1.9969116151	        0.0324468322	        0.0171762481	       -4.8243460366	       -0.0000000362	        0.0014793208	        0.0000000226	        0.0000000929	        0.0000004926	        0.0001140089	        0.0061583755	        0.0000000723	        0.0000387470	        0.0013832424
        1.9978282231	        0.0228256218	        0.0122511960	       -5.0926702718	       -0.0000000370	        0.0015338321	        0.0000000067	        0.0000000339	        0.0000001849	        0.0000612969	        0.0064097866	        0.0000000219	        0.0000204433	        0.0015513954
        1.9986408981	        0.0142889910	        0.0077657308	       -5.3405048285	       -0.0000000382	        0.0015843807	        0.0000000014	        0.0000000092	        0.0000000515	        0.0000276111	        0.0066504682	        0.0000000048	        0.0000086335	        0.0017688203
        1.9993613540	        0.0067163277	        0.0036915213	       -5.5681988389	       -0.0000000399	        0.0016309729	        0.0000000002	        0.0000000013	        0.0000000073	        0.0000083898	        0.0068786014	        0.0000000005	        0.0000021255	        0.0020699849
        2.0000000000	        0.0000000000	        0.0000000000	       -5.7764316435	       -0.0000000419	        0.0016736979	        0.0000000000	        0.0000000000	        0.0000000000	        0.0000000000	        0.0070930286	        0.0000000000	        0.0000000000	        0.0025670975
