        0.0000000000	        0.0000000000	        1.0000000000	        6.9495858012	       30.1630057611	        0.0010992882	        0.0000000000	        0.0000000000	        0.0000000000	        0.0000000000	        0.0070930286	        0.0000000000	        0.0000000000	        0.0000065469
        0.0006386460	        0.0067163277	        0.9985688885	        6.4501859320	       30.1484984921	        0.0010319476	        0.0000000002	        0.0000000013	        0.0000000027	        0.0000083898	        0.0068786014	        0.0000000005	        0.0000000054	        0.0000053546
        0.0013591019	        0.0142889910	        0.9970593760	        5.9229948323	       30.1325126020	        0.0009611015	        0.0000000014	        0.0000000090	        0.0000000183	        0.0000276111	        0.0066504682	        0.0000000048	        0.0000000222	        0.0000046893
        0.0021717769	        0.0228256218	        0.9954793028	        5.3724063584	       30.1149307036	        0.0008874070	        0.0000000067	        0.0000000328	        0.0000000612	        0.0000612969	        0.0064097866	        0.0000000219	        0.0000000529	        0.0000042617
        0.0030883849	        0.0324468322	        0.9938387910	        4.8046803171	       30.0956256332	        0.0008117762	        0.0000000226	        0.0000000879	        0.0000001503	        0.0001140089	        0.0061583755	        0.0000000723	        0.0000001010	        0.0000039798
        0.0041221033	        0.0432874666	        0.9921499429	        4.2281582222	       30.0744543417	        0.0007353980	        0.0000000625	        0.0000001978	        0.0000003077	        0.0001914337	        0.0058988629	        0.0000001958	        0.0000001709	        0.0000037987
        0.0052877492	        0.0554977220	        0.9904262395	        3.6533379346	       30.0512469820	        0.0006597360	        0.0000001515	        0.0000003973	        0.0000005569	        0.0003006089	        0.0056348526	        0.0000004640	        0.0000002679	        0.0000036907
        0.0066019743	        0.0692439015	        0.9886816158	        3.0926746499	       30.0257883466	        0.0005864799	        0.0000003341	        0.0000007358	        0.0000009225	        0.0004501740	        0.0053711114	        0.0000009988	        0.0000003983	        0.0000036364
        0.0080834821	        0.0847083992	        0.9869292550	        2.5598993021	       29.9977873673	        0.0005174197	        0.0000006847	        0.0000012835	        0.0000014295	        0.0006506300	        0.0051137671	        0.0000019975	        0.0000005693	        0.0000036217
        0.0097532660	        0.1020882757	        0.9851802363	        2.0685318245	       29.9668282869	        0.0004541904	        0.0000013226	        0.0000021394	        0.0000021055	        0.0009145715	        0.0048705010	        0.0000037655	        0.0000007895	        0.0000036369
        0.0116348733	        0.1215915230	        0.9834422408	        1.6290993251	       29.9322940559	        0.0003978132	        0.0000024288	        0.0000034420	        0.0000029848	        0.0012568082	        0.0046506894	        0.0000067573	        0.0000010691	        0.0000036769
        0.0137546927	        0.1434299499	        0.9817184272	        1.2458327624	       29.8933336822	        0.0003482258	        0.0000042630	        0.0000053860	        0.0000041153	        0.0016942377	        0.0044654091	        0.0000116219	        0.0000014201	        0.0000037412
        0.0161422702	        0.1678078483	        0.9800062091	        0.9228799604	       29.8494848101	        0.0003059029	        0.0000071722	        0.0000082408	        0.0000055676	        0.0022452483	        0.0043271634	        0.0000192478	        0.0000018574	        0.0000038347
        0.0188306506	        0.1949066401	        0.9782969054	        0.6587126465	       29.8007387718	        0.0002712208	        0.0000115810	        0.0000123673	        0.0000074414	        0.0029283937	        0.0042491332	        0.0000307978	        0.0000023993	        0.0000039689
        0.0218567475	        0.2248676954	        0.9765756191	        0.4491873779	       29.7468730468	        0.0002440533	        0.0000179561	        0.0000182140	        0.0000098648	        0.0037601578	        0.0042437676	        0.0000477213	        0.0000030682	        0.0000041634
        0.0252617393	        0.2577776335	        0.9748216173	        0.2896393152	       29.6871583847	        0.0002237248	        0.0000267508	        0.0000262790	        0.0000129812	        0.0047519231	        0.0043206709	        0.0000717361	        0.0000038918	        0.0000044436
        0.0290914903	        0.2936606378	        0.9730097912	        0.1727776605	       29.6209490779	        0.0002094490	        0.0000383539	        0.0000370629	        0.0000169357	        0.0059067132	        0.0044840436	        0.0001047778	        0.0000049039	        0.0000048335
        0.0333969940	        0.3324791485	        0.9711124344	        0.0889887993	       29.5477214246	        0.0002004113	        0.0000530768	        0.0000510785	        0.0000218862	        0.0072166123	        0.0047302826	        0.0001489270	        0.0000061462	        0.0000053573
        0.0382348325	        0.3738013282	        0.9691005361	        0.0300807209	       29.4668096613	        0.0001958705	        0.0000776561	        0.0000690005	        0.0000280512	        0.0086519561	        0.0050468661	        0.0002059019	        0.0000076712	        0.0000060432
        0.0436676462	        0.4167247106	        0.9669459664	       -0.0115861227	       29.3772947395	        0.0001951844	        0.0001144691	        0.0000919970	        0.0000357928	        0.0101381628	        0.0053861372	        0.0002764291	        0.0000095449	        0.0000069215
        0.0497646022	        0.4604247857	        0.9646241207	       -0.0422154113	       29.2789850453	        0.0001979709	        0.0001616170	        0.0001221076	        0.0000456890	        0.0115799958	        0.0056845524	        0.0003606221	        0.0000118454	        0.0000080218
        0.0566018496	        0.5042599660	        0.9621163183	       -0.0661450429	       29.1710555716	        0.0002041300	        0.0002205525	        0.0001621416	        0.0000584275	        0.0128916330	        0.0058914979	        0.0004581493	        0.0000146538	        0.0000093643
        0.0642629411	        0.5476602211	        0.9594101648	       -0.0860920568	       29.0510736797	        0.0002137635	        0.0002928844	        0.0002150890	        0.0000745859	        0.0140037210	        0.0059747679	        0.0005680037	        0.0000180402	        0.0000109501
        0.0728392004	        0.5901554304	        0.9564967497	       -0.1034170397	       28.9191895575	        0.0002271498	        0.0003803282	        0.0002835453	        0.0000945156	        0.0148715173	        0.0059234241	        0.0006885783	        0.0000220553	        0.0000127590
        0.0824300053	        0.6313877962	        0.9533659443	       -0.1185366680	       28.7740416729	        0.0002446735	        0.0004846283	        0.0003693920	        0.0001183760	        0.0154765463	        0.0057455208	        0.0008177894	        0.0000267370	        0.0000147584
        0.0931429507	        0.6711103872	        0.9500021106	       -0.1312836283	       28.6144829494	        0.0002667108	        0.0006074633	        0.0004737214	        0.0001462399	        0.0158230691	        0.0054623997	        0.0009532134	        0.0000321244	        0.0000169162
        0.1050938490	        0.7091754976	        0.9463818517	       -0.1412660546	       28.4371399264	        0.0002935079	        0.0007503364	        0.0005968515	        0.0001781566	        0.0159317537	        0.0051019680	        0.0010922133	        0.0000382689	        0.0000192090
        0.1184065179	        0.7455171077	        0.9424737938	       -0.1481505858	       28.2426830536	        0.0003252483	        0.0009144592	        0.0007383085	        0.0002141396	        0.0158328289	        0.0046929130	        0.0012320423	        0.0000452340	        0.0000216214
        0.1332122955	        0.7801312644	        0.9382393943	       -0.1517082085	       28.0284940882	        0.0003617626	        0.0011006354	        0.0008967494	        0.0002541066	        0.0155602310	        0.0042608067	        0.0013699243	        0.0000530881	        0.0000241401
        0.1496492201	        0.8130571280	        0.9336340564	       -0.1518722360	       27.7925897278	        0.0004028212	        0.0013091546	        0.0010698535	        0.0002978087	        0.0151473925	        0.0038261593	        0.0015031192	        0.0000618935	        0.0000267489
        0.1678608015	        0.8443602504	        0.9286080253	       -0.1486558984	       27.5341611459	        0.0004478534	        0.0015397094	        0.0012542336	        0.0003447693	        0.0146246874	        0.0034039771	        0.0016289814	        0.0000716974	        0.0000294239
        0.1879943127	        0.8741186671	        0.9231071959	       -0.1424280223	       27.2508513407	        0.0004960495	        0.0017913517	        0.0014454139	        0.0003942714	        0.0140182234	        0.0030042459	        0.0017450211	        0.0000825299	        0.0000321347
        0.2101985296	        0.9024117224	        0.9170729136	       -0.1339224538	       26.9410764428	        0.0005465090	        0.0020625105	        0.0016379147	        0.0004454280	        0.0133495849	        0.0026328462	        0.0018489757	        0.0000944119	        0.0000348490
        0.2346208557	        0.9293111797	        0.9104404016	       -0.1236632945	       26.6038045457	        0.0005982477	        0.0023510964	        0.0018254821	        0.0004972367	        0.0126361722	        0.0022925693	        0.0019388967	        0.0001073644	        0.0000375368
        0.2614037844	        0.9548740462	        0.9031378997	       -0.1123544433	       26.2363599057	        0.0006502058	        0.0026547219	        0.0020014713	        0.0005486384	        0.0118918794	        0.0019840498	        0.0020132534	        0.0001214176	        0.0000401728
        0.2906806794	        0.9791365926	        0.8950850602	       -0.1005898197	       25.8383624894	        0.0007014167	        0.0029710680	        0.0021593706	        0.0005986038	        0.0111279440	        0.0017065402	        0.0020710543	        0.0001366181	        0.0000427369
        0.3225708876	        1.0021092374	        0.8861918683	       -0.0887076595	       25.4071686017	        0.0007509641	        0.0032984177	        0.0022934284	        0.0006461504	        0.0103538774	        0.0014585123	        0.0021119812	        0.0001530260	        0.0000452109
        0.3571742551	        1.0237723132	        0.8763594590	       -0.0771268724	       24.9433344209	        0.0007979368	        0.0036363575	        0.0023993133	        0.0006903899	        0.0095784192	        0.0012381039	        0.0021365209	        0.0001707056	        0.0000475736
        0.3945651751	        1.0440732534	        0.8654816231	       -0.0662424814	       24.4449556290	        0.0008417824	        0.0039865970	        0.0024747254	        0.0007306257	        0.0088104672	        0.0010434314	        0.0021460736	        0.0001897115	        0.0000497968
        0.4347863703	        1.0629264576	        0.8534481028	       -0.0557729102	       23.9129297516	        0.0008819342	        0.0043537669	        0.0025198866	        0.0007662554	        0.0080598923	        0.0008727856	        0.0021429933	        0.0002100434	        0.0000518350
        0.4778426900	        1.0802178635	        0.8401567095	       -0.0462534565	       23.3462149302	        0.0009179344	        0.0047458969	        0.0025377692	        0.0007968966	        0.0073380757	        0.0007247178	        0.0021305040	        0.0002316331	        0.0000536292
        0.5236952751	        1.0958165954	        0.8255228832	       -0.0381483009	       22.7446129743	        0.0009497813	        0.0051740685	        0.0025339669	        0.0008226846	        0.0066579313	        0.0005980146	        0.0021124282	        0.0002543900	        0.0000551318
        0.5722565058	        1.1095950282	        0.8094918027	       -0.0320327561	       22.1102982080	        0.0009777782	        0.0056505330	        0.0025161224	        0.0008444055	        0.0060331719	        0.0004915706	        0.0020926999	        0.0002782576	        0.0000563307
        0.6233861842	        1.1214552756	        0.7920481010	       -0.0277897191	       21.4454032100	        0.0010027738	        0.0061846078	        0.0024928818	        0.0008633438	        0.0054767746	        0.0004041997	        0.0020747255	        0.0003032405	        0.0000572641
        0.6768894010	        1.1313549909	        0.7732292741	       -0.0253700877	       20.7519871997	        0.0010258982	        0.0067762374	        0.0024724573	        0.0008810101	        0.0049990131	        0.0003344647	        0.0020607815	        0.0003294597	        0.0000580354
        0.7325164896	        1.1393218008	        0.7531288735	       -0.0253253990	       20.0325668278	        0.0010488013	        0.0074084646	        0.0024611312	        0.0008992262	        0.0046058406	        0.0002806195	        0.0020517028	        0.0003573957	        0.0000588547
        0.7899653716	        1.1454481355	        0.7318747464	       -0.0285266187	       19.2922110404	        0.0010738862	        0.0080418868	        0.0024622480	        0.0009203225	        0.0042984296	        0.0002407104	        0.0020470120	        0.0003882144	        0.0000600734
        0.8488864424	        1.1498668939	        0.7095866248	       -0.0349002835	       18.5354979544	        0.0011042837	        0.0086152938	        0.0024761573	        0.0009468299	        0.0040741302	        0.0002127984	        0.0020454128	        0.0004237832	        0.0000621539
        0.9088899606	        1.1527171135	        0.6863486218	       -0.0433231251	       17.7696500808	        0.0011426086	        0.0090555471	        0.0025011359	        0.0009806982	        0.0039283876	        0.0001952089	        0.0020453954	        0.0004662230	        0.0000655852
        0.9695556872	        1.1541111707	        0.6622155895	       -0.0517774031	       16.9993944997	        0.0011899993	        0.0092957791	        0.0025348876	        0.0010229746	        0.0038568200	        0.0001867297	        0.0020457245	        0.0005173539	        0.0000708223
        1.0304443128	        1.1541111707	        0.6372344898	       -0.0599023572	       16.2334396917	        0.0012456335	        0.0092957791	        0.0025706625	        0.0010720607	        0.0038568200	        0.0001867297	        0.0020457245	        0.0005781521	        0.0000782383
        1.0911100394	        1.1527171135	        0.6114610773	       -0.0688459925	       15.4767075551	        0.0013091928	        0.0090555471	        0.0026081586	        0.0011277578	        0.0039283876	        0.0001952089	        0.0020453954	        0.0006493111	        0.0000882414
        1.1511135576	        1.1498668939	        0.5849952765	       -0.0767843937	       14.7366656790	        0.0013803878	        0.0086152938	        0.0026539807	        0.0011910188	        0.0040741302	        0.0002127984	        0.0020454128	        0.0007307239	        0.0001011913
        1.2100346284	        1.1454481355	        0.5580307516	       -0.0828492907	       14.0179141167	        0.0014574704	        0.0080418868	        0.0027104796	        0.0012600088	        0.0042984296	        0.0002407104	        0.0020470120	        0.0008205895	        0.0001172162
        1.2674835104	        1.1393218008	        0.5308413367	       -0.0888935478	       13.3271927106	        0.0015390813	        0.0074084646	        0.0027794023	        0.0013336569	        0.0046058406	        0.0002806195	        0.0020517028	        0.0009166622	        0.0001363425
        1.3231105990	        1.1313549909	        0.5037205336	       -0.0939483741	       12.6673043125	        0.0016233678	        0.0067762374	        0.0028602010	        0.0014110336	        0.0049990131	        0.0003344647	        0.0020607815	        0.0010162820	        0.0001584335
        1.3766138158	        1.1214552756	        0.4769581927	       -0.0951014741	       12.0423067861	        0.0017066584	        0.0061846078	        0.0029488367	        0.0014894144	        0.0054767746	        0.0004041997	        0.0020747255	        0.0011156295	        0.0001830062
        1.4277434942	        1.1095950282	        0.4508345222	       -0.0909367297	       11.4523093449	        0.0017846254	        0.0056505330	        0.0030375187	        0.0015642643	        0.0060331719	        0.0004915706	        0.0020926999	        0.0012100752	        0.0002092499
        1.4763047249	        1.0958165954	        0.4255905499	       -0.0816732531	       10.8999149690	        0.0018535869	        0.0051740685	        0.0031156308	        0.0016307796	        0.0066579313	        0.0005980146	        0.0021124282	        0.0012953686	        0.0002362428
        1.5221573100	        1.0802178635	        0.4013967928	       -0.0662416201	       10.3846760904	        0.0019097328	        0.0047458969	        0.0031715496	        0.0016844821	        0.0073380757	        0.0007247178	        0.0021305040	        0.0013682237	        0.0002630982
        1.5652136297	        1.0629264576	        0.3783579722	       -0.0453521803	        9.9051085916	        0.0019498320	        0.0043537669	        0.0031946112	        0.0017216202	        0.0080598923	        0.0008727856	        0.0021429933	        0.0014264591	        0.0002890373
        1.6054348249	        1.0440732534	        0.3565145301	       -0.0185251167	        9.4603067977	        0.0019714589	        0.0039865970	        0.0031767206	        0.0017395587	        0.0088104672	        0.0010434314	        0.0021460736	        0.0014689265	        0.0003134157
        1.6428257449	        1.0237723132	        0.3358624726	        0.0133729330	        9.0480124814	        0.0019733191	        0.0036363575	        0.0031133148	        0.0017367429	        0.0095784192	        0.0012381039	        0.0021365209	        0.0014952630	        0.0003356977
        1.6774291124	        1.0021092374	        0.3163640967	        0.0487659098	        8.6664766246	        0.0019563232	        0.0032984177	        0.0030036830	        0.0017131059	        0.0103538774	        0.0014585123	        0.0021119812	        0.0015056898	        0.0003554341
        1.7093193206	        0.9791365926	        0.2979556469	        0.0889885764	        8.3136302674	        0.0019211315	        0.0029710680	        0.0028507710	        0.0016693175	        0.0111279440	        0.0017065402	        0.0020710543	        0.0015005692	        0.0003721629
        1.7385962156	        0.9548740462	        0.2805682742	        0.1355502298	        7.9871907588	        0.0018678428	        0.0026547219	        0.0026605469	        0.0016059585	        0.0118918794	        0.0019840498	        0.0020132534	        0.0014801855	        0.0003853545
        1.7653791443	        0.9293111797	        0.2641424658	        0.1864986961	        7.6859260476	        0.0017976201	        0.0023510964	        0.0024410931	        0.0015242043	        0.0126361722	        0.0022925693	        0.0019388967	        0.0014450496	        0.0003945129
        1.7898014704	        0.9024117224	        0.2486249073	        0.2389259911	        7.4071735243	        0.0017125944	        0.0020625105	        0.0022016459	        0.0014264689	        0.0133495849	        0.0026328462	        0.0018489757	        0.0013961945	        0.0003992976
        1.8120056873	        0.8741186671	        0.2339641230	        0.2898449753	        7.1499723186	        0.0016166950	        0.0017913517	        0.0019517058	        0.0013161280	        0.0140182234	        0.0030042459	        0.0017450211	        0.0013351656	        0.0003995669
        1.8321391985	        0.8443602504	        0.2201079976	        0.3364932930	        6.9116949510	        0.0015133568	        0.0015397094	        0.0017002880	        0.0011970456	        0.0146246874	        0.0034039771	        0.0016289814	        0.0012638600	        0.0003953697
        1.8503507799	        0.8130571280	        0.2070030684	        0.3759393429	        6.6913456560	        0.0014069195	        0.0013091546	        0.0014553630	        0.0010731937	        0.0151473925	        0.0038261593	        0.0015031192	        0.0011843480	        0.0003869201
        1.8667877045	        0.7801312644	        0.1945938102	        0.4051705635	        6.4879103773	        0.0013016837	        0.0011006354	        0.0012235149	        0.0009483883	        0.0155602310	        0.0042608067	        0.0013699243	        0.0010987244	        0.0003745689
        1.8815934821	        0.7455171077	        0.1828222290	        0.4214046966	        6.3004992801	        0.0012014035	        0.0009144592	        0.0010098058	        0.0008260572	        0.0158328289	        0.0046929130	        0.0012320423	        0.0010089902	        0.0003587715
        1.8949061510	        0.7091754976	        0.1716287002	        0.4223236997	        6.1276418759	        0.0011092734	        0.0007503364	        0.0008178070	        0.0007090687	        0.0159317537	        0.0051019680	        0.0010922133	        0.0009169837	        0.0003400606
        1.9068570493	        0.6711103872	        0.1609546985	        0.4060355157	        5.9675741949	        0.0010274315	        0.0006074633	        0.0006497299	        0.0005996892	        0.0158230691	        0.0054623997	        0.0009532134	        0.0008243867	        0.0003190391
        1.9175699947	        0.6313877962	        0.1507472565	        0.3711245676	        5.8210178529	        0.0009588335	        0.0004846283	        0.0005065808	        0.0004996748	        0.0154765463	        0.0057455208	        0.0008177894	        0.0007328019	        0.0002963988
        1.9271607996	        0.5901554304	        0.1409644745	        0.3158299420	        5.6865745088	        0.0009044398	        0.0003803282	        0.0003882614	        0.0004104466	        0.0148715173	        0.0059234241	        0.0006885783	        0.0006438577	        0.0002729503
        1.9357370589	        0.5476602211	        0.1315785891	        0.2375542497	        5.5628733041	        0.0008648995	        0.0002928844	        0.0002935716	        0.0003331663	        0.0140037210	        0.0059747679	        0.0005680037	        0.0005592299	        0.0002496159
        1.9433981504	        0.5042599660	        0.1225732059	        0.1350863466	        5.4507009587	        0.0008411033	        0.0002205525	        0.0002201627	        0.0002684409	        0.0128916330	        0.0058914979	        0.0004581493	        0.0004804791	        0.0002273272
        1.9502353978	        0.4604247857	        0.1139365042	        0.0038786247	        5.3477692311	        0.0008328584	        0.0001616170	        0.0001646234	        0.0002158668	        0.0115799958	        0.0056845524	        0.0003606221	        0.0004087515	        0.0002068446
        1.9563323538	        0.4167247106	        0.1056477573	       -0.1566089830	        5.2546839529	        0.0008399535	        0.0001144691	        0.0001229299	        0.0001737536	        0.0101381628	        0.0053861372	        0.0002764291	        0.0003445412	        0.0001885991
        1.9617651675	        0.3738013282	        0.0976740896	       -0.3498843871	        5.1700450700	        0.0008621914	        0.0000776561	        0.0000912599	        0.0001395632	        0.0086519561	        0.0050468661	        0.0002059019	        0.0002877268	        0.0001726811
        1.9666030060	        0.3324791485	        0.0899744690	       -0.5754428414	        5.0935197181	        0.0008985208	        0.0000530768	        0.0000668087	        0.0001110166	        0.0072166123	        0.0047302826	        0.0001489270	        0.0002378567	        0.0001589809
        1.9709085097	        0.2936606378	        0.0825134725	       -0.8304312805	        5.0253348931	        0.0009475780	        0.0000383539	        0.0000479200	        0.0000867955	        0.0059067132	        0.0044840436	        0.0001047778	        0.0001944289	        0.0001473502
        1.9747382607	        0.2577776335	        0.0752718322	       -1.1148272474	        4.9639737956	        0.0010083131	        0.0000267508	        0.0000335811	        0.0000663691	        0.0047519231	        0.0043206709	        0.0000717361	        0.0001570003	        0.0001376949
        1.9781432525	        0.2248676954	        0.0682467121	       -1.4277072050	        4.9088834212	        0.0010797234	        0.0000179561	        0.0000229999	        0.0000495529	        0.0037601578	        0.0042437676	        0.0000477213	        0.0001251579	        0.0001299872
        1.9811693494	        0.1949066401	        0.0614473720	       -1.7625447166	        4.8598855066	        0.0011596066	        0.0000115810	        0.0000154257	        0.0000361351	        0.0029283937	        0.0042491332	        0.0000307978	        0.0000984564	        0.0001241623
        1.9838577298	        0.1678078483	        0.0548908532	       -2.1090686731	        4.8168561086	        0.0012449485	        0.0000071722	        0.0000101439	        0.0000257369	        0.0022452483	        0.0043271634	        0.0000192478	        0.0000763900	        0.0001200318
        1.9862453073	        0.1434299499	        0.0485982189	       -2.4629106384	        4.7792133763	        0.0013340833	        0.0000042630	        0.0000065328	        0.0000178691	        0.0016942377	        0.0044654091	        0.0000116219	        0.0000584037	        0.0001174844
        1.9883651267	        0.1215915230	        0.0425903475	       -2.8226119750	        4.7461798804	        0.0014260618	        0.0000024288	        0.0000041049	        0.0000120441	        0.0012568082	        0.0046506894	        0.0000067573	        0.0000439305	        0.0001165500
        1.9902467340	        0.1020882757	        0.0368851015	       -3.1828354324	        4.7171383646	        0.0015192800	        0.0000013226	        0.0000025023	        0.0000078350	        0.0009145715	        0.0048705010	        0.0000037655	        0.0000324270	        0.0001173344
        1.9919165179	        0.0847083992	        0.0314963225	       -3.5356430319	        4.6916134020	        0.0016117945	        0.0000006847	        0.0000014688	        0.0000048830	        0.0006506300	        0.0051137671	        0.0000019975	        0.0000233975	        0.0001199816
        1.9933980257	        0.0692439015	        0.0264335081	       -3.8751081107	        4.6691843685	        0.0017020202	        0.0000003341	        0.0000008224	        0.0000028881	        0.0004501740	        0.0053711114	        0.0000009988	        0.0000164062	        0.0001246728
        1.9947122508	        0.0554977220	        0.0217015492	       -4.1972942826	        4.6494755836	        0.0017887700	        0.0000001515	        0.0000004335	        0.0000016002	        0.0003006089	        0.0056348526	        0.0000004640	        0.0000110797	        0.0001316474
        1.9958778967	        0.0432874666	        0.0173007155	       -4.4997883936	        4.6321539776	        0.0018712046	        0.0000000625	        0.0000002109	        0.0000008147	        0.0001914337	        0.0058988629	        0.0000001958	        0.0000071047	        0.0001412466
        1.9969116151	        0.0324468322	        0.0132269318	       -4.7813257250	        4.6169257951	        0.0019487769	        0.0000000226	        0.0000000918	        0.0000003693	        0.0001140089	        0.0061583755	        0.0000000723	        0.0000042229	        0.0001539963
        1.9978282231	        0.0228256218	        0.0094722817	       -5.0414922533	        4.6035328902	        0.0020211770	        0.0000000067	        0.0000000337	        0.0000001406	        0.0000612969	        0.0064097866	        0.0000000219	        0.0000022237	        0.0001707782
        1.9986408981	        0.0142889910	        0.0060256441	       -5.2804904374	        4.5917489624	        0.0020882822	        0.0000000014	        0.0000000092	        0.0000000396	        0.0000276111	        0.0066504682	        0.0000000048	        0.0000009377	        0.0001932439
        1.9993613540	        0.0067163277	        0.0028733792	       -5.4989567933	        4.5813759343	        0.0021501133	        0.0000000002	        0.0000000013	        0.0000000056	        0.0000083898	        0.0068786014	        0.0000000005	        0.0000002306	        0.0002250932
        2.0000000000	        0.0000000000	        0.0000000000	       -5.6978212781	        4.5722405834	        0.0022067976	        0.0000000000	        0.0000000000	        0.0000000000	        0.0000000000	        0.0070930286	        0.0000000000	        0.0000000000	        0.0002784652
