        0.0000000000	        0.0000000000	        1.0000000000	        5.7635441826	       30.0682954833	        0.0005644290	        0.0000000000	        0.0000000000	        0.0000000000	        0.0000000000	        0.0057644718	        0.0000000000	        0.0000000000	        0.0000007800
        0.0006386460	        0.0057422565	        0.9987182189	        5.3981606935	       30.0557065462	        0.0005334044	        0.0000000000	        0.0000000007	        0.0000000013	        0.0000052901	        0.0056256658	        0.0000000002	        0.0000000012	        0.0000007478
        0.0013591019	        0.0122160667	        0.9973600379	        5.0101464601	       30.0419478024	        0.0005005786	        0.0000000004	        0.0000000041	        0.0000000075	        0.0000174450	        0.0054765291	        0.0000000019	        0.0000000042	        0.0000007609
        0.0021717769	        0.0195132487	        0.9959317411	        4.6019797109	       30.0269422574	        0.0004661923	        0.0000000021	        0.0000000137	        0.0000000232	        0.0000388197	        0.0053173797	        0.0000000090	        0.0000000096	        0.0000008041
        0.0030883849	        0.0277367253	        0.9944420646	        4.1773701433	       30.0106014672	        0.0004305908	        0.0000000070	        0.0000000343	        0.0000000533	        0.0000723943	        0.0051488865	        0.0000000298	        0.0000000185	        0.0000008683
        0.0041221033	        0.0370016935	        0.9929021864	        3.7414240877	       29.9928143045	        0.0003942335	        0.0000000194	        0.0000000731	        0.0000001039	        0.0001219160	        0.0049721587	        0.0000000816	        0.0000000319	        0.0000009461
        0.0052877492	        0.0474368111	        0.9913255060	        3.3007290622	       29.9734276306	        0.0003576933	        0.0000000473	        0.0000001411	        0.0000001810	        0.0001920673	        0.0047888493	        0.0000001958	        0.0000000513	        0.0000010304
        0.0066019743	        0.0591853079	        0.9897271689	        2.8632758932	       29.9522143406	        0.0003216376	        0.0000001054	        0.0000002542	        0.0000002918	        0.0002886618	        0.0046012748	        0.0000004273	        0.0000000785	        0.0000011140
        0.0080834821	        0.0724058623	        0.9881233216	        2.4380885636	       29.9288220298	        0.0002867763	        0.0000002186	        0.0000004363	        0.0000004437	        0.0004188684	        0.0044125508	        0.0000008677	        0.0000001155	        0.0000011906
        0.0097532660	        0.0872729619	        0.9865301216	        2.0343603642	       29.9026922909	        0.0002537569	        0.0000004284	        0.0000007225	        0.0000006446	        0.0005914534	        0.0042267421	        0.0000016637	        0.0000001643	        0.0000012547
        0.0116348733	        0.1039763036	        0.9849625625	        1.6599923938	       29.8729837101	        0.0002230112	        0.0000008006	        0.0000011644	        0.0000009033	        0.0008170214	        0.0040490182	        0.0000030420	        0.0000002274	        0.0000013025
        0.0137546927	        0.1227185762	        0.9834331335	        1.3219459357	       29.8391521721	        0.0001950252	        0.0000014355	        0.0000018370	        0.0000012304	        0.0011082048	        0.0038857936	        0.0000053416	        0.0000003074	        0.0000013325
        0.0161422702	        0.1437107747	        0.9819505405	        1.0240089412	       29.8012069411	        0.0001702595	        0.0000024787	        0.0000028494	        0.0000016400	        0.0014797115	        0.0037448089	        0.0000090518	        0.0000004073	        0.0000013455
        0.0188306506	        0.1671641805	        0.9805183655	        0.7682565359	       29.7591358512	        0.0001490029	        0.0000041296	        0.0000043573	        0.0000021525	        0.0019480791	        0.0036350719	        0.0000148537	        0.0000005306	        0.0000013449
        0.0218567475	        0.1932785689	        0.9791339863	        0.5561248663	       29.7126561558	        0.0001313524	        0.0000066424	        0.0000065773	        0.0000027983	        0.0025309240	        0.0035665403	        0.0000236588	        0.0000006821	        0.0000013366
        0.0252617393	        0.2222273549	        0.9777883693	        0.3863697109	       29.6610596984	        0.0001172571	        0.0000103136	        0.0000097951	        0.0000036195	        0.0032454659	        0.0035493974	        0.0000366368	        0.0000008680	        0.0000013292
        0.0290914903	        0.2541421048	        0.9764665426	        0.2546989499	       29.6034584987	        0.0001064954	        0.0000154551	        0.0000143538	        0.0000046684	        0.0041062315	        0.0035928058	        0.0000552206	        0.0000010965	        0.0000013337
        0.0333969940	        0.2891001379	        0.9751482777	        0.1560942137	       29.5398048002	        0.0000987755	        0.0000223588	        0.0000206241	        0.0000060065	        0.0051221362	        0.0037031578	        0.0000810833	        0.0000013788	        0.0000013616
        0.0382348325	        0.3271182846	        0.9738094430	        0.0844177164	       29.4706140868	        0.0000937312	        0.0000312725	        0.0000289790	        0.0000077047	        0.0062935281	        0.0038820764	        0.0001160843	        0.0000017300	        0.0000014228
        0.0436676462	        0.3681528842	        0.9724234426	        0.0332270048	       29.3940662825	        0.0000909979	        0.0000424009	        0.0000398191	        0.0000098528	        0.0076099937	        0.0041246641	        0.0001621912	        0.0000021706	        0.0000015270
        0.0497646022	        0.4117859933	        0.9709625054	       -0.0033796292	       29.3100557947	        0.0000902760	        0.0000603865	        0.0000536801	        0.0000125784	        0.0090411914	        0.0044188722	        0.0002209927	        0.0000027288	        0.0000016850
        0.0566018496	        0.4571292095	        0.9693989128	       -0.0303312179	       29.2178052325	        0.0000913696	        0.0000871429	        0.0000714126	        0.0000160706	        0.0105142296	        0.0047255133	        0.0002930766	        0.0000034423	        0.0000019084
        0.0642629411	        0.5033596957	        0.9677063672	       -0.0513183947	       29.1148203133	        0.0000942029	        0.0001209864	        0.0000943965	        0.0000206065	        0.0119344817	        0.0049912240	        0.0003783725	        0.0000043594	        0.0000022091
        0.0728392004	        0.5498357431	        0.9658612823	       -0.0688090223	       29.0030553877	        0.0000988266	        0.0001628499	        0.0001245021	        0.0000265275	        0.0132164898	        0.0051733471	        0.0004763189	        0.0000055364	        0.0000025969
        0.0824300053	        0.5959717731	        0.9638428808	       -0.0841870420	       28.8786108803	        0.0001053856	        0.0002137225	        0.0001637431	        0.0000341743	        0.0142900484	        0.0052443132	        0.0005856042	        0.0000070330	        0.0000030778
        0.0931429507	        0.6412698183	        0.9616315244	       -0.0980352251	       28.7419320250	        0.0001140985	        0.0002745994	        0.0002138977	        0.0000438400	        0.0151084663	        0.0051943747	        0.0007042413	        0.0000089087	        0.0000036522
        0.1050938490	        0.6853363407	        0.9592059374	       -0.1103868982	       28.5906446163	        0.0001252049	        0.0003464204	        0.0002762505	        0.0000557609	        0.0156508339	        0.0050300953	        0.0008297038	        0.0000112229	        0.0000043160
        0.1184065179	        0.7278847195	        0.9565406945	       -0.1209599313	       28.4245057491	        0.0001389407	        0.0004300013	        0.0003514690	        0.0000701228	        0.0159191782	        0.0047697991	        0.0009590896	        0.0000140373	        0.0000050627
        0.1332122955	        0.7687261992	        0.9536048966	       -0.1293586891	       28.2403253077	        0.0001554731	        0.0005259661	        0.0004395611	        0.0000870607	        0.0159326162	        0.0044379290	        0.0010892854	        0.0000174170	        0.0000058842
        0.1496492201	        0.8077533125	        0.9503619920	       -0.1351700201	       28.0379779288	        0.0001748504	        0.0006346898	        0.0005398321	        0.0001066342	        0.0157207155	        0.0040600111	        0.0012171182	        0.0000214285	        0.0000067703
        0.1678608015	        0.8449196747	        0.9467702994	       -0.1381587576	       27.8157078208	        0.0001970284	        0.0007562657	        0.0006508216	        0.0001287959	        0.0153176492	        0.0036591405	        0.0013394935	        0.0000261362	        0.0000077080
        0.1879943127	        0.8802191218	        0.9427833952	       -0.1383432395	       27.5704914735	        0.0002218087	        0.0008905156	        0.0007702685	        0.0001533769	        0.0147579151	        0.0032541398	        0.0014535291	        0.0000316020	        0.0000086818
        0.2101985296	        0.9136660001	        0.9383498264	       -0.1359799043	       27.3015097997	        0.0002488963	        0.0010370671	        0.0008950752	        0.0001800870	        0.0140737485	        0.0028590663	        0.0015566944	        0.0000378875	        0.0000096747
        0.2346208557	        0.9452774335	        0.9334120170	       -0.1315832635	       27.0070266501	        0.0002778924	        0.0011955258	        0.0010213876	        0.0002085465	        0.0132940031	        0.0024835915	        0.0016469676	        0.0000450612	        0.0000106701
        0.2614037844	        0.9750578002	        0.9279042097	       -0.1254431947	       26.6853994653	        0.0003084326	        0.0013657742	        0.0011448011	        0.0002382984	        0.0124441448	        0.0021338187	        0.0017230146	        0.0000532032	        0.0000116515
        0.2906806794	        1.0029855679	        0.9217516083	       -0.1179045025	       26.3345370927	        0.0003400310	        0.0015484247	        0.0012607348	        0.0002688133	        0.0115470251	        0.0018132331	        0.0017843879	        0.0000624086	        0.0000126029
        0.3225708876	        1.0290031265	        0.9148700594	       -0.1097588584	       25.9528438103	        0.0003721988	        0.0017454359	        0.0013649365	        0.0002995661	        0.0106241162	        0.0015235911	        0.0018317211	        0.0000727993	        0.0000135092
        0.3571742551	        1.0530113575	        0.9071645558	       -0.1018301226	       25.5398090080	        0.0004045773	        0.0019608463	        0.0014541703	        0.0003301539	        0.0096968806	        0.0012656389	        0.0018668662	        0.0000845404	        0.0000143585
        0.3945651751	        1.0748722230	        0.8985290487	       -0.0946278421	       25.0924981233	        0.0004370043	        0.0022014665	        0.0015269790	        0.0003603564	        0.0087878779	        0.0010395956	        0.0018928820	        0.0000978415	        0.0000151417
        0.4347863703	        1.0944237539	        0.8888506041	       -0.0882897027	       24.6117000858	        0.0004694072	        0.0024771692	        0.0015841482	        0.0003901009	        0.0079210688	        0.0008453566	        0.0019137574	        0.0001129283	        0.0000158499
        0.4778426900	        1.1115104235	        0.8780204218	       -0.0835121750	       24.0955545789	        0.0005019413	        0.0028001629	        0.0016289877	        0.0004195897	        0.0071207550	        0.0006824159	        0.0019337842	        0.0001300416	        0.0000164806
        0.5236952751	        1.1260256071	        0.8659443668	       -0.0799412999	       23.5443140533	        0.0005348674	        0.0031824897	        0.0016667941	        0.0004492472	        0.0064089578	        0.0005495923	        0.0019566397	        0.0001494245	        0.0000170455
        0.5722565058	        1.1379525447	        0.8525631021	       -0.0781571749	       22.9577674785	        0.0005684762	        0.0036312803	        0.0017036324	        0.0004797003	        0.0058020178	        0.0004447778	        0.0019845002	        0.0001713880	        0.0000175870
        0.6233861842	        1.1473837076	        0.8378581973	       -0.0796979331	       22.3384943557	        0.0006036562	        0.0041423866	        0.0017447762	        0.0005120653	        0.0053079917	        0.0003649342	        0.0020176192	        0.0001965780	        0.0000182083
        0.6768894010	        1.1545056255	        0.8218331732	       -0.0860041234	       21.6860890874	        0.0006422670	        0.0046946554	        0.0017934797	        0.0005480934	        0.0049263617	        0.0003064325	        0.0020546096	        0.0002262954	        0.0000190913
        0.7325164896	        1.1595550128	        0.8044794332	       -0.0968918140	       21.0054976849	        0.0006868292	        0.0052482893	        0.0018505395	        0.0005898074	        0.0046502475	        0.0002655945	        0.0020932431	        0.0002625909	        0.0000204877
        0.7899653716	        1.1627663397	        0.7857586390	       -0.1122129956	       20.2997762865	        0.0007396041	        0.0057501027	        0.0019150137	        0.0006392083	        0.0044699029	        0.0002391959	        0.0021313150	        0.0003081721	        0.0000227097
        0.8488864424	        1.1643297922	        0.7655952357	       -0.1296062639	       19.5753840198	        0.0008022799	        0.0061456142	        0.0019854283	        0.0006977616	        0.0043759017	        0.0002247691	        0.0021672186	        0.0003659665	        0.0000261181
        0.9088899606	        1.1643677335	        0.7439159269	       -0.1459504014	       18.8384218821	        0.0008751733	        0.0063939373	        0.0020610366	        0.0007656631	        0.0043611977	        0.0002207022	        0.0022001990	        0.0004384017	        0.0000311093
        0.9695556872	        1.1629286947	        0.7207137906	       -0.1600845131	       18.0949252176	        0.0009573223	        0.0064791511	        0.0021425766	        0.0008427793	        0.0044219098	        0.0002262008	        0.0022303912	        0.0005271327	        0.0000381298
        1.0304443128	        1.1599950149	        0.6960443395	       -0.1705975963	       17.3531432866	        0.0010466107	        0.0064132054	        0.0022236171	        0.0009257040	        0.0045569094	        0.0002411681	        0.0022586648	        0.0006320813	        0.0000476147
        1.0911100394	        1.1555011166	        0.6700482759	       -0.1774455056	       16.6200368752	        0.0011398437	        0.0062294488	        0.0023067794	        0.0010123075	        0.0047666776	        0.0002660502	        0.0022864038	        0.0007518246	        0.0000599877
        1.1511135576	        1.1493599715	        0.6430266007	       -0.1828758969	       15.9001792695	        0.0012356014	        0.0059704546	        0.0024021587	        0.0011029412	        0.0050518052	        0.0003016617	        0.0023152326	        0.0008839362	        0.0000756148
        1.2100346284	        1.1414937236	        0.6153822350	       -0.1868154457	       15.1999194306	        0.0013323151	        0.0056760203	        0.0025094159	        0.0011954900	        0.0054111738	        0.0003489741	        0.0023465000	        0.0010246516	        0.0000946854
        1.2674835104	        1.1318616747	        0.5875287802	       -0.1884994448	       14.5239962607	        0.0014280452	        0.0053754012	        0.0026257302	        0.0012882830	        0.0058405169	        0.0004089090	        0.0023807006	        0.0011699229	        0.0001172271
        1.3231105990	        1.1204776209	        0.5598493735	       -0.1852932371	       13.8772338470	        0.0015208596	        0.0050849256	        0.0027455800	        0.0013787435	        0.0063320321	        0.0004822034	        0.0024170926	        0.0013151090	        0.0001430376
        1.3766138158	        1.1074115255	        0.5326806906	       -0.1730821394	       13.2598945536	        0.0016060973	        0.0048098154	        0.0028613800	        0.0014629710	        0.0068751451	        0.0005693912	        0.0024536496	        0.0014554502	        0.0001717166
        1.4277434942	        1.0927768030	        0.5063145775	       -0.1589673983	       12.6747308129	        0.0016813815	        0.0045480037	        0.0029640540	        0.0015378204	        0.0074580590	        0.0006709033	        0.0024873678	        0.0015878931	        0.0002028862
        1.4763047249	        1.0767098716	        0.4809297843	       -0.1465279459	       12.1223935106	        0.0017475721	        0.0042941270	        0.0030447399	        0.0016029036	        0.0080691236	        0.0007871938	        0.0025146951	        0.0017118842	        0.0002363560
        1.5221573100	        1.0593496527	        0.4565905328	       -0.1295985754	       11.6022461376	        0.0018050011	        0.0040424656	        0.0030957774	        0.0016577357	        0.0086979001	        0.0009188715	        0.0025320526	        0.0018270801	        0.0002718960
        1.5652136297	        1.0408217554	        0.4333094642	       -0.1062929915	       11.1152750480	        0.0018512159	        0.0037886020	        0.0031114002	        0.0017006596	        0.0093358541	        0.0010668209	        0.0025363191	        0.0019321392	        0.0003090633
        1.6054348249	        1.0212287178	        0.4110689979	       -0.0748816035	       10.6577316067	        0.0018841245	        0.0035301192	        0.0030880445	        0.0017299565	        0.0099763806	        0.0012322533	        0.0025251011	        0.0020250016	        0.0003472009
        1.6428257449	        1.0006455540	        0.3898349734	       -0.0320203898	       10.2317527404	        0.0019016871	        0.0032666324	        0.0030243106	        0.0017436669	        0.0106144451	        0.0014167010	        0.0024968422	        0.0021031332	        0.0003854454
        1.6774291124	        0.9791189470	        0.3695721724	        0.0210263766	        9.8322667307	        0.0019037572	        0.0029994482	        0.0029213560	        0.0017403496	        0.0112460718	        0.0016219726	        0.0024508251	        0.0021641279	        0.0004228154
        1.7093193206	        0.9566685498	        0.3502400681	        0.0874480134	        9.4576461569	        0.0018886897	        0.0027310881	        0.0027822378	        0.0017189953	        0.0118676730	        0.0018500497	        0.0023870839	        0.0022059069	        0.0004582581
        1.7385962156	        0.9332893052	        0.3318031123	        0.1656417727	        9.1062311416	        0.0018560617	        0.0024647813	        0.0026118056	        0.0016791241	        0.0124754618	        0.0021029542	        0.0023063033	        0.0022269979	        0.0004907313
        1.7653791443	        0.9089541400	        0.3142266314	        0.2545781870	        8.7764106078	        0.0018062737	        0.0022040251	        0.0024161974	        0.0016212024	        0.0130647992	        0.0023825407	        0.0022096920	        0.0022267730	        0.0005192963
        1.7898014704	        0.8836168073	        0.2974768389	        0.3516709659	        8.4636219907	        0.0017403677	        0.0019522287	        0.0022023814	        0.0015465425	        0.0136295715	        0.0026902122	        0.0020988644	        0.0022054779	        0.0005431799
        1.8120056873	        0.8572148710	        0.2815189407	        0.4519789639	        8.1683872631	        0.0016611107	        0.0017124545	        0.0019775632	        0.0014573507	        0.0141615557	        0.0030265233	        0.0019757346	        0.0021641566	        0.0005618157
        1.8321391985	        0.8296730352	        0.2663128954	        0.5517392359	        7.8894415598	        0.0015714970	        0.0014872506	        0.0017488221	        0.0013565321	        0.0146497659	        0.0033906404	        0.0018424211	        0.0021044634	        0.0005748512
        1.8503507799	        0.8009071334	        0.2518136982	        0.6483755866	        7.6233632738	        0.0014738598	        0.0012785584	        0.0015226970	        0.0012471732	        0.0150798671	        0.0037796553	        0.0017011759	        0.0020283735	        0.0005821134
        1.8667877045	        0.7708291799	        0.2379736521	        0.7368099924	        7.3735019704	        0.0013729855	        0.0010876822	        0.0013047895	        0.0011323352	        0.0154337166	        0.0041877641	        0.0015543290	        0.0019379731	        0.0005835789
        1.8815934821	        0.7393539754	        0.2247411564	        0.8130435193	        7.1351707303	        0.0012706152	        0.0009153099	        0.0010997525	        0.0010150635	        0.0156891236	        0.0046053565	        0.0014042444	        0.0018353734	        0.0005793651
        1.8949061510	        0.7064077846	        0.2120620335	        0.8703269818	        6.9099646334	        0.0011707073	        0.0007615658	        0.0009111129	        0.0008981882	        0.0158200842	        0.0050181874	        0.0012532885	        0.0017225904	        0.0005697003
        1.9068570493	        0.6719395055	        0.1998779339	        0.9031979459	        6.6981865895	        0.0010764371	        0.0006260871	        0.0007413748	        0.0007842944	        0.0157977382	        0.0054068932	        0.0011038026	        0.0016014963	        0.0005549025
        1.9175699947	        0.6359345049	        0.1881284083	        0.9073766922	        6.4993981690	        0.0009902449	        0.0005081123	        0.0005921164	        0.0006755295	        0.0155924427	        0.0057473073	        0.0009580794	        0.0014738072	        0.0005353575
        1.9271607996	        0.5984307807	        0.1767564242	        0.8787897842	        6.3119351237	        0.0009135994	        0.0004065749	        0.0004641044	        0.0005736434	        0.0151772562	        0.0060121045	        0.0008183327	        0.0013412082	        0.0005115403
        1.9357370589	        0.5595363889	        0.1657161441	        0.8129600052	        6.1358568983	        0.0008483006	        0.0003201987	        0.0003573429	        0.0004801652	        0.0145328839	        0.0061742257	        0.0006866530	        0.0012056128	        0.0004840899
        1.9433981504	        0.5194461552	        0.1549808213	        0.7078745104	        5.9739556400	        0.0007965112	        0.0002475884	        0.0002710550	        0.0003965297	        0.0136536487	        0.0062121362	        0.0005649391	        0.0010694562	        0.0004539129
        1.9502353978	        0.4784547668	        0.1445489488	        0.5572152773	        5.8220238408	        0.0007575987	        0.0001873144	        0.0002035732	        0.0003240287	        0.0125533536	        0.0061162123	        0.0004548067	        0.0009357931	        0.0004222301
        1.9563323538	        0.4369627120	        0.1344356950	        0.3560779868	        5.6801371381	        0.0007321828	        0.0001379859	        0.0001522710	        0.0002633019	        0.0112690996	        0.0058945507	        0.0003574785	        0.0008079205	        0.0003904320
        1.9617651675	        0.3954714595	        0.1246538886	        0.1088843897	        5.5522841261	        0.0007207067	        0.0000983095	        0.0001137851	        0.0002135624	        0.0098609773	        0.0055759736	        0.0002736801	        0.0006886069	        0.0003597429
        1.9666030060	        0.3545647246	        0.1151999632	       -0.1913673959	        5.4349175310	        0.0007221987	        0.0000671265	        0.0000846602	        0.0001726676	        0.0084061658	        0.0052083938	        0.0002035693	        0.0005795324	        0.0003309584
        1.9709085097	        0.3149014357	        0.1060461686	       -0.5518448355	        5.3258013174	        0.0007361619	        0.0000438889	        0.0000621426	        0.0001381504	        0.0069886920	        0.0048525796	        0.0001467629	        0.0004813434	        0.0003044555
        1.9747382607	        0.2774124173	        0.0971541087	       -0.9682365915	        5.2265501668	        0.0007618405	        0.0000317175	        0.0000446374	        0.0001085108	        0.0056926410	        0.0045721852	        0.0001026670	        0.0003941422	        0.0002804161
        1.9781432525	        0.2427288104	        0.0884981124	       -1.4381828549	        5.1365931202	        0.0007980190	        0.0000220826	        0.0000312533	        0.0000831925	        0.0045523830	        0.0043800592	        0.0000697719	        0.0003178529	        0.0002590295
        1.9811693494	        0.2108953351	        0.0800738502	       -1.9647041546	        5.0551618782	        0.0008439906	        0.0000147556	        0.0000213264	        0.0000621089	        0.0035755510	        0.0042802359	        0.0000459649	        0.0002522733	        0.0002405770
        1.9838577298	        0.1818996038	        0.0718936657	       -2.5385054881	        4.9821519974	        0.0008979680	        0.0000094396	        0.0000142135	        0.0000451674	        0.0027591460	        0.0042683401	        0.0000292882	        0.0001969739	        0.0002252585
        1.9862453073	        0.1556684335	        0.0639805403	       -3.1392101516	        4.9179306196	        0.0009571982	        0.0000057728	        0.0000092691	        0.0000320116	        0.0020917971	        0.0043340637	        0.0000180032	        0.0001512311	        0.0002128372
        1.9883651267	        0.1320729101	        0.0563630054	       -3.7670965315	        4.8614894032	        0.0010208153	        0.0000033699	        0.0000059083	        0.0000220700	        0.0015568858	        0.0044639452	        0.0000106397	        0.0001140627	        0.0002031215
        1.9902467340	        0.1109417782	        0.0490681790	       -4.4285066999	        4.8113200590	        0.0010886255	        0.0000018730	        0.0000036629	        0.0000147266	        0.0011355955	        0.0046437175	        0.0000060173	        0.0000843457	        0.0001962688
        1.9919165179	        0.0920785753	        0.0421180633	       -5.1142302728	        4.7665441890	        0.0011594764	        0.0000009865	        0.0000021908	        0.0000094345	        0.0008092299	        0.0048598944	        0.0000032349	        0.0000609428	        0.0001926208
        1.9933980257	        0.0752775831	        0.0355296280	       -5.8069022415	        4.7267052923	        0.0012317802	        0.0000004884	        0.0000012505	        0.0000057398	        0.0005606126	        0.0051006153	        0.0000016371	        0.0000427909	        0.0001925899
        1.9947122508	        0.0603358414	        0.0293153379	       -6.4918790070	        4.6913535767	        0.0013040634	        0.0000002242	        0.0000006712	        0.0000032682	        0.0003747196	        0.0053559403	        0.0000007687	        0.0000289475	        0.0001966610
        1.9958778967	        0.0470607573	        0.0234830532	       -7.1578249746	        4.6600433078	        0.0013750788	        0.0000000934	        0.0000003318	        0.0000017058	        0.0002388137	        0.0056178198	        0.0000003275	        0.0000186065	        0.0002054601
        1.9969116151	        0.0352741141	        0.0180358409	       -7.7963830447	        4.6323493027	        0.0014438340	        0.0000000341	        0.0000001462	        0.0000007899	        0.0001423136	        0.0058799100	        0.0000001220	        0.0000110967	        0.0002198978
        1.9978282231	        0.0248136054	        0.0129720015	       -8.4017539935	        4.6078758898	        0.0015095847	        0.0000000102	        0.0000000541	        0.0000003060	        0.0000765494	        0.0061373373	        0.0000000373	        0.0000058712	        0.0002414661
        1.9986408981	        0.0155328711	        0.0082853696	       -8.9702575425	        4.5862609965	        0.0015718101	        0.0000000022	        0.0000000148	        0.0000000874	        0.0000344892	        0.0063864637	        0.0000000082	        0.0000024928	        0.0002729554
        1.9993613540	        0.0073007239	        0.0039658362	       -9.4999161264	        4.5671771647	        0.0016301809	        0.0000000002	        0.0000000021	        0.0000000126	        0.0000104774	        0.0066246721	        0.0000000009	        0.0000006201	        0.0003206665
        2.0000000000	        0.0000000000	        0.0000000000	       -9.9900821251	        4.5503307030	        0.0016845253	        0.0000000000	        0.0000000000	        0.0000000000	        0.0000000000	        0.0068501793	        0.0000000000	        0.0000000000	        0.0004054283
