        0.0000000000	        0.0000000000	        1.0000000000	        5.7635441826	        7.2382582342	        0.0005644290	        0.0000000000	        0.0000000000	        0.0000000000	        0.0000000000	        0.0057448339	        0.0000000000	        0.0000000000	        0.0000012974
        0.0006386460	        0.0057345709	        0.9987478233	        5.3981606935	        7.2453543132	        0.0005334044	        0.0000000000	        0.0000000007	        0.0000000013	        0.0000052721	        0.0056067111	        0.0000000002	        0.0000000020	        0.0000011972
        0.0013591019	        0.0121997181	        0.9974230440	        5.0101464601	        7.2529518973	        0.0005005786	        0.0000000004	        0.0000000043	        0.0000000076	        0.0000173859	        0.0054583034	        0.0000000019	        0.0000000069	        0.0000011638
        0.0021717769	        0.0194871375	        0.9960324307	        4.6019797109	        7.2610260517	        0.0004661923	        0.0000000020	        0.0000000144	        0.0000000237	        0.0000386890	        0.0052999258	        0.0000000089	        0.0000000156	        0.0000011731
        0.0030883849	        0.0276996152	        0.9945852668	        4.1773701433	        7.2695343074	        0.0004305908	        0.0000000069	        0.0000000365	        0.0000000552	        0.0000721520	        0.0051322423	        0.0000000297	        0.0000000294	        0.0000012126
        0.0041221033	        0.0369521962	        0.9930933484	        3.7414240877	        7.2784148716	        0.0003942335	        0.0000000193	        0.0000000789	        0.0000001084	        0.0001215108	        0.0049563550	        0.0000000812	        0.0000000499	        0.0000012731
        0.0052877492	        0.0473733690	        0.9915707732	        3.3007290622	        7.2875866086	        0.0003576933	        0.0000000472	        0.0000001537	        0.0000001901	        0.0001914337	        0.0047739069	        0.0000001948	        0.0000000791	        0.0000013460
        0.0066019743	        0.0591061781	        0.9900334748	        2.8632758932	        7.2969523512	        0.0003216376	        0.0000001050	        0.0000002788	        0.0000003071	        0.0002877176	        0.0045872015	        0.0000004252	        0.0000001195	        0.0000014236
        0.0080834821	        0.0723091008	        0.9884984861	        2.4380885636	        7.3064079944	        0.0002867763	        0.0000002179	        0.0000004806	        0.0000004663	        0.0004175113	        0.0043993376	        0.0000008635	        0.0000001737	        0.0000014986
        0.0097532660	        0.0871564122	        0.9869829591	        2.0343603642	        7.3158611425	        0.0002537569	        0.0000004270	        0.0000007985	        0.0000006751	        0.0005895578	        0.0042143590	        0.0000016557	        0.0000002448	        0.0000015651
        0.0116348733	        0.1038375942	        0.9855029975	        1.6599923938	        7.3252589149	        0.0002230112	        0.0000007979	        0.0000012902	        0.0000009407	        0.0008144350	        0.0040374098	        0.0000030277	        0.0000003365	        0.0000016185
        0.0137546927	        0.1225551328	        0.9840723223	        1.3219459357	        7.3345470107	        0.0001950252	        0.0000014308	        0.0000020408	        0.0000012716	        0.0011047462	        0.0038748749	        0.0000053171	        0.0000004526	        0.0000016571
        0.0161422702	        0.1435198586	        0.9827009950	        1.0240089412	        7.3436894650	        0.0001702595	        0.0000024706	        0.0000031752	        0.0000016792	        0.0014751702	        0.0037344613	        0.0000090111	        0.0000005981	        0.0000016812
        0.0188306506	        0.1669429610	        0.9813940738	        0.7682565359	        7.3526882894	        0.0001490029	        0.0000041164	        0.0000048741	        0.0000021803	        0.0019422191	        0.0036251421	        0.0000147884	        0.0000007786	        0.0000016943
        0.0218567475	        0.1930242383	        0.9801505220	        0.5561248663	        7.3615839194	        0.0001313524	        0.0000066216	        0.0000073931	        0.0000028011	        0.0025234944	        0.0035568426	        0.0000235576	        0.0000010018	        0.0000017028
        0.0252617393	        0.2219372817	        0.9789629783	        0.3863697109	        7.3704286547	        0.0001172571	        0.0000102825	        0.0000110747	        0.0000035782	        0.0032362217	        0.0035397230	        0.0000364849	        0.0000012772	        0.0000017163
        0.0290914903	        0.2538140052	        0.9778181968	        0.2546989499	        7.3793121849	        0.0001064954	        0.0000154103	        0.0000163369	        0.0000045591	        0.0040949656	        0.0035829413	        0.0000549998	        0.0000016175	        0.0000017484
        0.0333969940	        0.2887322343	        0.9766976939	        0.1560942137	        7.3884070022	        0.0000987755	        0.0000222969	        0.0000236351	        0.0000058006	        0.0051087212	        0.0036929136	        0.0000807721	        0.0000020393	        0.0000018141
        0.0382348325	        0.3267094271	        0.9755790836	        0.0844177164	        7.3978790360	        0.0000937312	        0.0000311899	        0.0000334278	        0.0000073719	        0.0062779624	        0.0038713221	        0.0001156586	        0.0000025650	        0.0000019272
        0.0436676462	        0.3677026356	        0.9744375154	        0.0332270048	        7.4078365486	        0.0000909979	        0.0000422939	        0.0000461927	        0.0000093631	        0.0075924422	        0.0041133661	        0.0001616259	        0.0000032249	        0.0000021025
        0.0497646022	        0.4113007852	        0.9732469512	       -0.0033796292	        7.4185090448	        0.0000902760	        0.0000601675	        0.0000625453	        0.0000119018	        0.0090221789	        0.0044071159	        0.0002202715	        0.0000040598	        0.0000023570
        0.0566018496	        0.4566189798	        0.9719813160	       -0.0303312179	        7.4301952790	        0.0000913696	        0.0000868446	        0.0000834447	        0.0000151747	        0.0104949582	        0.0047139102	        0.0002921962	        0.0000051234	        0.0000027102
        0.0642629411	        0.5028324213	        0.9706156807	       -0.0513183947	        7.4428500563	        0.0000942029	        0.0001205890	        0.0001104492	        0.0000194514	        0.0119162653	        0.0049804733	        0.0003773370	        0.0000064836	        0.0000031836
        0.0728392004	        0.5493001863	        0.9691273245	       -0.0688090223	        7.4569289045	        0.0000988266	        0.0001623293	        0.0001456807	        0.0000250661	        0.0132007081	        0.0051641427	        0.0004751464	        0.0000082197	        0.0000037981
        0.0824300053	        0.5954369861	        0.9674957545	       -0.0841870420	        7.4723372994	        0.0001053856	        0.0002130492	        0.0001914174	        0.0000323592	        0.0142779713	        0.0052372203	        0.0005843279	        0.0000104170	        0.0000045712
        0.0931429507	        0.6407446861	        0.9657012655	       -0.0980352251	        7.4895092140	        0.0001140985	        0.0002737384	        0.0002496537	        0.0000416360	        0.0151011146	        0.0051897470	        0.0007029094	        0.0000131627	        0.0000055148
        0.1050938490	        0.6848292175	        0.9637226584	       -0.1103868982	        7.5084088095	        0.0001252049	        0.0003453308	        0.0003217985	        0.0000531546	        0.0156489034	        0.0050280476	        0.0008283782	        0.0000165444	        0.0000066356
        0.1184065179	        0.7274031893	        0.9615352684	       -0.1209599313	        7.5295289439	        0.0001389407	        0.0004286362	        0.0004085424	        0.0000671262	        0.0159230291	        0.0047702317	        0.0009578440	        0.0000206514	        0.0000079355
        0.1332122955	        0.7682769675	        0.9591099983	       -0.1293586891	        7.5529926239	        0.0001554731	        0.0005242722	        0.0005098140	        0.0000837062	        0.0159423115	        0.0044405846	        0.0010882025	        0.0000255744	        0.0000094124
        0.1496492201	        0.8073422090	        0.9564132573	       -0.1351700201	        7.5789360584	        0.0001748504	        0.0006326071	        0.0006247510	        0.0001029686	        0.0157360850	        0.0040645393	        0.0012162873	        0.0000314026	        0.0000110593
        0.1678608015	        0.8445517386	        0.9534074009	       -0.1381587576	        7.6077550955	        0.0001970284	        0.0007537267	        0.0007516209	        0.0001248721	        0.0153383576	        0.0036651553	        0.0013390079	        0.0000382198	        0.0000128629
        0.1879943127	        0.8798987360	        0.9500509430	       -0.1383432395	        7.6397986188	        0.0002218087	        0.0008874441	        0.0008877794	        0.0001492489	        0.0147835204	        0.0032612607	        0.0014534825	        0.0000461039	        0.0000148045
        0.2101985296	        0.9133970450	        0.9462981367	       -0.1359799043	        7.6754694872	        0.0002488963	        0.0010333759	        0.0010296310	        0.0001758082	        0.0141037447	        0.0028669434	        0.0015571786	        0.0000551294	        0.0000168614
        0.2346208557	        0.9450634378	        0.9420978147	       -0.1315832635	        7.7150321005	        0.0002778924	        0.0011911125	        0.0011727040	        0.0002041683	        0.0133278468	        0.0024919161	        0.0016480687	        0.0000653742	        0.0000190091
        0.2614037844	        0.9749020691	        0.9373913376	       -0.1254431947	        7.7588906298	        0.0003084326	        0.0013605145	        0.0013118870	        0.0002338705	        0.0124812691	        0.0021423256	        0.0017248099	        0.0000769251	        0.0000212229
        0.2906806794	        1.0028912688	        0.9321115841	       -0.1179045025	        7.8076515534	        0.0003400310	        0.0015421620	        0.0014418530	        0.0002643817	        0.0115868442	        0.0018216976	        0.0017869429	        0.0000898817	        0.0000234772
        0.3225708876	        1.0289733062	        0.9261823567	       -0.1097588584	        7.8617795115	        0.0003721988	        0.0017379652	        0.0015576428	        0.0002951726	        0.0106660255	        0.0015318244	        0.0018350881	        0.0001043681	        0.0000257480
        0.3571742551	        1.0530488543	        0.9195166619	       -0.1018301226	        7.9217061824	        0.0004045773	        0.0019518925	        0.0016554641	        0.0003258370	        0.0097402616	        0.0012734843	        0.0018710851	        0.0001205475	        0.0000280157
        0.3945651751	        1.0749794274	        0.9120159928	       -0.0946278421	        7.9882332531	        0.0004370043	        0.0021906568	        0.0017335280	        0.0003561437	        0.0088321156	        0.0010469283	        0.0018979851	        0.0001386184	        0.0000302635
        0.4347863703	        1.0946021817	        0.9035733956	       -0.0882897027	        8.0617233134	        0.0004694072	        0.0024640051	        0.0017926265	        0.0003860100	        0.0079655887	        0.0008520873	        0.0019197793	        0.0001587825	        0.0000324730
        0.4778426900	        1.1117601260	        0.8940825319	       -0.0835121750	        8.1430854513	        0.0005019413	        0.0027840014	        0.0018363435	        0.0004156141	        0.0071650817	        0.0006884963	        0.0019407747	        0.0001812318	        0.0000346311
        0.5236952751	        1.1263445582	        0.8834462092	       -0.0799412999	        8.2327972479	        0.0005348674	        0.0031625517	        0.0018704594	        0.0004453566	        0.0064527877	        0.0005550210	        0.0019646768	        0.0002061418	        0.0000367416
        0.5722565058	        1.1383362650	        0.8715936000	       -0.0781571749	        8.3315755867	        0.0005684762	        0.0036067059	        0.0019014396	        0.0004758295	        0.0058452769	        0.0004496003	        0.0019936941	        0.0002337529	        0.0000388559
        0.6233861842	        1.1478253565	        0.8584849025	       -0.0796979331	        8.4402245626	        0.0006036562	        0.0041123457	        0.0019346762	        0.0005081271	        0.0053508535	        0.0003692358	        0.0020281008	        0.0002646787	        0.0000411336
        0.6768894010	        1.1549965655	        0.8440931345	       -0.0860041234	        8.5594362215	        0.0006422670	        0.0046585027	        0.0019730299	        0.0005439681	        0.0049692159	        0.0003103258	        0.0020665090	        0.0003002434	        0.0000438845
        0.7325164896	        1.1600855764	        0.8283720522	       -0.0968918140	        8.6896325900	        0.0006868292	        0.0052057260	        0.0020166213	        0.0005853610	        0.0046936376	        0.0002692061	        0.0021066628	        0.0003425655	        0.0000475544
        0.7899653716	        1.1633264504	        0.8112391298	       -0.1122129956	        8.8312599660	        0.0007396041	        0.0057012957	        0.0020637095	        0.0006342724	        0.0045144591	        0.0002426573	        0.0021463086	        0.0003943464	        0.0000526842
        0.8488864424	        1.1649092325	        0.7925681895	       -0.1296062639	        8.9844134016	        0.0008022799	        0.0060912323	        0.0021123343	        0.0006921341	        0.0044222914	        0.0002282139	        0.0021837769	        0.0004583035	        0.0000598471
        0.9088899606	        1.1649560499	        0.7722274583	       -0.1459504014	        9.1487066792	        0.0008751733	        0.0063350909	        0.0021617357	        0.0007591010	        0.0044100959	        0.0002242675	        0.0022182425	        0.0005363305	        0.0000695697
        0.9695556872	        1.1635148577	        0.7501441757	       -0.1600845131	        9.3237783093	        0.0009573223	        0.0064172530	        0.0022130677	        0.0008350298	        0.0044739803	        0.0002300308	        0.0022497668	        0.0006292082	        0.0000823241
        1.0304443128	        1.1605670066	        0.7263068536	       -0.1705975963	        9.5088473859	        0.0010466107	        0.0063497871	        0.0022600468	        0.0009164396	        0.0046127881	        0.0002454180	        0.0022791514	        0.0007357676	        0.0000983908
        1.0911100394	        1.1560456371	        0.7007942214	       -0.1774455056	        9.7027112215	        0.0011398437	        0.0061659856	        0.0023065376	        0.0010012384	        0.0048269373	        0.0002708865	        0.0023077228	        0.0008534646	        0.0001178855
        1.1511135576	        1.1498624554	        0.6738633402	       -0.1828758969	        9.9049568015	        0.0012356014	        0.0059082343	        0.0023641259	        0.0010899363	        0.0051169020	        0.0003072573	        0.0023370668	        0.0009789143	        0.0001407524
        1.2100346284	        1.1419387949	        0.6459036857	       -0.1868154457	       10.1148509820	        0.0013323151	        0.0056160703	        0.0024332087	        0.0011804824	        0.0054813798	        0.0003554986	        0.0023685186	        0.0011077914	        0.0001666497
        1.2674835104	        1.1322340302	        0.6173458591	       -0.1884994448	       10.3296222016	        0.0014280452	        0.0053184822	        0.0025117682	        0.0012713154	        0.0059158388	        0.0004165123	        0.0024025754	        0.0012360722	        0.0001951011
        1.3231105990	        1.1207631569	        0.5886158239	       -0.1852932371	       10.5482223791	        0.0015208596	        0.0050315669	        0.0025952158	        0.0013599515	        0.0064121460	        0.0004909976	        0.0024385060	        0.0013596057	        0.0002254277
        1.3766138158	        1.1075984094	        0.5601108078	       -0.1730821394	       10.7703511005	        0.0016060973	        0.0047603657	        0.0026770081	        0.0014425353	        0.0069593741	        0.0005794355	        0.0024742971	        0.0014744199	        0.0002568254
        1.4277434942	        1.0928562140	        0.5321932687	       -0.1589673983	       10.9939066803	        0.0016813815	        0.0045026736	        0.0027493360	        0.0015160075	        0.0075454141	        0.0006821965	        0.0025069629	        0.0015785575	        0.0002887736
        1.4763047249	        1.0766762918	        0.5051096296	       -0.1465279459	       11.2190126446	        0.0017475721	        0.0042530209	        0.0028043291	        0.0015799187	        0.0081583748	        0.0007996736	        0.0025329744	        0.0016726863	        0.0003212612
        1.5221573100	        1.0592007685	        0.4789806066	       -0.1295985754	       11.4428134346	        0.0018050011	        0.0040056039	        0.0028352178	        0.0016337530	        0.0087876549	        0.0009324164	        0.0025487810	        0.0017576599	        0.0003543527
        1.5652136297	        1.0405581101	        0.4538651944	       -0.1062929915	       11.6657441373	        0.0018512159	        0.0037559304	        0.0028368280	        0.0016758256	        0.0094246441	        0.0010812560	        0.0025513014	        0.0018331143	        0.0003878680
        1.6054348249	        1.0208532545	        0.4297821816	       -0.0748816035	       11.8876505539	        0.0018841245	        0.0035015151	        0.0028057775	        0.0017043272	        0.0100627328	        0.0012473551	        0.0025381923	        0.0018977463	        0.0004213794
        1.6428257449	        1.0001631533	        0.4067259491	       -0.0320203898	       12.1048762185	        0.0019016871	        0.0032419101	        0.0027408398	        0.0017173784	        0.0106969402	        0.0014322014	        0.0025079556	        0.0019496639	        0.0004542244
        1.6774291124	        0.9785360124	        0.3846838905	        0.0210263766	       12.3196255545	        0.0019037572	        0.0029783653	        0.0026426420	        0.0017134283	        0.0113233869	        0.0016375620	        0.0024599367	        0.0019868011	        0.0004855633
        1.7093193206	        0.9559926671	        0.3636321389	        0.0874480134	       12.5303962187	        0.0018886897	        0.0027133572	        0.0025136884	        0.0016915005	        0.0119386041	        0.0018653756	        0.0023942306	        0.0020073148	        0.0005144579
        1.7385962156	        0.9325289769	        0.3435484249	        0.1656417727	       12.7377724721	        0.0018560617	        0.0024500818	        0.0023580123	        0.0016511040	        0.0125389448	        0.0021176221	        0.0023115786	        0.0020098178	        0.0005399393
        1.7653791443	        0.9081185835	        0.3244082198	        0.2545781870	       12.9420422039	        0.0018062737	        0.0021920165	        0.0021808039	        0.0015927176	        0.0131199224	        0.0023961137	        0.0022132376	        0.0019936828	        0.0005611269
        1.7898014704	        0.8827158051	        0.3061852309	        0.3516709659	       13.1448342545	        0.0017403677	        0.0019425645	        0.0019879527	        0.0015176239	        0.0136755861	        0.0027022120	        0.0021008608	        0.0019590997	        0.0005772987
        1.8120056873	        0.8562586599	        0.2888501129	        0.4519789639	       13.3451015496	        0.0016611107	        0.0017047949	        0.0017857165	        0.0014280711	        0.0141978869	        0.0030364349	        0.0019763889	        0.0019070914	        0.0005879598
        1.8321391985	        0.8286722187	        0.2723665995	        0.5517392359	       13.5429687022	        0.0015714970	        0.0014812726	        0.0015802226	        0.0013269711	        0.0146760280	        0.0033979215	        0.0018419568	        0.0018392915	        0.0005928368
        1.8503507799	        0.7998726049	        0.2566919030	        0.6483755866	       13.7412215074	        0.0014738598	        0.0012739641	        0.0013771312	        0.0012173979	        0.0150958798	        0.0037837535	        0.0016998212	        0.0017576625	        0.0005918365
        1.8667877045	        0.7697720402	        0.2417799273	        0.7368099924	       13.9359113583	        0.0013729855	        0.0010842041	        0.0011814226	        0.0011024945	        0.0154395325	        0.0041881452	        0.0015523082	        0.0016643393	        0.0005850321
        1.8815934821	        0.7382854280	        0.2275803315	        0.8130435193	       14.1304843220	        0.0012706152	        0.0009127138	        0.0009971508	        0.0009853040	        0.0156850585	        0.0046015468	        0.0014017696	        0.0015614875	        0.0005726434
        1.8949061510	        0.7053389942	        0.2140399737	        0.8703269818	       14.3237042444	        0.0011707073	        0.0007596521	        0.0008274658	        0.0008687304	        0.0158067471	        0.0050098285	        0.0012505531	        0.0014512371	        0.0005550311
        1.9068570493	        0.6708814111	        0.2011015974	        0.9031979459	       14.5148824060	        0.0010764371	        0.0006246899	        0.0006746065	        0.0007554215	        0.0157760553	        0.0053938085	        0.0011009761	        0.0013356036	        0.0005326735
        1.9175699947	        0.6348975848	        0.1887058479	        0.9073766922	       14.7032823833	        0.0009902449	        0.0005070972	        0.0005399966	        0.0006476018	        0.0155636641	        0.0057295697	        0.0009553037	        0.0012164503	        0.0005061437
        1.9271607996	        0.5974247837	        0.1767965760	        0.8787897842	       14.8905647944	        0.0009135994	        0.0004058366	        0.0004243415	        0.0005470938	        0.0151429333	        0.0059900924	        0.0008157200	        0.0010955698	        0.0004761300
        1.9357370589	        0.5585700611	        0.1653279330	        0.8129600052	       15.0763836137	        0.0008483006	        0.0003196567	        0.0003276845	        0.0004554798	        0.0144948050	        0.0061486448	        0.0006842845	        0.0009748757	        0.0004435077
        1.9433981504	        0.5185270104	        0.1542709027	        0.7078745104	       15.2582188820	        0.0007965112	        0.0002471843	        0.0002493752	        0.0003741741	        0.0136137265	        0.0061839852	        0.0005628659	        0.0008565803	        0.0004094111
        1.9502353978	        0.4775889531	        0.1436176524	        0.5572152773	       15.4380773856	        0.0007575987	        0.0001870070	        0.0001879610	        0.0003043345	        0.0125134707	        0.0060866818	        0.0004530515	        0.0007431833	        0.0003752140
        1.9563323538	        0.4361550031	        0.1333717234	        0.3560779868	       15.6172562352	        0.0007321828	        0.0001377481	        0.0001411224	        0.0002463852	        0.0112309420	        0.0058648667	        0.0003560399	        0.0006370932	        0.0003423128
        1.9617651675	        0.3947253513	        0.1235300929	        0.1088843897	       15.7894692585	        0.0007207067	        0.0000981242	        0.0001058590	        0.0001993440	        0.0098258982	        0.0055472268	        0.0002725376	        0.0005400179	        0.0003117610
        1.9666030060	        0.3538825660	        0.1140722832	       -0.1913673959	       15.9582352092	        0.0007221987	        0.0000669834	        0.0000790627	        0.0001609650	        0.0083751076	        0.0051813985	        0.0002026902	        0.0004526513	        0.0002840535
        1.9709085097	        0.3142867947	        0.1049554220	       -0.5518448355	       16.1269243577	        0.0007361619	        0.0000438209	        0.0000582527	        0.0001287677	        0.0069622575	        0.0048278207	        0.0001461116	        0.0003748993	        0.0002592257
        1.9747382607	        0.2768664058	        0.0961288375	       -0.9682365915	       16.2926761697	        0.0007618405	        0.0000316627	        0.0000420025	        0.0001012352	        0.0056707835	        0.0045494761	        0.0001022018	        0.0003063793	        0.0002371400
        1.9781432525	        0.2422474924	        0.0875569329	       -1.4381828549	       16.4548993202	        0.0007980190	        0.0000220400	        0.0000295247	        0.0000777695	        0.0045347201	        0.0043590680	        0.0000694495	        0.0002467244	        0.0002177054
        1.9811693494	        0.2104745051	        0.0792271869	       -1.9647041546	       16.6146220259	        0.0008439906	        0.0000147240	        0.0000202318	        0.0000582367	        0.0035615875	        0.0042605401	        0.0000457486	        0.0001955951	        0.0002009693
        1.9838577298	        0.1815348270	        0.0711453169	       -2.5385054881	       16.7707661797	        0.0008979680	        0.0000094175	        0.0000135452	        0.0000425209	        0.0027483357	        0.0042494890	        0.0000291480	        0.0001525594	        0.0001869625
        1.9862453073	        0.1553551168	        0.0633293261	       -3.1392101516	       16.9202555072	        0.0009571982	        0.0000057582	        0.0000088763	        0.0000302805	        0.0020835952	        0.0043156272	        0.0000179156	        0.0001170061	        0.0001753962
        1.9883651267	        0.1318064173	        0.0558043992	       -3.7670965315	       17.0638246987	        0.0010208153	        0.0000033608	        0.0000056871	        0.0000209893	        0.0015507870	        0.0044455446	        0.0000105872	        0.0000881488	        0.0001660568
        1.9902467340	        0.1107175647	        0.0485957033	       -4.4285066999	       17.2035248603	        0.0010886255	        0.0000018677	        0.0000035448	        0.0000140870	        0.0011311554	        0.0046250405	        0.0000059873	        0.0000651029	        0.0001590429
        1.9919165179	        0.0918923079	        0.0417243309	       -5.1142302728	       17.3393796695	        0.0011594764	        0.0000009836	        0.0000021319	        0.0000090790	        0.0008060732	        0.0048406972	        0.0000032186	        0.0000469775	        0.0001546166
        1.9933980257	        0.0751252248	        0.0352070429	       -5.8069022415	       17.4702851406	        0.0012317802	        0.0000004869	        0.0000012234	        0.0000055563	        0.0005584309	        0.0050807173	        0.0000016288	        0.0000329407	        0.0001531040
        1.9947122508	        0.0602136949	        0.0290565322	       -6.4918790070	       17.5952432461	        0.0013040634	        0.0000002235	        0.0000006599	        0.0000031811	        0.0003732645	        0.0053352154	        0.0000007647	        0.0000222543	        0.0001548886
        1.9958778967	        0.0469654773	        0.0232811337	       -7.1578249746	       17.7134939629	        0.0013750788	        0.0000000931	        0.0000003277	        0.0000016684	        0.0002378881	        0.0055961866	        0.0000003257	        0.0000142863	        0.0001604602
        1.9969116151	        0.0352026973	        0.0178845057	       -7.7963830447	       17.8245245977	        0.0014438340	        0.0000000340	        0.0000001449	        0.0000007756	        0.0001417629	        0.0058573236	        0.0000001214	        0.0000085105	        0.0001705212
        1.9978282231	        0.0247633689	        0.0128655704	       -8.4017539935	       17.9280515091	        0.0015095847	        0.0000000102	        0.0000000538	        0.0000003014	        0.0000762537	        0.0061137812	        0.0000000371	        0.0000044985	        0.0001862129
        1.9986408981	        0.0155014256	        0.0082187654	       -8.9702575425	       18.0239885664	        0.0015718101	        0.0000000022	        0.0000000148	        0.0000000862	        0.0000343562	        0.0063619433	        0.0000000081	        0.0000019084	        0.0002096627
        1.9993613540	        0.0072859447	        0.0039345404	       -9.4999161264	       18.1124110487	        0.0016301809	        0.0000000002	        0.0000000021	        0.0000000124	        0.0000104371	        0.0065992095	        0.0000000009	        0.0000004744	        0.0002456770
        2.0000000000	        0.0000000000	        0.0000000000	       -9.9900821251	       18.1935200192	        0.0016845253	        0.0000000000	        0.0000000000	        0.0000000000	        0.0000000000	        0.0068238090	        0.0000000000	        0.0000000000	        0.0003101679
