        0.0000000000	        0.0000000000	        1.0000000000	        5.7282948459	       30.0721876987	        0.0005560177	        0.0000000000	        0.0000000000	        0.0000000000	        0.0000000000	        0.0053455434	        0.0000000000	        0.0000000000	        0.0000011790
        0.0006386460	        0.0056806917	        0.9987094902	        5.3685289479	       30.0603928596	        0.0005254654	        0.0000000000	        0.0000000007	        0.0000000013	        0.0000049056	        0.0052234544	        0.0000000002	        0.0000000018	        0.0000010390
        0.0013591019	        0.0120848987	        0.9973409779	        4.9858335742	       30.0474707158	        0.0004930729	        0.0000000004	        0.0000000042	        0.0000000077	        0.0000161911	        0.0050919500	        0.0000000017	        0.0000000061	        0.0000009785
        0.0021717769	        0.0193033782	        0.9959005228	        4.5824781157	       30.0333458738	        0.0004590629	        0.0000000019	        0.0000000141	        0.0000000240	        0.0000360598	        0.0049512450	        0.0000000081	        0.0000000137	        0.0000009662
        0.0030883849	        0.0274378513	        0.9943966213	        4.1619373964	       30.0179360489	        0.0004237624	        0.0000000065	        0.0000000357	        0.0000000561	        0.0000673061	        0.0048018664	        0.0000000270	        0.0000000255	        0.0000009874
        0.0041221033	        0.0366021598	        0.9928401910	        3.7290741550	       30.0011449366	        0.0003876166	        0.0000000181	        0.0000000767	        0.0000001102	        0.0001134499	        0.0046447384	        0.0000000738	        0.0000000428	        0.0000010316
        0.0052877492	        0.0469234404	        0.9912443359	        3.2902575049	       29.9828494713	        0.0003511931	        0.0000000443	        0.0000001482	        0.0000001927	        0.0001788985	        0.0044812832	        0.0000001774	        0.0000000672	        0.0000010903
        0.0066019743	        0.0585432358	        0.9896238390	        2.8533452672	       29.9628782100	        0.0003151734	        0.0000000988	        0.0000002663	        0.0000003103	        0.0002691346	        0.0043135368	        0.0000003880	        0.0000001003	        0.0000011557
        0.0080834821	        0.0716183882	        0.9879943640	        2.4274148805	       29.9409759509	        0.0002803155	        0.0000002052	        0.0000004544	        0.0000004701	        0.0003909317	        0.0041442827	        0.0000007893	        0.0000001441	        0.0000012208
        0.0097532660	        0.0863214533	        0.9863713912	        2.0220630309	       29.9167473178	        0.0002473737	        0.0000004025	        0.0000007464	        0.0000006795	        0.0005525905	        0.0039771995	        0.0000015162	        0.0000002009	        0.0000012801
        0.0116348733	        0.1028402127	        0.9847689680	        1.6459986421	       29.8895686029	        0.0002169458	        0.0000007531	        0.0000011914	        0.0000009469	        0.0007641757	        0.0038170155	        0.0000027782	        0.0000002731	        0.0000013298
        0.0137546927	        0.1213756596	        0.9831983443	        1.3052350417	       29.8585486085	        0.0001893057	        0.0000013521	        0.0000018596	        0.0000012830	        0.0010377114	        0.0036696512	        0.0000048891	        0.0000003634	        0.0000013683
        0.0161422702	        0.1421376381	        0.9816664274	        1.0055834290	       29.8232270611	        0.0001648919	        0.0000023382	        0.0000028517	        0.0000017026	        0.0013872508	        0.0035423100	        0.0000083040	        0.0000004753	        0.0000013970
        0.0188306506	        0.1653372752	        0.9801746206	        0.7491823331	       29.7836434503	        0.0001440462	        0.0000039020	        0.0000043086	        0.0000022283	        0.0018286806	        0.0034434444	        0.0000136590	        0.0000006130	        0.0000014199
        0.0218567475	        0.1911757129	        0.9787177781	        0.5363824924	       29.7395580213	        0.0001269163	        0.0000062882	        0.0000064239	        0.0000028942	        0.0023790585	        0.0033824867	        0.0000218099	        0.0000007825	        0.0000014439
        0.0252617393	        0.2198296896	        0.9772837181	        0.3663651614	       29.6901261059	        0.0001134126	        0.0000097848	        0.0000094491	        0.0000037489	        0.0030552698	        0.0033692042	        0.0000338609	        0.0000009916	        0.0000014794
        0.0290914903	        0.2514361613	        0.9758537737	        0.2358486115	       29.6349613272	        0.0001033159	        0.0000146973	        0.0000136833	        0.0000048542	        0.0038718828	        0.0034125605	        0.0000511725	        0.0000012511	        0.0000015402
        0.0333969940	        0.2860794995	        0.9744040858	        0.1388296707	       29.5739222267	        0.0000962738	        0.0000213156	        0.0000194502	        0.0000062824	        0.0048383593	        0.0035190823	        0.0000753433	        0.0000015749	        0.0000016419
        0.0382348325	        0.3237844060	        0.9729068830	        0.0692125185	       29.5055277191	        0.0000919130	        0.0000298880	        0.0000270870	        0.0000081186	        0.0059561413	        0.0036909417	        0.0001081599	        0.0000019815	        0.0000017986
        0.0436676462	        0.3645149985	        0.9713323134	        0.0203722747	       29.4299700507	        0.0000898424	        0.0000406200	        0.0000369704	        0.0000104651	        0.0072163827	        0.0039242085	        0.0001515225	        0.0000024954	        0.0000020243
        0.0497646022	        0.4079763647	        0.9696500423	       -0.0139151793	       29.3467459367	        0.0000897363	        0.0000565200	        0.0000496088	        0.0000134586	        0.0085938717	        0.0042080001	        0.0002071146	        0.0000031482	        0.0000023351
        0.0566018496	        0.4533300786	        0.9678305418	       -0.0387741644	       29.2537264487	        0.0000913865	        0.0000819207	        0.0000657747	        0.0000172910	        0.0100271479	        0.0045119827	        0.0002756673	        0.0000039811	        0.0000027490
        0.0642629411	        0.4996935748	        0.9658463438	       -0.0580388042	       29.1509871187	        0.0000947162	        0.0001141254	        0.0000866553	        0.0000222303	        0.0114220379	        0.0047830545	        0.0003571052	        0.0000050449	        0.0000032852
        0.0728392004	        0.5464222754	        0.9636732088	       -0.0741991840	       29.0382994558	        0.0000997780	        0.0001540243	        0.0001138883	        0.0000286163	        0.0126935126	        0.0049779564	        0.0004509492	        0.0000063986	        0.0000039614
        0.0824300053	        0.5929190384	        0.9612902442	       -0.0886094710	       28.9127551246	        0.0001067324	        0.0002025568	        0.0001492591	        0.0000367884	        0.0137695717	        0.0050672118	        0.0005559610	        0.0000081036	        0.0000047901
        0.0931429507	        0.6386683554	        0.9586780603	       -0.1017755679	       28.7744741756	        0.0001158085	        0.0002606619	        0.0001943697	        0.0000470348	        0.0146002648	        0.0050385191	        0.0006702047	        0.0000102196	        0.0000057760
        0.1050938490	        0.6832562940	        0.9558155732	       -0.1136184771	       28.6223749098	        0.0001272611	        0.0003292153	        0.0002503792	        0.0000595754	        0.0151609250	        0.0048959587	        0.0007911774	        0.0000128047	        0.0000069177
        0.1184065179	        0.7263757600	        0.9526769595	       -0.1237849636	       28.4534713357	        0.0001413325	        0.0004089599	        0.0003178746	        0.0000745707	        0.0154501300	        0.0046559464	        0.0009159735	        0.0000159186	        0.0000082106
        0.1332122955	        0.7678194074	        0.9492297699	       -0.1317784708	       28.2681915826	        0.0001581659	        0.0005004369	        0.0003968091	        0.0000921233	        0.0154843133	        0.0043417803	        0.0010414558	        0.0000196247	        0.0000096488
        0.1496492201	        0.8074640818	        0.9454345588	       -0.1371458978	       28.0644275741	        0.0001778417	        0.0006039278	        0.0004864704	        0.0001122595	        0.0152912422	        0.0039785330	        0.0011644138	        0.0000239879	        0.0000112240
        0.1678608015	        0.8452507961	        0.9412453787	       -0.1395921955	       27.8408020319	        0.0002002827	        0.0007194208	        0.0005854350	        0.0001348977	        0.0149040615	        0.0035893377	        0.0012817113	        0.0000290698	        0.0000129235
        0.1879943127	        0.8811633934	        0.9366103776	       -0.1391268543	       27.5945817227	        0.0002252761	        0.0008466238	        0.0006915339	        0.0001598292	        0.0143568054	        0.0031933285	        0.0013904277	        0.0000349241	        0.0000147287
        0.2101985296	        0.9152078656	        0.9314716241	       -0.1356994718	       27.3245914380	        0.0002524696	        0.0009850495	        0.0008018500	        0.0001866974	        0.0136816096	        0.0028049791	        0.0014880097	        0.0000415921	        0.0000166135
        0.2346208557	        0.9473932433	        0.9257654757	       -0.1294543411	       27.0300887584	        0.0002813209	        0.0011342071	        0.0009127949	        0.0002149793	        0.0129074532	        0.0024343808	        0.0015724440	        0.0000490988	        0.0000185440
        0.2614037844	        0.9777143138	        0.9194227844	       -0.1208856981	       26.7078500957	        0.0003111714	        0.0012939404	        0.0010203232	        0.0002440204	        0.0120601054	        0.0020880188	        0.0016424623	        0.0000574577	        0.0000204804
        0.2906806794	        1.0061363131	        0.9123683679	       -0.1108129812	       26.3571611080	        0.0003413783	        0.0014649547	        0.0011202933	        0.0002731182	        0.0111629449	        0.0017697236	        0.0016977766	        0.0000666846	        0.0000223824
        0.3225708876	        1.0325823741	        0.9045197503	       -0.1001277566	       25.9761295809	        0.0003713208	        0.0016495580	        0.0012089764	        0.0003016152	        0.0102383442	        0.0014815897	        0.0017393230	        0.0000768131	        0.0000242133
        0.3571742551	        1.0569260770	        0.8957869119	       -0.0897229236	       25.5627270767	        0.0004005475	        0.0018525833	        0.0012837850	        0.0003290064	        0.0093092755	        0.0012247361	        0.0017694514	        0.0000879133	        0.0000259438
        0.3945651751	        1.0789938164	        0.8860742773	       -0.0807601842	       25.1154198387	        0.0004289244	        0.0020823169	        0.0013439515	        0.0003550766	        0.0084006335	        0.0009998137	        0.0017919417	        0.0001001084	        0.0000275559
        0.4347863703	        1.0985836552	        0.8752837300	       -0.0737735293	       24.6338623786	        0.0004566190	        0.0023509927	        0.0013911675	        0.0003799908	        0.0075395228	        0.0008071822	        0.0018116762	        0.0001135820	        0.0000290455
        0.4778426900	        1.1155055929	        0.8633259738	       -0.0693654746	       24.1152686627	        0.0004841410	        0.0026740324	        0.0014296798	        0.0004043264	        0.0067536850	        0.0006467316	        0.0018338323	        0.0001285702	        0.0000304261
        0.5236952751	        1.1296383743	        0.8501336084	       -0.0674258799	       23.5622405796	        0.0005122370	        0.0030669989	        0.0014656285	        0.0004290137	        0.0060678294	        0.0005174641	        0.0018626837	        0.0001453500	        0.0000317363
        0.5722565058	        1.1409816319	        0.8356784361	       -0.0677260818	       22.9725552763	        0.0005417220	        0.0035396733	        0.0015056141	        0.0004551512	        0.0054990645	        0.0004171454	        0.0019004695	        0.0001642534	        0.0000330536
        0.6233861842	        1.1496736934	        0.8199799181	       -0.0705005609	       22.3493876867	        0.0005735471	        0.0040882744	        0.0015548237	        0.0004838936	        0.0050538967	        0.0003423547	        0.0019469747	        0.0001857888	        0.0000345227
        0.6768894010	        1.1559607845	        0.8030914089	       -0.0770234512	       21.6935006683	        0.0006090248	        0.0046890563	        0.0016158677	        0.0005166437	        0.0047287160	        0.0002890081	        0.0020000897	        0.0002109478	        0.0000363988
        0.7325164896	        1.1601336834	        0.7850580495	       -0.0882984264	       21.0078119476	        0.0006503728	        0.0052976104	        0.0016885734	        0.0005551862	        0.0045133759	        0.0002530815	        0.0020569424	        0.0002414331	        0.0000390568
        0.7899653716	        1.1624637198	        0.7658773011	       -0.1027695180	       20.2962497344	        0.0006998273	        0.0058564460	        0.0017710814	        0.0006012199	        0.0043956889	        0.0002311879	        0.0021149243	        0.0002795057	        0.0000429403
        0.8488864424	        1.1631604329	        0.7455125144	       -0.1195636925	       19.5649628885	        0.0007588264	        0.0063091561	        0.0018612544	        0.0006559754	        0.0043648633	        0.0002208537	        0.0021722352	        0.0003277055	        0.0000485270
        0.9088899606	        1.1623549593	        0.7239160170	       -0.1387851488	       18.8204452015	        0.0008285134	        0.0066155909	        0.0019578325	        0.0007205297	        0.0044131959	        0.0002205428	        0.0022279878	        0.0003887981	        0.0000563568
        0.9695556872	        1.1601029304	        0.7010502956	       -0.1585125718	       18.0693742985	        0.0009095187	        0.0067614706	        0.0020611169	        0.0007961944	        0.0045362761	        0.0002295470	        0.0022820719	        0.0004655207	        0.0000670293
        1.0304443128	        1.1563996161	        0.6769031393	       -0.1758021339	       17.3191674709	        0.0010008097	        0.0067588042	        0.0021650432	        0.0008808099	        0.0047322070	        0.0002478234	        0.0023349289	        0.0005590911	        0.0000809902
        1.0911100394	        1.1512023165	        0.6515376685	       -0.1894670843	       16.5784727131	        0.0010999786	        0.0066380873	        0.0022713913	        0.0009725525	        0.0050002732	        0.0002758163	        0.0023872842	        0.0006690942	        0.0000985125
        1.1511135576	        1.1444562070	        0.6251739226	       -0.1991839914	       15.8539479181	        0.0012043590	        0.0064367591	        0.0023885413	        0.0010708333	        0.0053394204	        0.0003142728	        0.0024398353	        0.0007931628	        0.0001196084
        1.2100346284	        1.1361193505	        0.5981604326	       -0.2021372706	       15.1503931984	        0.0013104343	        0.0061892048	        0.0025155154	        0.0011716711	        0.0057469196	        0.0003640667	        0.0024929032	        0.0009262476	        0.0001438284
        1.2674835104	        1.1261819699	        0.5709137271	       -0.1968461186	       14.4756604463	        0.0014127108	        0.0059208927	        0.0026491319	        0.0012706853	        0.0062175803	        0.0004260529	        0.0025461115	        0.0010621958	        0.0001704436
        1.3231105990	        1.1146757661	        0.5438700044	       -0.1866612667	       13.8292302533	        0.0015071143	        0.0056468551	        0.0027838684	        0.0013639235	        0.0067437338	        0.0005009867	        0.0025981948	        0.0011956042	        0.0001987268
        1.3766138158	        1.1016720410	        0.5174014491	       -0.1765222148	       13.2158114960	        0.0015933208	        0.0053733828	        0.0029124082	        0.0014494821	        0.0073159275	        0.0005895213	        0.0026470144	        0.0013234400	        0.0002282697
        1.4277434942	        1.0872711932	        0.4917581414	       -0.1649550518	       12.6326209568	        0.0016712029	        0.0051010469	        0.0030265422	        0.0015265551	        0.0079240076	        0.0006922771	        0.0026897819	        0.0014442738	        0.0002589031
        1.4763047249	        1.0715881102	        0.4670903030	       -0.1486989585	       12.0839583002	        0.0017386984	        0.0048275718	        0.0031179761	        0.0015936267	        0.0085581939	        0.0008099469	        0.0027234131	        0.0015567617	        0.0002904371
        1.5221573100	        1.0547377175	        0.4434830560	       -0.1268795732	       11.5677656662	        0.0017946748	        0.0045500402	        0.0031793557	        0.0016488387	        0.0092098576	        0.0009434043	        0.0027449029	        0.0016594860	        0.0003226189
        1.5652136297	        1.0368235209	        0.4209706750	       -0.0978811235	       11.0837797408	        0.0018374245	        0.0042663066	        0.0032045492	        0.0016903291	        0.0098718831	        0.0010937859	        0.0027516372	        0.0017511111	        0.0003551498
        1.6054348249	        1.0179301437	        0.3995532061	       -0.0640416694	       10.6302320334	        0.0018665819	        0.0039756501	        0.0031895162	        0.0017169647	        0.0105386512	        0.0012625352	        0.0027416003	        0.0018307446	        0.0003877448
        1.6428257449	        0.9981195196	        0.3791953881	       -0.0240722355	       10.2041227417	        0.0018815504	        0.0036789178	        0.0031325225	        0.0017283529	        0.0112057529	        0.0014514058	        0.0027134755	        0.0018977715	        0.0004200907
        1.6774291124	        0.9774297968	        0.3598417362	        0.0227324069	        9.8055538683	        0.0018819999	        0.0033782942	        0.0030341457	        0.0017242094	        0.0118695501	        0.0016624276	        0.0026666622	        0.0019514617	        0.0004517476
        1.7093193206	        0.9558758848	        0.3414259204	        0.0801109624	        9.4314539488	        0.0018676985	        0.0030769197	        0.0028973368	        0.0017041807	        0.0125266691	        0.0018978356	        0.0026012343	        0.0019908819	        0.0004821151
        1.7385962156	        0.9334508478	        0.3238856528	        0.1484930319	        9.0796674632	        0.0018378701	        0.0027784561	        0.0027269384	        0.0016678743	        0.0131734701	        0.0021599575	        0.0025178638	        0.0020150249	        0.0005104635
        1.7653791443	        0.9101276576	        0.3071640862	        0.2268466662	        8.7490833545	        0.0017929712	        0.0024867079	        0.0025292161	        0.0016154985	        0.0138055055	        0.0024510452	        0.0024177280	        0.0020231326	        0.0005360315
        1.7898014704	        0.8858611504	        0.2912086318	        0.3139244766	        8.4372827354	        0.0017340245	        0.0022053106	        0.0023114322	        0.0015479757	        0.0144169612	        0.0027730308	        0.0023024117	        0.0020148561	        0.0005580963
        1.8120056873	        0.8605901600	        0.2759706295	        0.4082339796	        8.1433500667	        0.0016627300	        0.0019374966	        0.0020811469	        0.0014667212	        0.0150000745	        0.0031271800	        0.0021738134	        0.0019902473	        0.0005760067
        1.8321391985	        0.8342399341	        0.2614053881	        0.5067344786	        7.8647547193	        0.0015806312	        0.0016859397	        0.0018458075	        0.0013736667	        0.0155445298	        0.0035136131	        0.0020340600	        0.0019497803	        0.0005892266
        1.8503507799	        0.8067250809	        0.2474707113	        0.6054824488	        7.6008433237	        0.0014901015	        0.0014526727	        0.0016122755	        0.0012712011	        0.0160368482	        0.0039306688	        0.0018854332	        0.0018943209	        0.0005973667
        1.8667877045	        0.7779534121	        0.2341250341	        0.6993446674	        7.3510098131	        0.0013944286	        0.0012390642	        0.0013864741	        0.0011620254	        0.0164598261	        0.0043740976	        0.0017303084	        0.0018250491	        0.0006001979
        1.8815934821	        0.7478311431	        0.2213251298	        0.7826969725	        7.1148196187	        0.0012966893	        0.0010458406	        0.0011732695	        0.0010490200	        0.0167921224	        0.0048361158	        0.0015711063	        0.0017433653	        0.0005976514
        1.8949061510	        0.7162699729	        0.2090245404	        0.8497652461	        6.8914496875	        0.0011998669	        0.0008731396	        0.0009763801	        0.0009350052	        0.0170081732	        0.0053044169	        0.0014102563	        0.0016507550	        0.0005897928
        1.9068570493	        0.6831965526	        0.1971728928	        0.8949050372	        6.6790709392	        0.0011064073	        0.0007205855	        0.0007984148	        0.0008225481	        0.0170786944	        0.0057613609	        0.0012501672	        0.0015486709	        0.0005767884
        1.9175699947	        0.6485647207	        0.1857168179	        0.9122338658	        6.4800677082	        0.0010200924	        0.0005873771	        0.0006410050	        0.0007138659	        0.0169721126	        0.0061837099	        0.0010932032	        0.0014384848	        0.0005588818
        1.9271607996	        0.6123705544	        0.1746027575	        0.8974625991	        6.2931124791	        0.0009426994	        0.0004723816	        0.0005049640	        0.0006107892	        0.0166572923	        0.0065434379	        0.0009416563	        0.0013215422	        0.0005364016
        1.9357370589	        0.5746696978	        0.1637842036	        0.8461990928	        6.1171606562	        0.0008756742	        0.0003742300	        0.0003904227	        0.0005148834	        0.0161078160	        0.0068101992	        0.0007977095	        0.0011993644	        0.0005098277
        1.9433981504	        0.5355956025	        0.1532310889	        0.7555537686	        5.9546845236	        0.0008211335	        0.0002914108	        0.0002968585	        0.0004276571	        0.0153077475	        0.0069558600	        0.0006633838	        0.0010739653	        0.0004799173
        1.9502353978	        0.4953763831	        0.1429397157	        0.6196107283	        5.8027395551	        0.0007790255	        0.0002223593	        0.0002230302	        0.0003507470	        0.0142581928	        0.0069609289	        0.0005404627	        0.0009481298	        0.0004478317
        1.9563323538	        0.4543471677	        0.1329320208	        0.4361435089	        5.6628356958	        0.0007501571	        0.0001655387	        0.0001667791	        0.0002855232	        0.0129831631	        0.0068217723	        0.0004303981	        0.0008252795	        0.0004150836
        1.9617651675	        0.4129543035	        0.1232423409	        0.1984284266	        5.5336633714	        0.0007345755	        0.0001195088	        0.0001249753	        0.0002322086	        0.0115325221	        0.0065564848	        0.0003342074	        0.0007087784	        0.0003832086
        1.9666030060	        0.3717475138	        0.1138895361	       -0.0960562680	        5.4151717762	        0.0007320003	        0.0000829745	        0.0000939021	        0.0001891973	        0.0099796747	        0.0062068309	        0.0002523819	        0.0006010441	        0.0003533189
        1.9709085097	        0.3313557819	        0.1048599765	       -0.4474003744	        5.3080646999	        0.0007420480	        0.0000548005	        0.0000701298	        0.0001535558	        0.0084126584	        0.0058344561	        0.0001848309	        0.0005031923	        0.0003259119
        1.9747382607	        0.2926191112	        0.0961158032	       -0.8593648041	        5.2104581069	        0.0007638883	        0.0000369043	        0.0000513963	        0.0001227584	        0.0069275952	        0.0055144800	        0.0001311467	        0.0004154568	        0.0003010887
        1.9781432525	        0.2563907700	        0.0876184942	       -1.3365626316	        5.1217388802	        0.0007971335	        0.0000259916	        0.0000366459	        0.0000957659	        0.0055929822	        0.0052956091	        0.0000902734	        0.0003377995	        0.0002789036
        1.9811693494	        0.2230203009	        0.0793474013	       -1.8726885308	        5.0418813146	        0.0008404784	        0.0000175706	        0.0000253676	        0.0000725831	        0.0044327558	        0.0051879110	        0.0000602447	        0.0002701575	        0.0002595565
        1.9838577298	        0.1925273044	        0.0713051007	       -2.4532029782	        4.9709826835	        0.0008918658	        0.0000113654	        0.0000170792	        0.0000534039	        0.0034496272	        0.0051910002	        0.0000388809	        0.0002123538	        0.0002433676
        1.9862453073	        0.1648685912	        0.0635120984	       -3.0746160392	        4.9083889492	        0.0009500427	        0.0000070205	        0.0000112122	        0.0000381694	        0.0026357923	        0.0052959940	        0.0000241986	        0.0001639553	        0.0002303607
        1.9883651267	        0.1399387655	        0.0559960464	       -3.7374578830	        4.8530855751	        0.0010141149	        0.0000041345	        0.0000071800	        0.0000264893	        0.0019759928	        0.0054886094	        0.0000144730	        0.0001242280	        0.0002202713
        1.9902467340	        0.1175810376	        0.0487838415	       -4.4308415873	        4.8041858105	        0.0010825894	        0.0000023157	        0.0000044686	        0.0000177791	        0.0014509796	        0.0057521766	        0.0000082791	        0.0000922076	        0.0002131686
        1.9919165179	        0.0976044940	        0.0418991382	       -5.1371106431	        4.7609254917	        0.0011537782	        0.0000012278	        0.0000026825	        0.0000114522	        0.0010404504	        0.0060699287	        0.0000044992	        0.0000668307	        0.0002094304
        1.9933980257	        0.0798020157	        0.0353618810	       -5.8406789746	        4.7226391720	        0.0012260452	        0.0000006114	        0.0000015365	        0.0000070026	        0.0007250237	        0.0064263967	        0.0000023003	        0.0000470498	        0.0002095672
        1.9947122508	        0.0639647678	        0.0291876984	       -6.5290778343	        4.6887448190	        0.0012979458	        0.0000002822	        0.0000008275	        0.0000040053	        0.0004872837	        0.0068080602	        0.0000010905	        0.0000319043	        0.0002141854
        1.9958778967	        0.0498919337	        0.0233872524	       -7.1928163900	        4.6587318636	        0.0013682874	        0.0000001181	        0.0000004104	        0.0000020988	        0.0003121623	        0.0072035192	        0.0000004687	        0.0000205533	        0.0002240560
        1.9969116151	        0.0373962076	        0.0179658557	       -7.8250630999	        4.6321513793	        0.0014361405	        0.0000000433	        0.0000001813	        0.0000009751	        0.0001869326	        0.0076034093	        0.0000001761	        0.0000122860	        0.0002402797
        1.9978282231	        0.0263062275	        0.0129234884	       -8.4212536291	        4.6086079116	        0.0015008231	        0.0000000130	        0.0000000673	        0.0000003788	        0.0001010147	        0.0080002096	        0.0000000542	        0.0000065169	        0.0002646374
        1.9986408981	        0.0164670832	        0.0082551793	       -8.9786881797	        4.5877526063	        0.0015618704	        0.0000000028	        0.0000000185	        0.0000001084	        0.0000457139	        0.0083880185	        0.0000000120	        0.0000027755	        0.0003004394
        1.9993613540	        0.0077397509	        0.0039516357	       -9.4961532662	        4.5692773732	        0.0016190013	        0.0000000003	        0.0000000026	        0.0000000156	        0.0000139489	        0.0087623334	        0.0000000013	        0.0000006937	        0.0003551552
        2.0000000000	        0.0000000000	        0.0000000000	       -9.9735852991	        4.5529098873	        0.0016720830	        0.0000000000	        0.0000000000	        0.0000000000	        0.0000000000	        0.0091198470	        0.0000000000	        0.0000000000	        0.0004535238
