        0.0000000000	        0.0000000000	        1.0000000000	        3.3801361769	       26.3484720521	        0.0009649784	        0.0000000000	        0.0000000000	        0.0000000000	        0.0000000000	        0.0062360015	        0.0000000000	        0.0000000000	        0.0000289316
        0.0006386460	        0.0058410201	        0.9977228182	        3.3062026724	       26.3421152104	        0.0009460477	        0.0000000001	        0.0000000007	        0.0000000026	        0.0000057228	        0.0060788649	        0.0000000002	        0.0000000443	        0.0000254634
        0.0013591019	        0.0124263842	        0.9952074703	        3.2245118200	       26.3350796999	        0.0009251789	        0.0000000005	        0.0000000048	        0.0000000165	        0.0000188604	        0.0059100107	        0.0000000022	        0.0000001503	        0.0000233443
        0.0021717769	        0.0198495712	        0.9924367029	        3.1345086257	       26.3273010425	        0.0009022469	        0.0000000022	        0.0000000164	        0.0000000552	        0.0000419425	        0.0057298047	        0.0000000101	        0.0000003353	        0.0000220855
        0.0030883849	        0.0282153767	        0.9893940511	        3.0356708646	       26.3187060305	        0.0008771393	        0.0000000076	        0.0000000425	        0.0000001393	        0.0000781631	        0.0055390141	        0.0000000336	        0.0000006223	        0.0000214957
        0.0041221033	        0.0376411031	        0.9860645146	        2.9275343116	       26.3092086002	        0.0008497637	        0.0000000211	        0.0000000935	        0.0000002966	        0.0001315281	        0.0053389088	        0.0000000919	        0.0000010417	        0.0000214813
        0.0052877492	        0.0482577592	        0.9824353862	        2.8097237486	       26.2987031235	        0.0008200557	        0.0000000515	        0.0000001841	        0.0000005630	        0.0002070284	        0.0051313779	        0.0000002201	        0.0000016325	        0.0000219859
        0.0066019743	        0.0602111700	        0.9784972382	        2.6819898284	       26.2870537085	        0.0007879895	        0.0000001147	        0.0000003347	        0.0000009829	        0.0003108408	        0.0049190611	        0.0000004796	        0.0000024449	        0.0000229652
        0.0080834821	        0.0736628186	        0.9742450620	        2.5442511370	       26.2740774107	        0.0007535882	        0.0000002379	        0.0000005741	        0.0000016103	        0.0004505541	        0.0047054960	        0.0000009723	        0.0000035408	        0.0000243731
        0.0097532660	        0.0887901112	        0.9696795460	        2.3966395455	       26.2595182573	        0.0007169353	        0.0000004662	        0.0000009424	        0.0000025100	        0.0006354096	        0.0044952753	        0.0000018607	        0.0000049952	        0.0000261526
        0.0116348733	        0.1057855790	        0.9648084571	        2.2395448916	       26.2430075457	        0.0006781840	        0.0000008712	        0.0000014962	        0.0000037597	        0.0008765328	        0.0042942035	        0.0000033952	        0.0000068942	        0.0000282302
        0.0137546927	        0.1248542976	        0.9596480656	        2.0736542880	       26.2240457121	        0.0006375665	        0.0000015619	        0.0000023163	        0.0000054516	        0.0011870986	        0.0041094265	        0.0000059481	        0.0000093309	        0.0000305112
        0.0161422702	        0.1462086151	        0.9542245222	        1.8999922285	       26.2023054689	        0.0005954233	        0.0000026959	        0.0000035187	        0.0000076936	        0.0015823298	        0.0039494832	        0.0000100536	        0.0000123961	        0.0000328775
        0.0188306506	        0.1700592981	        0.9485750388	        1.7199178042	       26.1776627143	        0.0005522007	        0.0000044881	        0.0000052699	        0.0000106071	        0.0020791617	        0.0038241869	        0.0000164506	        0.0000161617	        0.0000351889
        0.0218567475	        0.1966027493	        0.9427486204	        1.5352737205	       26.1498704006	        0.0005084556	        0.0000072105	        0.0000078049	        0.0000143156	        0.0026953501	        0.0037442049	        0.0000261203	        0.0000206563	        0.0000372935
        0.0252617393	        0.2260052841	        0.9368059125	        1.3484382951	       26.1184113766	        0.0004648441	        0.0000111769	        0.0000114422	        0.0000189120	        0.0034478055	        0.0037201829	        0.0000403099	        0.0000258331	        0.0000390562
        0.0290914903	        0.2583873356	        0.9308174223	        1.1622515854	       26.0826968401	        0.0004221408	        0.0000167126	        0.0000165800	        0.0000244014	        0.0043500980	        0.0037613116	        0.0000605322	        0.0000315412	        0.0000403828
        0.0333969940	        0.2938116474	        0.9248593420	        0.9798933423	       26.0422284116	        0.0003811990	        0.0000241170	        0.0000236833	        0.0000306584	        0.0054094153	        0.0038734008	        0.0000885338	        0.0000375198	        0.0000411764
        0.0382348325	        0.3322783925	        0.9190069095	        0.8047402127	       25.9970012024	        0.0003428828	        0.0000336411	        0.0000332821	        0.0000374518	        0.0066236462	        0.0040567856	        0.0001262337	        0.0000434370	        0.0000413254
        0.0436676462	        0.3737266385	        0.9133266297	        0.6402582803	       25.9461316747	        0.0003080447	        0.0000454940	        0.0000460324	        0.0000445583	        0.0079794214	        0.0043046342	        0.0001756413	        0.0000489704	        0.0000407878
        0.0497646022	        0.4175395925	        0.9078697541	        0.4896709172	       25.8883131758	        0.0002774848	        0.0000669133	        0.0000628628	        0.0000519042	        0.0094382963	        0.0046028581	        0.0002381032	        0.0000539020	        0.0000396266
        0.0566018496	        0.4627525908	        0.9026691389	        0.3555263009	       25.8230551947	        0.0002518770	        0.0000960201	        0.0000852178	        0.0000596596	        0.0109116409	        0.0048995465	        0.0003139120	        0.0000581837	        0.0000379960
        0.0642629411	        0.5086336618	        0.8977400981	        0.2394680696	       25.7508542363	        0.0002316948	        0.0001327275	        0.0001153623	        0.0000682529	        0.0123074124	        0.0051426415	        0.0004029661	        0.0000619410	        0.0000361069
        0.0728392004	        0.5545469067	        0.8930812788	        0.1420671550	       25.6706675916	        0.0002172077	        0.0001780399	        0.0001562142	        0.0000781147	        0.0135430075	        0.0052922409	        0.0005045282	        0.0000654178	        0.0000341773
        0.0824300053	        0.5999283152	        0.8886729301	        0.0628243424	       25.5802309815	        0.0002085271	        0.0002330180	        0.0002108762	        0.0000895431	        0.0145546106	        0.0053254061	        0.0006171409	        0.0000689143	        0.0000323941
        0.0931429507	        0.6443128522	        0.8844756374	        0.0003805281	       25.4809386339	        0.0002055761	        0.0002987258	        0.0002821084	        0.0001027466	        0.0153036963	        0.0052375242	        0.0007387227	        0.0000727417	        0.0000308936
        0.1050938490	        0.6873459568	        0.8804330930	       -0.0471435475	       25.3711319651	        0.0002080949	        0.0003761660	        0.0003719395	        0.0001179321	        0.0157774222	        0.0050395150	        0.0008667110	        0.0000771864	        0.0000297553
        0.1184065179	        0.7287811298	        0.8764787341	       -0.0817925527	       25.2486418473	        0.0002157406	        0.0004662068	        0.0004814686	        0.0001353149	        0.0159844197	        0.0047525334	        0.0009982215	        0.0000824781	        0.0000290032
        0.1332122955	        0.7684673247	        0.8725431480	       -0.1054484302	       25.1153328183	        0.0002280383	        0.0005695080	        0.0006107842	        0.0001550467	        0.0159483219	        0.0044022005	        0.0011301988	        0.0000887685	        0.0000286146
        0.1496492201	        0.8063304746	        0.8685597563	       -0.1198776873	       24.9688857224	        0.0002444397	        0.0006864547	        0.0007589359	        0.0001771337	        0.0157011248	        0.0040138772	        0.0012595506	        0.0000961286	        0.0000285338
        0.1678608015	        0.8423529059	        0.8644676155	       -0.1265945367	       24.8079026718	        0.0002643246	        0.0008171110	        0.0009238834	        0.0002013863	        0.0152777047	        0.0036096336	        0.0013832653	        0.0001045571	        0.0000286860
        0.1879943127	        0.8765532424	        0.8602121598	       -0.1269704197	       24.6324944866	        0.0002869452	        0.0009612098	        0.0011024457	        0.0002274078	        0.0147120128	        0.0032068630	        0.0014985236	        0.0001139956	        0.0000289889
        0.2101985296	        0.9089682152	        0.8557445949	       -0.1222195703	       24.4418859653	        0.0003114541	        0.0011181994	        0.0012902719	        0.0002546125	        0.0140349112	        0.0028181183	        0.0016028137	        0.0001243454	        0.0000293611
        0.2346208557	        0.9396368651	        0.8510208162	       -0.1136635327	       24.2351081984	        0.0003369086	        0.0012873706	        0.0014819026	        0.0002822780	        0.0132733398	        0.0024516758	        0.0016940607	        0.0001354869	        0.0000297283
        0.2614037844	        0.9685870761	        0.8459996549	       -0.1025645924	       24.0110648938	        0.0003624345	        0.0014680923	        0.0016710187	        0.0003096299	        0.0124504377	        0.0021124219	        0.0017707752	        0.0001473001	        0.0000300276
        0.2906806794	        0.9958242392	        0.8406411307	       -0.0899758637	       23.7685988222	        0.0003873481	        0.0016601812	        0.0018508371	        0.0003359004	        0.0115862971	        0.0018027942	        0.0018322210	        0.0001596800	        0.0000302094
        0.3225708876	        1.0213221316	        0.8349054030	       -0.0771859495	       23.5081125468	        0.0004109318	        0.0018644194	        0.0020147496	        0.0003604294	        0.0106990931	        0.0015236307	        0.0018785887	        0.0001725531	        0.0000302389
        0.3571742551	        1.0450168228	        0.8287510054	       -0.0650272656	       23.2287899970	        0.0004327283	        0.0020832012	        0.0021572238	        0.0003827524	        0.0098063622	        0.0012748544	        0.0019111422	        0.0001858877	        0.0000300957
        0.3945651751	        1.0668055678	        0.8221351229	       -0.0541672415	       22.9279936441	        0.0004522830	        0.0023212082	        0.0022747156	        0.0004026213	        0.0089261854	        0.0010559618	        0.0019322796	        0.0001996868	        0.0000297723
        0.4347863703	        1.0865538634	        0.8150152494	       -0.0451314709	       22.6081935640	        0.0004696557	        0.0025858793	        0.0023664950	        0.0004200459	        0.0080779199	        0.0008662927	        0.0019454196	        0.0002139755	        0.0000292730
        0.4778426900	        1.1041140796	        0.8073526701	       -0.0379022109	       22.2666505606	        0.0004851633	        0.0028872282	        0.0024352787	        0.0004352814	        0.0072820317	        0.0007050722	        0.0019546194	        0.0002287870	        0.0000286155
        0.5236952751	        1.1193565256	        0.7991199700	       -0.0327884316	       21.9054418202	        0.0004990672	        0.0032363670	        0.0024868041	        0.0004488116	        0.0065586853	        0.0005712559	        0.0019639000	        0.0002441612	        0.0000278366
        0.5722565058	        1.1322072078	        0.7903063084	       -0.0296592142	       21.5224462609	        0.0005120246	        0.0036421151	        0.0025288065	        0.0004613549	        0.0059251912	        0.0004632829	        0.0019764105	        0.0002602010	        0.0000270024
        0.6233861842	        1.1426784549	        0.7809222077	       -0.0289146902	       21.1202663902	        0.0005248530	        0.0041056501	        0.0025688737	        0.0004738217	        0.0053932307	        0.0003789157	        0.0019937564	        0.0002771798	        0.0000262193
        0.6768894010	        1.1508764898	        0.7709933765	       -0.0311624835	       20.6982591603	        0.0005388645	        0.0046144397	        0.0026124057	        0.0004874071	        0.0049672328	        0.0003153172	        0.0020158307	        0.0002957047	        0.0000256403
        0.7325164896	        1.1569795712	        0.7605441232	       -0.0362286690	       20.2576716058	        0.0005553910	        0.0051382002	        0.0026613278	        0.0005034162	        0.0046448587	        0.0002693739	        0.0020412351	        0.0003167742	        0.0000254555
        0.7899653716	        1.1611958004	        0.7495833249	       -0.0437572248	       19.8020517033	        0.0005755636	        0.0056301917	        0.0027141900	        0.0005230176	        0.0044193536	        0.0002381254	        0.0020680372	        0.0003416885	        0.0000258745
        0.8488864424	        1.1637180925	        0.7380960685	       -0.0531365638	       19.3305675364	        0.0006003736	        0.0060356770	        0.0027678619	        0.0005471616	        0.0042825751	        0.0002191236	        0.0020944742	        0.0003718863	        0.0000271166
        0.9088899606	        1.1646901750	        0.7260470250	       -0.0635283766	       18.8476297730	        0.0006305922	        0.0063058900	        0.0028195518	        0.0005764496	        0.0042275359	        0.0002106351	        0.0021193865	        0.0004087207	        0.0000294082
        0.9695556872	        1.1641885651	        0.7133961192	       -0.0742437257	       18.3562169343	        0.0006669863	        0.0064122336	        0.0028685783	        0.0006116856	        0.0042498986	        0.0002116999	        0.0021423809	        0.0004533076	        0.0000329890
        1.0304443128	        1.1622193924	        0.7000955592	       -0.0850958948	       17.8585969820	        0.0007098951	        0.0063543836	        0.0029052902	        0.0006515640	        0.0043483259	        0.0002220946	        0.0021637995	        0.0005060840	        0.0000380917
        1.0911100394	        1.1587276138	        0.6861020741	       -0.0953239739	       17.3582994050	        0.0007584333	        0.0061585987	        0.0029336496	        0.0006957770	        0.0045239089	        0.0002422405	        0.0021845965	        0.0005667907	        0.0000449410
        1.1511135576	        1.1536169097	        0.6714421288	       -0.1034847858	       16.8581631943	        0.0008106964	        0.0058675016	        0.0029688253	        0.0007448925	        0.0047789412	        0.0002730746	        0.0022061605	        0.0006341163	        0.0000536970
        1.2100346284	        1.1467781511	        0.6562292753	       -0.1102561205	       16.3617301395	        0.0008663501	        0.0055266695	        0.0030126660	        0.0007971632	        0.0051151247	        0.0003158693	        0.0022299527	        0.0007056576	        0.0000643982
        1.2674835104	        1.1381216230	        0.6406174286	       -0.1149208481	       15.8731347553	        0.0009227290	        0.0051736899	        0.0030643616	        0.0008513666	        0.0055316164	        0.0003720057	        0.0022569555	        0.0007788433	        0.0000769917
        1.3231105990	        1.1276047021	        0.6247832709	       -0.1167434394	       15.3938899822	        0.0009794457	        0.0048327077	        0.0031196974	        0.0009058229	        0.0060237416	        0.0004427620	        0.0022871531	        0.0008510667	        0.0000913210
        1.3766138158	        1.1152461447	        0.6089040172	       -0.1151216809	       14.9274923717	        0.0010350055	        0.0045144741	        0.0031715149	        0.0009585305	        0.0065828305	        0.0005291808	        0.0023192171	        0.0009199363	        0.0001071479
        1.4277434942	        1.1011229328	        0.5931375381	       -0.1085964573	       14.4749384856	        0.0010855918	        0.0042198005	        0.0032108732	        0.0010071637	        0.0071972310	        0.0006320629	        0.0023505560	        0.0009834303	        0.0001241867
        1.4763047249	        1.0853530418	        0.5776161914	       -0.0964852945	       14.0392780233	        0.0011283148	        0.0039439815	        0.0032286380	        0.0010492521	        0.0078540214	        0.0007520833	        0.0023777168	        0.0010400689	        0.0001421532
        1.5221573100	        1.0680722874	        0.5624423915	       -0.0803475744	       13.6205996132	        0.0011635252	        0.0036805457	        0.0032168394	        0.0010828956	        0.0085406713	        0.0008899622	        0.0023969539	        0.0010891281	        0.0001608245
        1.5652136297	        1.0494131087	        0.5476794908	       -0.0603848666	       13.2214336734	        0.0011906343	        0.0034236960	        0.0031697898	        0.0011069888	        0.0092461004	        0.0010466147	        0.0024047584	        0.0011305795	        0.0001800660
        1.6054348249	        1.0294895276	        0.5333574530	       -0.0363644939	       12.8401903561	        0.0012084570	        0.0031694799	        0.0030846582	        0.0011208401	        0.0099610715	        0.0012232412	        0.0023982466	        0.0011647962	        0.0001998162
        1.6428257449	        1.0083888495	        0.5194814136	       -0.0077439311	       12.4796785077	        0.0012159899	        0.0029160616	        0.0029614032	        0.0011239728	        0.0106780229	        0.0014213432	        0.0023753671	        0.0011923547	        0.0002200727
        1.6774291124	        0.9861686713	        0.5060402627	        0.0250383977	       12.1369958334	        0.0012128631	        0.0026634765	        0.0028027111	        0.0011162585	        0.0113905541	        0.0016426673	        0.0023349594	        0.0012140436	        0.0002409069
        1.7093193206	        0.9628573147	        0.4930102054	        0.0598517466	       11.8143117922	        0.0012004967	        0.0024131582	        0.0026133533	        0.0010981324	        0.0120927246	        0.0018890775	        0.0022767062	        0.0012309190	        0.0002624906
        1.7385962156	        0.9384561706	        0.4803533253	        0.0945475991	       11.5108736593	        0.0011801653	        0.0021674187	        0.0023998886	        0.0010707237	        0.0127782706	        0.0021623514	        0.0022010289	        0.0012443418	        0.0002851247
        1.7653791443	        0.9129430026	        0.4680177467	        0.1268104579	       11.2251032988	        0.0011541412	        0.0019289739	        0.0021698624	        0.0010355577	        0.0134398253	        0.0024638899	        0.0021089636	        0.0012558704	        0.0003092405
        1.7898014704	        0.8862757549	        0.4559379194	        0.1543839517	       10.9571404186	        0.0011236538	        0.0017005597	        0.0019312933	        0.0009944082	        0.0140681620	        0.0027943234	        0.0020020379	        0.0012671646	        0.0003353995
        1.8120056873	        0.8583967830	        0.4440351053	        0.1744866034	       10.7069828641	        0.0010912717	        0.0014846518	        0.0016918578	        0.0009490377	        0.0146514743	        0.0031529890	        0.0018821573	        0.0012798466	        0.0003642749
        1.8321391985	        0.8292376849	        0.4322166287	        0.1842259492	       10.4734970516	        0.0010593463	        0.0012832844	        0.0014585922	        0.0009011537	        0.0151747181	        0.0035372642	        0.0017515061	        0.0012954089	        0.0003966372
        1.8503507799	        0.7987250723	        0.4203751644	        0.1800732009	       10.2559492426	        0.0010299531	        0.0010979513	        0.0012373325	        0.0008521727	        0.0156190908	        0.0039417644	        0.0016124643	        0.0013150236	        0.0004332952
        1.8667877045	        0.7667877054	        0.4083870604	        0.1582611615	       10.0535352609	        0.0010051530	        0.0009295756	        0.0010326482	        0.0008031807	        0.0159617682	        0.0043574624	        0.0014675398	        0.0013393374	        0.0004750100
        1.8815934821	        0.7333654167	        0.3961115613	        0.1148979229	        9.8667849470	        0.0009870006	        0.0007785283	        0.0008476743	        0.0007547220	        0.0161761105	        0.0047708704	        0.0013193131	        0.0013681249	        0.0005223220
        1.8949061510	        0.6984201229	        0.3833919950	        0.0457790080	        9.6941695423	        0.0009772689	        0.0006446808	        0.0006842759	        0.0007067893	        0.0162326135	        0.0051635459	        0.0011703914	        0.0013999079	        0.0005753072
        1.9068570493	        0.6619489442	        0.3700607659	       -0.0542762941	        9.5339834336	        0.0009774320	        0.0005274807	        0.0005431432	        0.0006588247	        0.0161009274	        0.0055123125	        0.0010233667	        0.0014315251	        0.0006332349
        1.9175699947	        0.6239989713	        0.3559495578	       -0.1887328404	        9.3874396255	        0.0009887122	        0.0004260395	        0.0004240560	        0.0006099197	        0.0157532009	        0.0057906695	        0.0008807690	        0.0014578932	        0.0006942129
        1.9271607996	        0.5846825517	        0.3409114494	       -0.3621566812	        9.2530810883	        0.0010119962	        0.0003392252	        0.0003260412	        0.0005591981	        0.0151688378	        0.0059718251	        0.0007450096	        0.0014722124	        0.0007549584
        1.9357370589	        0.5441912336	        0.3248501071	       -0.5788143002	        9.1294070779	        0.0010479702	        0.0002657549	        0.0002475228	        0.0005064850	        0.0143402165	        0.0060334080	        0.0006183033	        0.0014670046	        0.0008109707
        1.9433981504	        0.5028059317	        0.3077513343	       -0.8367825142	        9.0175171103	        0.0010959711	        0.0002042819	        0.0001863773	        0.0004526830	        0.0132783164	        0.0059632587	        0.0005025686	        0.0014359011	        0.0008572413
        1.9502353978	        0.4609006690	        0.2897065099	       -1.1396580938	        8.9147612325	        0.0011563177	        0.0001534737	        0.0001399500	        0.0003995920	        0.0120165701	        0.0057648817	        0.0003993114	        0.0013755443	        0.0008893491
        1.9563323538	        0.4189375974	        0.2708968987	       -1.4802048869	        8.8216547780	        0.0012272276	        0.0001120768	        0.0001052161	        0.0003488736	        0.0106109286	        0.0054605087	        0.0003095101	        0.0012865210	        0.0009043850
        1.9617651675	        0.3774516800	        0.2515565336	       -1.8561550327	        8.7367901891	        0.0013080972	        0.0000789622	        0.0000791202	        0.0003008713	        0.0091350102	        0.0050902091	        0.0002335372	        0.0011728325	        0.0009012156
        1.9666030060	        0.3370239209	        0.2319239836	       -2.2584113240	        8.6597125663	        0.0013968567	        0.0000531436	        0.0000590902	        0.0002547389	        0.0076703788	        0.0047066131	        0.0001711423	        0.0010408264	        0.0008803676
        1.9709085097	        0.2984482396	        0.2122249401	       -2.6751452764	        8.5905541620	        0.0014909057	        0.0000371704	        0.0000434455	        0.0002100397	        0.0063020315	        0.0043692945	        0.0001217809	        0.0008983939	        0.0008439479
        1.9747382607	        0.2624705236	        0.1926801711	       -3.1022233962	        8.5277229443	        0.0015893197	        0.0000266733	        0.0000312617	        0.0001676708	        0.0050825090	        0.0041093076	        0.0000842644	        0.0007541768	        0.0007955228
        1.9781432525	        0.2293345504	        0.1735080810	       -3.5339478258	        8.4705483810	        0.0016907092	        0.0000184375	        0.0000219776	        0.0001293484	        0.0040280336	        0.0039331221	        0.0000566606	        0.0006163448	        0.0007397464
        1.9811693494	        0.1990417415	        0.1549154301	       -3.9609664270	        8.4188665432	        0.0017927278	        0.0000122389	        0.0000151181	        0.0000965872	        0.0031386158	        0.0038394253	        0.0000369539	        0.0004912636	        0.0006815757
        1.9838577298	        0.1715398157	        0.1370821487	       -4.3722849606	        8.3726829421	        0.0018925812	        0.0000077870	        0.0000102020	        0.0000700356	        0.0024052303	        0.0038207659	        0.0000233281	        0.0003827189	        0.0006247311
        1.9862453073	        0.1467230317	        0.1201492951	       -4.7647098344	        8.3314898408	        0.0019892074	        0.0000047429	        0.0000067625	        0.0000494274	        0.0018125583	        0.0038659537	        0.0000142182	        0.0002919434	        0.0005712514
        1.9883651267	        0.1244402322	        0.1042137033	       -5.1391765214	        8.2945567882	        0.0020824878	        0.0000027612	        0.0000043940	        0.0000339216	        0.0013420284	        0.0039623324	        0.0000083386	        0.0002182296	        0.0005229953
        1.9902467340	        0.1045086981	        0.0893304663	       -5.4943273150	        8.2613491012	        0.0021718119	        0.0000015322	        0.0000027826	        0.0000225346	        0.0009744079	        0.0040974837	        0.0000046836	        0.0001597500	        0.0004818202
        1.9919165179	        0.0867294916	        0.0755202481	       -5.8270043045	        8.2314839524	        0.0022562019	        0.0000008064	        0.0000017022	        0.0000143767	        0.0006915579	        0.0042602427	        0.0000025024	        0.0001142383	        0.0004492501
        1.9933980257	        0.0709006340	        0.0627772616	       -6.1354556771	        8.2046357528	        0.0023350496	        0.0000003991	        0.0000009940	        0.0000087111	        0.0004773607	        0.0044411343	        0.0000012594	        0.0000794209	        0.0004264408
        1.9947122508	        0.0568264937	        0.0510760055	       -6.4191863027	        8.1805161209	        0.0024080795	        0.0000001833	        0.0000005453	        0.0000049376	        0.0003180356	        0.0046324301	        0.0000005884	        0.0000532408	        0.0004143339
        1.9958778967	        0.0443234390	        0.0403766902	       -6.6785491556	        8.1588660403	        0.0024752516	        0.0000000764	        0.0000002750	        0.0000025626	        0.0002020926	        0.0048280075	        0.0000002495	        0.0000339463	        0.0004138901
        1.9969116151	        0.0332226008	        0.0306296002	       -6.9144514835	        8.1394507432	        0.0025366874	        0.0000000279	        0.0000001232	        0.0000011779	        0.0001201092	        0.0050231323	        0.0000000926	        0.0000201039	        0.0004264190
        1.9978282231	        0.0233707131	        0.0217786120	       -7.1281447685	        8.1220563040	        0.0025926166	        0.0000000084	        0.0000000462	        0.0000004520	        0.0000644476	        0.0052142303	        0.0000000282	        0.0000105727	        0.0004541535
        1.9986408981	        0.0146298137	        0.0137640162	       -7.3210758109	        8.1064872895	        0.0026433368	        0.0000000018	        0.0000000128	        0.0000001276	        0.0000289701	        0.0053986788	        0.0000000062	        0.0000044648	        0.0005015263
        1.9993613540	        0.0068763464	        0.0065247331	       -7.4947823351	        8.0925650429	        0.0026891849	        0.0000000002	        0.0000000018	        0.0000000181	        0.0000087807	        0.0055746268	        0.0000000007	        0.0000011043	        0.0005790020
        2.0000000000	        0.0000000000	        0.0000000000	       -7.6508209538	        8.0801263420	        0.0027305165	        0.0000000000	        0.0000000000	        0.0000000000	        0.0000000000	        0.0057408426	        0.0000000000	        0.0000000000	        0.0007220133
