        0.0000000000	        0.0000000000	        1.0000000000	        6.6239370761	       29.5369293278	        0.0009795084	        0.0000000000	        0.0000000000	        0.0000000000	        0.0000000000	        0.0070930286	        0.0000000000	        0.0000000000	        0.0000235602
        0.0006386460	        0.0067163277	        0.9979926127	        6.2656339929	       29.5239662053	        0.0009332118	        0.0000000002	        0.0000000015	        0.0000000047	        0.0000083898	        0.0068786014	        0.0000000005	        0.0000000279	        0.0000191546
        0.0013591019	        0.0142889910	        0.9958299199	        5.8818157482	       29.5095894113	        0.0008837362	        0.0000000014	        0.0000000109	        0.0000000318	        0.0000276111	        0.0066504682	        0.0000000048	        0.0000001137	        0.0000166765
        0.0021717769	        0.0228256218	        0.9935121723	        5.4738825170	       29.4936656051	        0.0008312968	        0.0000000067	        0.0000000394	        0.0000001093	        0.0000612969	        0.0064097866	        0.0000000219	        0.0000002707	        0.0000150811
        0.0030883849	        0.0324468322	        0.9910424057	        5.0442780731	       29.4760483187	        0.0007762473	        0.0000000226	        0.0000001056	        0.0000002761	        0.0001140089	        0.0061583755	        0.0000000723	        0.0000005168	        0.0000140400
        0.0041221033	        0.0432874666	        0.9884267146	        4.5966794770	       29.4565733684	        0.0007191028	        0.0000000625	        0.0000002376	        0.0000005813	        0.0001914337	        0.0058988629	        0.0000001958	        0.0000008747	        0.0000133938
        0.0052877492	        0.0554977220	        0.9856743562	        4.1361491131	       29.4350511760	        0.0006605549	        0.0000001515	        0.0000004761	        0.0000010832	        0.0003006089	        0.0056348526	        0.0000004640	        0.0000013728	        0.0000130421
        0.0066019743	        0.0692439015	        0.9827976102	        3.6691947851	       29.4112542011	        0.0006014722	        0.0000003341	        0.0000008788	        0.0000018473	        0.0004501740	        0.0053711114	        0.0000009988	        0.0000020452	        0.0000129089
        0.0080834821	        0.0847083992	        0.9798113362	        3.2036496992	       29.3848967767	        0.0005428727	        0.0000006847	        0.0000015270	        0.0000029460	        0.0006506300	        0.0051137671	        0.0000019975	        0.0000029319	        0.0000129300
        0.0097532660	        0.1020882757	        0.9767321987	        2.7482332440	       29.3556033102	        0.0004858465	        0.0000013226	        0.0000025351	        0.0000044603	        0.0009145715	        0.0048705010	        0.0000037655	        0.0000040785	        0.0000130484
        0.0116348733	        0.1215915230	        0.9735775820	        2.3115778320	       29.3228588842	        0.0004313992	        0.0000024288	        0.0000040654	        0.0000064848	        0.0012568082	        0.0046506894	        0.0000067573	        0.0000055349	        0.0000132147
        0.0137546927	        0.1434299499	        0.9703642274	        1.9009040580	       29.2859792450	        0.0003802709	        0.0000042630	        0.0000063489	        0.0000091358	        0.0016942377	        0.0044654091	        0.0000116219	        0.0000073549	        0.0000133890
        0.0161422702	        0.1678078483	        0.9671065674	        1.5236060186	       29.2444249290	        0.0003334339	        0.0000071722	        0.0000097122	        0.0000125596	        0.0022452483	        0.0043271634	        0.0000192478	        0.0000095931	        0.0000135450
        0.0188306506	        0.1949066401	        0.9638151637	        1.1844648442	       29.1978093476	        0.0002917742	        0.0000115810	        0.0000146022	        0.0000169331	        0.0029283937	        0.0042491332	        0.0000307978	        0.0000123023	        0.0000136784
        0.0218567475	        0.2248676954	        0.9604949774	        0.8870678524	       29.1455224610	        0.0002559843	        0.0000179561	        0.0000215861	        0.0000224433	        0.0037601578	        0.0042437676	        0.0000477213	        0.0000155295	        0.0000138163
        0.0252617393	        0.2577776335	        0.9571437407	        0.6338981835	       29.0866111150	        0.0002264603	        0.0000267508	        0.0000313111	        0.0000292527	        0.0047519231	        0.0043206709	        0.0000717361	        0.0000193134	        0.0000140037
        0.0290914903	        0.2936606378	        0.9537509027	        0.4250178024	       29.0210373715	        0.0002034041	        0.0000383539	        0.0000444500	        0.0000374891	        0.0059067132	        0.0044840436	        0.0001047778	        0.0000236871	        0.0000142711
        0.0333969940	        0.3324791485	        0.9502975721	        0.2573377372	       28.9492821963	        0.0001867530	        0.0000530768	        0.0000617057	        0.0000472956	        0.0072166123	        0.0047302826	        0.0001489270	        0.0000286856	        0.0000146441
        0.0382348325	        0.3738013282	        0.9467580057	        0.1266521388	       28.8694380001	        0.0001763039	        0.0000776561	        0.0000839790	        0.0000589406	        0.0086519561	        0.0050468661	        0.0002059019	        0.0000343539	        0.0000151512
        0.0436676462	        0.4167247106	        0.9431045188	        0.0272391470	       28.7807443334	        0.0001717049	        0.0001144691	        0.0001127669	        0.0000729446	        0.0101381628	        0.0053861372	        0.0002764291	        0.0000407457	        0.0000158147
        0.0497646022	        0.4604247857	        0.9393154906	       -0.0472217448	       28.6829802630	        0.0001725844	        0.0001616170	        0.0001506389	        0.0000901188	        0.0115799958	        0.0056845524	        0.0003606221	        0.0000478994	        0.0000166363
        0.0566018496	        0.5042599660	        0.9353826140	       -0.1027080840	       28.5754684550	        0.0001786283	        0.0002205525	        0.0002011297	        0.0001112614	        0.0128916330	        0.0058914979	        0.0004581493	        0.0000557933	        0.0000175831
        0.0642629411	        0.5476602211	        0.9313113778	       -0.1442358658	       28.4578194945	        0.0001896230	        0.0002928844	        0.0002680123	        0.0001367575	        0.0140037210	        0.0059747679	        0.0005680037	        0.0000643197	        0.0000185863
        0.0728392004	        0.5901554304	        0.9271134616	       -0.1754663230	       28.3286794217	        0.0002054883	        0.0003803282	        0.0003545612	        0.0001665027	        0.0148715173	        0.0059234241	        0.0006885783	        0.0000733186	        0.0000195630
        0.0824300053	        0.6313877962	        0.9227962798	       -0.1987080490	       28.1874204207	        0.0002261887	        0.0004846283	        0.0004631264	        0.0002001277	        0.0154765463	        0.0057455208	        0.0008177894	        0.0000826520	        0.0000204473
        0.0931429507	        0.6711103872	        0.9183558295	       -0.2151579436	       28.0319621227	        0.0002517534	        0.0006074633	        0.0005950243	        0.0002372652	        0.0158230691	        0.0054623997	        0.0009532134	        0.0000922624	        0.0000212075
        0.1050938490	        0.7091754976	        0.9137750334	       -0.2254127865	       27.8625938039	        0.0002820950	        0.0007503364	        0.0007505550	        0.0002776564	        0.0159317537	        0.0051019680	        0.0010922133	        0.0001021806	        0.0000218430
        0.1184065179	        0.7455171077	        0.9090257067	       -0.2299181915	       27.6763207873	        0.0003170439	        0.0009144592	        0.0009289882	        0.0003211047	        0.0158328289	        0.0046929130	        0.0012320423	        0.0001124975	        0.0000223703
        0.1332122955	        0.7801312644	        0.9040714350	       -0.2291364875	       27.4736214889	        0.0003561975	        0.0011006354	        0.0011284751	        0.0003673780	        0.0155602310	        0.0042608067	        0.0013699243	        0.0001233271	        0.0000228093
        0.1496492201	        0.8130571280	        0.8988698732	       -0.2236074550	       27.2526669261	        0.0003990630	        0.0013091546	        0.0013459219	        0.0004161239	        0.0151473925	        0.0038261593	        0.0015031192	        0.0001347790	        0.0000231761
        0.1678608015	        0.8443602504	        0.8933740468	       -0.2138920038	       27.0118187436	        0.0004449317	        0.0015397094	        0.0015768884	        0.0004668194	        0.0146246874	        0.0034039771	        0.0016289814	        0.0001469436	        0.0000234802
        0.1879943127	        0.8741186671	        0.8875329130	       -0.2004404307	       26.7484445056	        0.0004929263	        0.0017913517	        0.0018155789	        0.0005187340	        0.0140182234	        0.0030042459	        0.0017450211	        0.0001598868	        0.0000237242
        0.2101985296	        0.9024117224	        0.8812917833	       -0.1841309046	       26.4626470103	        0.0005420410	        0.0020625105	        0.0020549717	        0.0005709554	        0.0133495849	        0.0026328462	        0.0018489757	        0.0001736552	        0.0000239066
        0.2346208557	        0.9293111797	        0.8745916427	       -0.1659788918	       26.1506909126	        0.0005911781	        0.0023510964	        0.0022871239	        0.0006224813	        0.0126361722	        0.0022925693	        0.0019388967	        0.0001882893	        0.0000240245
        0.2614037844	        0.9548740462	        0.8673679607	       -0.1467952037	       25.8129167436	        0.0006392656	        0.0026547219	        0.0025036632	        0.0006722789	        0.0118918794	        0.0019840498	        0.0020132534	        0.0002038346	        0.0000240756
        0.2906806794	        0.9791365926	        0.8595499686	       -0.1275286294	       25.4475316187	        0.0006853809	        0.0029710680	        0.0026964477	        0.0007193623	        0.0111279440	        0.0017065402	        0.0020710543	        0.0002203494	        0.0000240587
        0.3225708876	        1.0021092374	        0.8510595581	       -0.1089445343	       25.0515752829	        0.0007287608	        0.0032984177	        0.0028583421	        0.0007628837	        0.0103538774	        0.0014585123	        0.0021119812	        0.0002379070	        0.0000239735
        0.3571742551	        1.0237723132	        0.8418108756	       -0.0913493759	       24.6246254760	        0.0007685989	        0.0036363575	        0.0029840375	        0.0008021286	        0.0095784192	        0.0012381039	        0.0021365209	        0.0002565778	        0.0000238176
        0.3945651751	        1.0440732534	        0.8317123876	       -0.0747564068	       24.1657253641	        0.0008042561	        0.0039865970	        0.0030708081	        0.0008364618	        0.0088104672	        0.0010434314	        0.0021460736	        0.0002763977	        0.0000235839
        0.4347863703	        1.0629264576	        0.8206722715	       -0.0598027166	       23.6750300459	        0.0008352789	        0.0043537669	        0.0031190786	        0.0008654630	        0.0080598923	        0.0008727856	        0.0021429933	        0.0002973599	        0.0000232621
        0.4778426900	        1.0802178635	        0.8086035779	       -0.0471227398	       23.1511493256	        0.0008616518	        0.0047458969	        0.0031326909	        0.0008891456	        0.0073380757	        0.0007247178	        0.0021305040	        0.0003194287	        0.0000228440
        0.5236952751	        1.0958165954	        0.7954315325	       -0.0367405302	       22.5937809111	        0.0008836430	        0.0051740685	        0.0031187537	        0.0009079293	        0.0066579313	        0.0005980146	        0.0021124282	        0.0003425385	        0.0000223274
        0.5722565058	        1.1095950282	        0.7811069043	       -0.0289819518	       22.0063554442	        0.0009018978	        0.0056505330	        0.0030869250	        0.0009226507	        0.0060331719	        0.0004915706	        0.0020926999	        0.0003666369	        0.0000217236
        0.6233861842	        1.1214552756	        0.7656182547	       -0.0249700725	       21.3869271601	        0.0009176938	        0.0061846078	        0.0030480693	        0.0009348728	        0.0054767746	        0.0004041997	        0.0020747255	        0.0003918549	        0.0000210737
        0.6768894010	        1.1313549909	        0.7489922178	       -0.0248607292	       20.7407060349	        0.0009328439	        0.0067762374	        0.0030124911	        0.0009468063	        0.0049990131	        0.0003344647	        0.0020607815	        0.0004186581	        0.0000204542
        0.7325164896	        1.1393218008	        0.7312903357	       -0.0274202186	       20.0698714231	        0.0009494521	        0.0074084646	        0.0029881754	        0.0009605490	        0.0046058406	        0.0002806195	        0.0020517028	        0.0004478419	        0.0000199696
        0.7899653716	        1.1454481355	        0.7126088987	       -0.0332876977	       19.3768185055	        0.0009690716	        0.0080418868	        0.0029795844	        0.0009780585	        0.0042984296	        0.0002407104	        0.0020470120	        0.0004806893	        0.0000197527
        0.8488864424	        1.1498668939	        0.6930508757	       -0.0436090823	       18.6683339096	        0.0009945591	        0.0086152938	        0.0029875660	        0.0010017173	        0.0040741302	        0.0002127984	        0.0020454128	        0.0005191971	        0.0000199712
        0.9088899606	        1.1527171135	        0.6726885212	       -0.0554597684	       17.9493579148	        0.0010286934	        0.0090555471	        0.0030104793	        0.0010332560	        0.0039283876	        0.0001952089	        0.0020453954	        0.0005655782	        0.0000208057
        0.9695556872	        1.1541111707	        0.6515853567	       -0.0666675368	       17.2253495431	        0.0010711845	        0.0092957791	        0.0030459185	        0.0010732635	        0.0038568200	        0.0001867297	        0.0020457245	        0.0006217102	        0.0000224420
        1.0304443128	        1.1541111707	        0.6298052001	       -0.0794055580	       16.5022217098	        0.0011218386	        0.0092957791	        0.0030859357	        0.0011205674	        0.0038568200	        0.0001867297	        0.0020457245	        0.0006890979	        0.0000250931
        1.0911100394	        1.1527171135	        0.6073925657	       -0.0943152230	       15.7865095672	        0.0011820051	        0.0090555471	        0.0031302227	        0.0011759200	        0.0039283876	        0.0001952089	        0.0020453954	        0.0007691208	        0.0000290294
        1.1511135576	        1.1498668939	        0.5844196769	       -0.1082115118	       15.0844337948	        0.0012516648	        0.0086152938	        0.0031866101	        0.0012406337	        0.0040741302	        0.0002127984	        0.0020454128	        0.0008617041	        0.0000345245
        1.2100346284	        1.1454481355	        0.5610391624	       -0.1173277848	       14.3997450179	        0.0013283523	        0.0080418868	        0.0032576435	        0.0013121026	        0.0042984296	        0.0002407104	        0.0020470120	        0.0009639595	        0.0000417614
        1.2674835104	        1.1393218008	        0.5374987177	       -0.1224168146	       13.7411369233	        0.0014072761	        0.0074084646	        0.0033450220	        0.0013872774	        0.0046058406	        0.0002806195	        0.0020517028	        0.0010714368	        0.0000508282
        1.3231105990	        1.1313549909	        0.5140980690	       -0.1257988107	       13.1090759853	        0.0014866973	        0.0067762374	        0.0034475289	        0.0014639005	        0.0049990131	        0.0003344647	        0.0020607815	        0.0011795283	        0.0000617203
        1.3766138158	        1.1214552756	        0.4911203169	       -0.1245901940	       12.5071999583	        0.0015637587	        0.0061846078	        0.0035596910	        0.0015394602	        0.0054767746	        0.0004041997	        0.0020747255	        0.0012837547	        0.0000743079
        1.4277434942	        1.1095950282	        0.4688153864	       -0.1163166753	       11.9376580633	        0.0016347604	        0.0056505330	        0.0036715897	        0.0016099208	        0.0060331719	        0.0004915706	        0.0020926999	        0.0013798122	        0.0000883167
        1.4763047249	        1.0958165954	        0.4473833319	       -0.1010732242	       11.4033298367	        0.0016952300	        0.0051740685	        0.0037700336	        0.0016708877	        0.0066579313	        0.0005980146	        0.0021124282	        0.0014644318	        0.0001034000
        1.5221573100	        1.0802178635	        0.4269542250	       -0.0810490753	       10.9023892734	        0.0017427970	        0.0047458969	        0.0038407404	        0.0017191325	        0.0073380757	        0.0007247178	        0.0021305040	        0.0015359219	        0.0001192267
        1.5652136297	        1.0629264576	        0.4075780105	       -0.0542764016	       10.4351340980	        0.0017760092	        0.0043537669	        0.0038707693	        0.0017523052	        0.0080598923	        0.0008727856	        0.0021429933	        0.0015936558	        0.0001354914
        1.6054348249	        1.0440732534	        0.3892519242	       -0.0198363927	       10.0007997563	        0.0017937258	        0.0039865970	        0.0038504121	        0.0017682116	        0.0088104672	        0.0010434314	        0.0021460736	        0.0016374114	        0.0001518875
        1.6428257449	        1.0237723132	        0.3719402904	        0.0228327478	        9.5976435449	        0.0017935116	        0.0036363575	        0.0037742819	        0.0017652283	        0.0095784192	        0.0012381039	        0.0021365209	        0.0016672293	        0.0001681112
        1.6774291124	        1.0021092374	        0.3555895843	        0.0731396425	        9.2248589202	        0.0017747778	        0.0032984177	        0.0036416285	        0.0017425673	        0.0103538774	        0.0014585123	        0.0021119812	        0.0016834215	        0.0001838771
        1.7093193206	        0.9791365926	        0.3401363290	        0.1299398063	        8.8799193997	        0.0017378564	        0.0029710680	        0.0034560365	        0.0017004604	        0.0111279440	        0.0017065402	        0.0020710543	        0.0016865920	        0.0001989350
        1.7385962156	        0.9548740462	        0.3255119322	        0.1924689051	        8.5606449166	        0.0016837189	        0.0026547219	        0.0032246819	        0.0016399759	        0.0118918794	        0.0019840498	        0.0020132534	        0.0016775960	        0.0002130810
        1.7653791443	        0.9293111797	        0.3116475912	        0.2584598830	        8.2656407921	        0.0016145526	        0.0023510964	        0.0029573133	        0.0015629348	        0.0126361722	        0.0022925693	        0.0019388967	        0.0016575204	        0.0002261721
        1.7898014704	        0.9024117224	        0.2984745055	        0.3243257147	        7.9924480798	        0.0015327084	        0.0020625105	        0.0026651337	        0.0014720081	        0.0133495849	        0.0026328462	        0.0018489757	        0.0016276735	        0.0002381426
        1.8120056873	        0.8741186671	        0.2859216231	        0.3862596834	        7.7395446139	        0.0014420626	        0.0017913517	        0.0023597348	        0.0013705201	        0.0140182234	        0.0030042459	        0.0017450211	        0.0015894927	        0.0002490068
        1.8321391985	        0.8443602504	        0.2739137956	        0.4415644332	        7.5045732862	        0.0013460254	        0.0015397094	        0.0020521905	        0.0012619644	        0.0146246874	        0.0034039771	        0.0016289814	        0.0015443850	        0.0002588414
        1.8503507799	        0.8130571280	        0.2623723186	        0.4867457364	        7.2864218774	        0.0012484738	        0.0013091546	        0.0017523701	        0.0011496734	        0.0151473925	        0.0038261593	        0.0015031192	        0.0014935860	        0.0002677623
        1.8667877045	        0.7801312644	        0.2512139134	        0.5177998892	        7.0841005877	        0.0011532781	        0.0011006354	        0.0014685060	        0.0010367083	        0.0155602310	        0.0042608067	        0.0013699243	        0.0014380567	        0.0002758998
        1.8815934821	        0.7455171077	        0.2403493779	        0.5311341903	        6.8966338119	        0.0010639715	        0.0009144592	        0.0012070047	        0.0009256645	        0.0158328289	        0.0046929130	        0.0012320423	        0.0013783792	        0.0002833604
        1.8949061510	        0.7091754976	        0.2296840670	        0.5233766502	        6.7229009056	        0.0009833368	        0.0007503364	        0.0009724491	        0.0008185116	        0.0159317537	        0.0051019680	        0.0010922133	        0.0013146753	        0.0002901801
        1.9068570493	        0.6711103872	        0.2191208338	        0.4907181184	        6.5611416266	        0.0009132197	        0.0006074633	        0.0007677153	        0.0007166201	        0.0158230691	        0.0054623997	        0.0009532134	        0.0012466033	        0.0002962783
        1.9175699947	        0.6313877962	        0.2085659141	        0.4298239031	        6.4124138982	        0.0008563347	        0.0004846283	        0.0005941174	        0.0006209204	        0.0154765463	        0.0057455208	        0.0008177894	        0.0011734854	        0.0003014320
        1.9271607996	        0.5901554304	        0.1979400212	        0.3369672322	        6.2755204632	        0.0008137565	        0.0003803282	        0.0004514985	        0.0005322076	        0.0148715173	        0.0059234241	        0.0006885783	        0.0010946252	        0.0003052964
        1.9357370589	        0.5476602211	        0.1871919929	        0.2079559605	        6.1491998581	        0.0007863767	        0.0002928844	        0.0003382334	        0.0004514749	        0.0140037210	        0.0059747679	        0.0005680037	        0.0010097883	        0.0003074920
        1.9433981504	        0.5042599660	        0.1763087640	        0.0421028974	        6.0347917471	        0.0007749632	        0.0002205525	        0.0002512182	        0.0003798099	        0.0128916330	        0.0058914979	        0.0004581493	        0.0009196280	        0.0003077238
        1.9502353978	        0.4604247857	        0.1653163836	       -0.1649052038	        5.9298646690	        0.0007794083	        0.0001616170	        0.0001860625	        0.0003178275	        0.0115799958	        0.0056845524	        0.0003606221	        0.0008257509	        0.0003058533
        1.9563323538	        0.4167247106	        0.1542602940	       -0.4095579608	        5.8351459751	        0.0007990133	        0.0001144691	        0.0001377139	        0.0002648668	        0.0101381628	        0.0053861372	        0.0002764291	        0.0007303020	        0.0003018605
        1.9617651675	        0.3738013282	        0.1431875595	       -0.6914572398	        5.7494181041	        0.0008331185	        0.0000776561	        0.0001014538	        0.0002189876	        0.0086519561	        0.0050468661	        0.0002059019	        0.0006354597	        0.0002957761
        1.9666030060	        0.3324791485	        0.1321384964	       -1.0040551122	        5.6722823912	        0.0008799577	        0.0000530768	        0.0000738226	        0.0001782436	        0.0072166123	        0.0047302826	        0.0001489270	        0.0005432993	        0.0002877262
        1.9709085097	        0.2936606378	        0.1211589788	       -1.3380890143	        5.6039284410	        0.0009373284	        0.0000383539	        0.0000527332	        0.0001417854	        0.0059067132	        0.0044840436	        0.0001047778	        0.0004558950	        0.0002780526
        1.9747382607	        0.2577776335	        0.1103131137	       -1.6896503064	        5.5427897514	        0.0010036208	        0.0000267508	        0.0000368826	        0.0001097405	        0.0047519231	        0.0043206709	        0.0000717361	        0.0003752630	        0.0002673903
        1.9781432525	        0.2248676954	        0.0996806628	       -2.0533832650	        5.4881359666	        0.0010772762	        0.0000179561	        0.0000252702	        0.0000825702	        0.0037601578	        0.0042437676	        0.0000477213	        0.0003030666	        0.0002566180
        1.9811693494	        0.1949066401	        0.0893468805	       -2.4203217185	        5.4396761941	        0.0011558170	        0.0000115810	        0.0000169946	        0.0000604749	        0.0029283937	        0.0042491332	        0.0000307978	        0.0002403089	        0.0002464962
        1.9838577298	        0.1678078483	        0.0793919782	       -2.7797407930	        5.3972573443	        0.0012362119	        0.0000071722	        0.0000112339	        0.0000431735	        0.0022452483	        0.0043271634	        0.0000192478	        0.0001872157	        0.0002373414
        1.9862453073	        0.1434299499	        0.0698838878	       -3.1276254209	        5.3602166366	        0.0013169098	        0.0000042630	        0.0000072899	        0.0000300186	        0.0016942377	        0.0044654091	        0.0000116219	        0.0001433366	        0.0002295341
        1.9883651267	        0.1215915230	        0.0608741139	       -3.4636093460	        5.3276830453	        0.0013972092	        0.0000024288	        0.0000046243	        0.0000202558	        0.0012568082	        0.0046506894	        0.0000067573	        0.0001077796	        0.0002236874
        1.9902467340	        0.1020882757	        0.0523971636	       -3.7852049709	        5.2990163122	        0.0014760123	        0.0000013226	        0.0000028490	        0.0000131886	        0.0009145715	        0.0048705010	        0.0000037655	        0.0000794501	        0.0002204654
        1.9919165179	        0.0847083992	        0.0444723625	       -4.0882366252	        5.2737705624	        0.0015519552	        0.0000006847	        0.0000016907	        0.0000082228	        0.0006506300	        0.0051137671	        0.0000019975	        0.0000572239	        0.0002204822
        1.9933980257	        0.0692439015	        0.0371062737	       -4.3702317329	        5.2515509584	        0.0016240833	        0.0000003341	        0.0000009564	        0.0000048612	        0.0004501740	        0.0053711114	        0.0000009988	        0.0000400502	        0.0002243045
        1.9947122508	        0.0554977220	        0.0302948894	       -4.6301925034	        5.2320004129	        0.0016918146	        0.0000001515	        0.0000005086	        0.0000026892	        0.0003006089	        0.0056348526	        0.0000004640	        0.0000270018	        0.0002325053
        1.9958778967	        0.0432874666	        0.0240256652	       -4.8681104691	        5.2147993026	        0.0017548444	        0.0000000625	        0.0000002493	        0.0000013652	        0.0001914337	        0.0058988629	        0.0000001958	        0.0000172915	        0.0002457606
        1.9969116151	        0.0324468322	        0.0182794246	       -5.0846224285	        5.1996636284	        0.0018130706	        0.0000000226	        0.0000001090	        0.0000006162	        0.0001140089	        0.0061583755	        0.0000000723	        0.0000102683	        0.0002650116
        1.9978282231	        0.0228256218	        0.0130320979	       -5.2807679972	        5.1863423512	        0.0018665362	        0.0000000067	        0.0000000402	        0.0000002333	        0.0000612969	        0.0064097866	        0.0000000219	        0.0000054047	        0.0002917788
        1.9986408981	        0.0142889910	        0.0082562532	       -5.4578200779	        5.1746143686	        0.0019153851	        0.0000000014	        0.0000000110	        0.0000000653	        0.0000276111	        0.0066504682	        0.0000000048	        0.0000022790	        0.0003288915
        1.9993613540	        0.0067163277	        0.0039223909	       -5.6171675717	        5.1642854235	        0.0019598290	        0.0000000002	        0.0000000015	        0.0000000093	        0.0000083898	        0.0068786014	        0.0000000005	        0.0000005607	        0.0003827024
        2.0000000000	        0.0000000000	        0.0000000000	       -5.7602354310	        5.1551851158	        0.0020001217	        0.0000000000	        0.0000000000	        0.0000000000	        0.0000000000	        0.0070930286	        0.0000000000	        0.0000000000	        0.0004740556
