        0.0000000000	        0.0000000000	        1.0000000000	        4.4686621900	        0.0000000000	        0.0000000000	        0.0000000000	        0.0000000000	        0.0000000000	        0.0000000000	        0.0000000000	        0.0000000000	        0.0000000000	        0.0010000000
        0.0006386460	        0.0077340591	        0.9967190259	        4.3487270552	        0.0000000000	        0.0000000000	        0.0000000000	        0.0000000000	        0.0000000000	        0.0000000058	        0.0000400335	        0.0666666667	        0.1000000000	        0.0010000000
        0.0013591019	        0.0164542357	        0.9930881054	        4.2170209417	        0.0000000000	        0.0000000000	        0.0000000000	        0.0000000000	        0.0000000000	        0.0000000692	        0.0001219782	        0.0666666667	        0.1000000000	        0.0010000000
        0.0021717769	        0.0262845492	        0.9890792917	        4.0729242080	        0.0000000000	        0.0000000000	        0.0000000000	        0.0000000001	        0.0000000003	        0.0000003608	        0.0002437342	        0.0666666667	        0.1000000000	        0.0010000000
        0.0030883849	        0.0373641442	        0.9846646060	        3.9159344298	        0.0000000000	        0.0000000000	        0.0000000003	        0.0000000004	        0.0000000018	        0.0000012493	        0.0004020264	        0.0666666667	        0.1000000000	        0.0010000000
        0.0041221033	        0.0498489902	        0.9798165950	        3.7457144936	        0.0000000000	        0.0000000000	        0.0000000018	        0.0000000020	        0.0000000091	        0.0000034252	        0.0005985892	        0.0666666667	        0.1000000000	        0.0010000000
        0.0052877492	        0.0639136959	        0.9745089869	        3.5621469667	        0.0000000000	        0.0000000000	        0.0000000071	        0.0000000078	        0.0000000352	        0.0000081010	        0.0008375789	        0.0666666667	        0.1000000000	        0.0010000000
        0.0066019743	        0.0797533486	        0.9687174530	        3.3653918133	        0.0000000000	        0.0000000000	        0.0000000240	        0.0000000267	        0.0000001156	        0.0000173224	        0.0011248195	        0.0666666667	        0.1000000000	        0.0010000000
        0.0080834821	        0.0975851354	        0.9624205123	        3.1559415638	        0.0000000000	        0.0000000000	        0.0000000727	        0.0000000808	        0.0000003372	        0.0000344448	        0.0014678035	        0.0666666667	        0.1000000000	        0.0010000000
        0.0097532660	        0.1176491224	        0.9556007042	        2.9346633921	        0.0000000000	        0.0000000000	        0.0000002017	        0.0000002241	        0.0000008966	        0.0000648452	        0.0018760801	        0.0666666667	        0.1000000000	        0.0010000000
        0.0116348733	        0.1402067084	        0.9482463616	        2.7028103644	        0.0000000000	        0.0000000000	        0.0000005212	        0.0000005791	        0.0000022115	        0.0001169506	        0.0023619425	        0.0666666667	        0.1000000000	        0.0010000000
        0.0137546927	        0.1655334487	        0.9403547263	        2.4620136453	        0.0000000000	        0.0000000000	        0.0000012688	        0.0000014098	        0.0000051125	        0.0002036275	        0.0029412385	        0.0666666667	        0.1000000000	        0.0010000000
        0.0161422702	        0.1938995711	        0.9319378181	        2.2145088401	        0.0000000000	        0.0000000000	        0.0000029278	        0.0000032531	        0.0000111265	        0.0003438069	        0.0036335897	        0.0666666667	        0.1000000000	        0.0010000000
        0.0188306506	        0.2255267336	        0.9230331528	        1.9630023494	        0.0000000000	        0.0000000000	        0.0000064124	        0.0000071249	        0.0000227653	        0.0005637131	        0.0044599993	        0.0666666667	        0.1000000000	        0.0010000000
        0.0218567475	        0.2605073071	        0.9137206425	        1.7107491188	        0.0000000000	        0.0000000000	        0.0000132966	        0.0000147741	        0.0000434964	        0.0008959897	        0.0054338348	        0.0666666667	        0.1000000000	        0.0010000000
        0.0252617393	        0.2986852766	        0.9041419493	        1.4614894745	        0.0000000000	        0.0000000000	        0.0000259647	        0.0000288497	        0.0000767864	        0.0013736921	        0.0065409115	        0.0666666667	        0.1000000000	        0.0010000000
        0.0290914903	        0.3395422240	        0.8945075024	        1.2194754208	        0.0000000000	        0.0000000000	        0.0000474655	        0.0000527395	        0.0001239147	        0.0020168289	        0.0077126265	        0.0666666667	        0.1000000000	        0.0010000000
        0.0333969940	        0.3821882595	        0.8850697082	        0.9891663642	        0.0000000000	        0.0000000000	        0.0000809403	        0.0000899337	        0.0001818403	        0.0028156951	        0.0088155357	        0.0666666667	        0.1000000000	        0.0010000000
        0.0382348325	        0.4255329111	        0.8760603513	        0.7747921527	        0.0000000000	        0.0000000000	        0.0001288788	        0.0001431987	        0.0002436991	        0.0037244472	        0.0096868959	        0.0666666667	        0.1000000000	        0.0010000000
        0.0436676462	        0.4685616472	        0.8676281854	        0.5801227160	        0.0000000000	        0.0000000000	        0.0001927134	        0.0002141260	        0.0003027540	        0.0046746526	        0.0102053808	        0.0666666667	        0.1000000000	        0.0010000000
        0.0497646022	        0.5106613562	        0.8597925481	        0.4080974995	        0.0000000000	        0.0000000000	        0.0002698821	        0.0002998690	        0.0003518477	        0.0056001292	        0.0103348678	        0.0666666667	        0.1000000000	        0.0010000000
        0.0566018496	        0.5515910003	        0.8524831909	        0.2603696581	        0.0000000000	        0.0000000000	        0.0003599217	        0.0003999130	        0.0003915590	        0.0064570806	        0.0101175578	        0.0666666667	        0.1000000000	        0.0010000000
        0.0642629411	        0.5911315177	        0.8456255865	        0.1371776880	        0.0000000000	        0.0000000000	        0.0004681045	        0.0005201161	        0.0004279940	        0.0072197228	        0.0096299763	        0.0666666667	        0.1000000000	        0.0010000000
        0.0728392004	        0.6290735914	        0.8391479159	        0.0375672660	        0.0000000000	        0.0000000000	        0.0005964035	        0.0006626705	        0.0004625920	        0.0078718070	        0.0089546787	        0.0666666667	        0.1000000000	        0.0010000000
        0.0824300053	        0.6653235063	        0.8329677380	       -0.0403730466	        0.0000000000	        0.0000000000	        0.0007460517	        0.0008289464	        0.0004969340	        0.0084085275	        0.0081723082	        0.0666666667	        0.1000000000	        0.0010000000
        0.0931429507	        0.6998853786	        0.8269986168	       -0.0990722265	        0.0000000000	        0.0000000000	        0.0009177529	        0.0010197255	        0.0005323734	        0.0088332443	        0.0073501424	        0.0666666667	        0.1000000000	        0.0010000000
        0.1050938490	        0.7328275921	        0.8211563695	       -0.1410818521	        0.0000000000	        0.0000000000	        0.0011118859	        0.0012354288	        0.0005699696	        0.0091538921	        0.0065373393	        0.0666666667	        0.1000000000	        0.0010000000
        0.1184065179	        0.7642535964	        0.8153628170	       -0.1688582978	        0.0000000000	        0.0000000000	        0.0013283675	        0.0014759639	        0.0006103416	        0.0093801478	        0.0057655967	        0.0666666667	        0.1000000000	        0.0010000000
        0.1332122955	        0.7942815752	        0.8095474037	       -0.1845946293	        0.0000000000	        0.0000000000	        0.0015666233	        0.0017406925	        0.0006536808	        0.0095216660	        0.0050525295	        0.0666666667	        0.1000000000	        0.0010000000
        0.1496492201	        0.8230302333	        0.8036479288	       -0.1903373094	        0.0000000000	        0.0000000000	        0.0018255827	        0.0020284252	        0.0006997873	        0.0095871077	        0.0044056444	        0.0666666667	        0.1000000000	        0.0010000000
        0.1678608015	        0.8506093834	        0.7976107646	       -0.1878776199	        0.0000000000	        0.0000000000	        0.0021036806	        0.0023374229	        0.0007481120	        0.0095837148	        0.0038258325	        0.0666666667	        0.1000000000	        0.0010000000
        0.1879943127	        0.8771136918	        0.7913911033	       -0.1789715711	        0.0000000000	        0.0000000000	        0.0023989323	        0.0026654804	        0.0007978158	        0.0095172200	        0.0033099686	        0.0666666667	        0.1000000000	        0.0010000000
        0.2101985296	        0.9026176668	        0.7849533253	       -0.1652329919	        0.0000000000	        0.0000000000	        0.0027091901	        0.0030102113	        0.0008478461	        0.0093919508	        0.0028528631	        0.0666666667	        0.1000000000	        0.0010000000
        0.2346208557	        0.9271699711	        0.7782721078	       -0.1480444184	        0.0000000000	        0.0000000000	        0.0030327575	        0.0033697305	        0.0008970088	        0.0092111207	        0.0024485964	        0.0666666667	        0.1000000000	        0.0010000000
        0.2614037844	        0.9507856340	        0.7713350112	       -0.1288053000	        0.0000000000	        0.0000000000	        0.0033694927	        0.0037438808	        0.0009440878	        0.0089773490	        0.0020913916	        0.0666666667	        0.1000000000	        0.0010000000
        0.2906806794	        0.9734366058	        0.7641463088	       -0.1089100704	        0.0000000000	        0.0000000000	        0.0037222047	        0.0041357830	        0.0009880603	        0.0086935080	        0.0017762748	        0.0666666667	        0.1000000000	        0.0010000000
        0.3225708876	        0.9950457176	        0.7567306879	       -0.0893231232	        0.0000000000	        0.0000000000	        0.0040971396	        0.0045523773	        0.0010283347	        0.0083638707	        0.0014994635	        0.0666666667	        0.1000000000	        0.0010000000
        0.3571742551	        1.0154972145	        0.7491327538	       -0.0707072702	        0.0000000000	        0.0000000000	        0.0045002379	        0.0050002643	        0.0010649784	        0.0079950868	        0.0012582993	        0.0666666667	        0.1000000000	        0.0010000000
        0.3945651751	        1.0346851248	        0.7414012728	       -0.0536177817	        0.0000000000	        0.0000000000	        0.0049226400	        0.0054696000	        0.0010988516	        0.0075956984	        0.0010504518	        0.0666666667	        0.1000000000	        0.0010000000
        0.4347863703	        1.0526177477	        0.7335420277	       -0.0384073413	        0.0000000000	        0.0000000000	        0.0053072121	        0.0058969023	        0.0011230058	        0.0071722019	        0.0008723305	        0.0666666667	        0.1000000000	        0.0010000000
        0.4778426900	        1.0693232400	        0.7255408971	       -0.0258093658	        0.0000000000	        0.0000000000	        0.0056612924	        0.0062903249	        0.0011408797	        0.0067308573	        0.0007202242	        0.0666666667	        0.1000000000	        0.0010000000
        0.5236952751	        1.0847416691	        0.7174128021	       -0.0162966045	        0.0000000000	        0.0000000000	        0.0060022653	        0.0066691837	        0.0011547841	        0.0062798801	        0.0005913301	        0.0666666667	        0.1000000000	        0.0010000000
        0.5722565058	        1.0987725057	        0.7091863947	       -0.0096130371	        0.0000000000	        0.0000000000	        0.0063267578	        0.0070297309	        0.0011645961	        0.0058296177	        0.0004834387	        0.0666666667	        0.1000000000	        0.0010000000
        0.6233861842	        1.1113115729	        0.7008880447	       -0.0059828290	        0.0000000000	        0.0000000000	        0.0066313868	        0.0073682076	        0.0011715233	        0.0053922109	        0.0003946135	        0.0666666667	        0.1000000000	        0.0010000000
        0.6768894010	        1.1222569126	        0.6925382799	       -0.0049877000	        0.0000000000	        0.0000000000	        0.0069124058	        0.0076804509	        0.0011769722	        0.0049811750	        0.0003230553	        0.0666666667	        0.1000000000	        0.0010000000
        0.7325164896	        1.1315148260	        0.6841505054	       -0.0071212524	        0.0000000000	        0.0000000000	        0.0071655062	        0.0079616735	        0.0011826539	        0.0046106544	        0.0002670058	        0.0666666667	        0.1000000000	        0.0010000000
        0.7899653716	        1.1390059221	        0.6757253985	       -0.0122642218	        0.0000000000	        0.0000000000	        0.0073845036	        0.0082050041	        0.0011905237	        0.0042945307	        0.0002247774	        0.0666666667	        0.1000000000	        0.0010000000
        0.8488864424	        1.1446694953	        0.6672475796	       -0.0203889258	        0.0000000000	        0.0000000000	        0.0075612397	        0.0084013774	        0.0012025845	        0.0040453460	        0.0001947874	        0.0666666667	        0.1000000000	        0.0010000000
        0.9088899606	        1.1484644737	        0.6586829476	       -0.0314492950	        0.0000000000	        0.0000000000	        0.0076864829	        0.0085405366	        0.0012208352	        0.0038732773	        0.0001756597	        0.0666666667	        0.1000000000	        0.0010000000
        0.9695556872	        1.1503671360	        0.6499778044	       -0.0429647002	        0.0000000000	        0.0000000000	        0.0077516965	        0.0086129961	        0.0012463542	        0.0037854308	        0.0001663705	        0.0666666667	        0.1000000000	        0.0010000000
        1.0304443128	        1.1503671360	        0.6410718035	       -0.0538604675	        0.0000000000	        0.0000000000	        0.0077516965	        0.0086129961	        0.0012789181	        0.0037854308	        0.0001663705	        0.0666666667	        0.1000000000	        0.0010000000
        1.0911100394	        1.1484644737	        0.6319065289	       -0.0649541788	        0.0000000000	        0.0000000000	        0.0076864829	        0.0085405366	        0.0013181037	        0.0038732773	        0.0001756597	        0.0666666667	        0.1000000000	        0.0010000000
        1.1511135576	        1.1446694953	        0.6224260806	       -0.0752526836	        0.0000000000	        0.0000000000	        0.0075612397	        0.0084013774	        0.0013633397	        0.0040453460	        0.0001947874	        0.0666666667	        0.1000000000	        0.0010000000
        1.2100346284	        1.1390059221	        0.6125859312	       -0.0840250620	        0.0000000000	        0.0000000000	        0.0073845036	        0.0082050041	        0.0014134049	        0.0042945307	        0.0002247774	        0.0666666667	        0.1000000000	        0.0010000000
        1.2674835104	        1.1315148260	        0.6023587130	       -0.0890781936	        0.0000000000	        0.0000000000	        0.0071655062	        0.0079616735	        0.0014660742	        0.0046106544	        0.0002670058	        0.0666666667	        0.1000000000	        0.0010000000
        1.3231105990	        1.1222569126	        0.5917438810	       -0.0896306985	        0.0000000000	        0.0000000000	        0.0069124058	        0.0076804509	        0.0015182621	        0.0049811750	        0.0003230553	        0.0666666667	        0.1000000000	        0.0010000000
        1.3766138158	        1.1113115729	        0.5807677434	       -0.0854432548	        0.0000000000	        0.0000000000	        0.0066313868	        0.0073682076	        0.0015667952	        0.0053922109	        0.0003946135	        0.0666666667	        0.1000000000	        0.0010000000
        1.4277434942	        1.0987725057	        0.5694786930	       -0.0767994759	        0.0000000000	        0.0000000000	        0.0063267578	        0.0070297309	        0.0016088178	        0.0058296177	        0.0004834387	        0.0666666667	        0.1000000000	        0.0010000000
        1.4763047249	        1.0847416691	        0.5579398085	       -0.0634732955	        0.0000000000	        0.0000000000	        0.0060022653	        0.0066691837	        0.0016420003	        0.0062798801	        0.0005913301	        0.0666666667	        0.1000000000	        0.0010000000
        1.5221573100	        1.0693232400	        0.5462240441	       -0.0457093925	        0.0000000000	        0.0000000000	        0.0056612924	        0.0062903249	        0.0016644918	        0.0067308573	        0.0007202242	        0.0666666667	        0.1000000000	        0.0010000000
        1.5652136297	        1.0526177477	        0.5344079987	       -0.0245977511	        0.0000000000	        0.0000000000	        0.0053072121	        0.0058969023	        0.0016768144	        0.0071722019	        0.0008723305	        0.0666666667	        0.1000000000	        0.0010000000
        1.6054348249	        1.0346851248	        0.5225421483	       -0.0011035408	        0.0000000000	        0.0000000000	        0.0049226400	        0.0054696000	        0.0016762886	        0.0075956984	        0.0010504518	        0.0666666667	        0.1000000000	        0.0010000000
        1.6428257449	        1.0154972145	        0.5106244808	        0.0244170768	        0.0000000000	        0.0000000000	        0.0045002379	        0.0050002643	        0.0016580385	        0.0079950868	        0.0012582993	        0.0666666667	        0.1000000000	        0.0010000000
        1.6774291124	        0.9950457176	        0.4986761610	        0.0516279861	        0.0000000000	        0.0000000000	        0.0040971396	        0.0045523773	        0.0016329572	        0.0083638707	        0.0014994635	        0.0666666667	        0.1000000000	        0.0010000000
        1.7093193206	        0.9734366058	        0.4867835149	        0.0788613916	        0.0000000000	        0.0000000000	        0.0037222047	        0.0041357830	        0.0016001502	        0.0086935080	        0.0017762748	        0.0666666667	        0.1000000000	        0.0010000000
        1.7385962156	        0.9507856340	        0.4750246589	        0.1045047214	        0.0000000000	        0.0000000000	        0.0033694927	        0.0037438808	        0.0015599702	        0.0089773490	        0.0020913916	        0.0666666667	        0.1000000000	        0.0010000000
        1.7653791443	        0.9271699711	        0.4634426514	        0.1263846891	        0.0000000000	        0.0000000000	        0.0030327575	        0.0033697305	        0.0015137838	        0.0092111207	        0.0024485964	        0.0666666667	        0.1000000000	        0.0010000000
        1.7898014704	        0.9026176668	        0.4520425160	        0.1418675061	        0.0000000000	        0.0000000000	        0.0027091901	        0.0030102113	        0.0014635786	        0.0093919508	        0.0028528631	        0.0666666667	        0.1000000000	        0.0010000000
        1.8120056873	        0.8771136918	        0.4407962292	        0.1484651244	        0.0000000000	        0.0000000000	        0.0023989323	        0.0026654804	        0.0014115091	        0.0095172200	        0.0033099686	        0.0666666667	        0.1000000000	        0.0010000000
        1.8321391985	        0.8506093834	        0.4296487628	        0.1436965393	        0.0000000000	        0.0000000000	        0.0021036806	        0.0023374229	        0.0013595202	        0.0095837148	        0.0038258325	        0.0666666667	        0.1000000000	        0.0010000000
        1.8503507799	        0.8230302333	        0.4185222896	        0.1246992919	        0.0000000000	        0.0000000000	        0.0018255827	        0.0020284252	        0.0013091433	        0.0095871077	        0.0044056444	        0.0666666667	        0.1000000000	        0.0010000000
        1.8667877045	        0.7942815752	        0.4073180194	        0.0887065713	        0.0000000000	        0.0000000000	        0.0015666233	        0.0017406925	        0.0012613398	        0.0095216660	        0.0050525295	        0.0666666667	        0.1000000000	        0.0010000000
        1.8815934821	        0.7642535964	        0.3959172896	        0.0328421693	        0.0000000000	        0.0000000000	        0.0013283675	        0.0014759639	        0.0012163547	        0.0093801478	        0.0057655967	        0.0666666667	        0.1000000000	        0.0010000000
        1.8949061510	        0.7328275921	        0.3841824181	       -0.0459042735	        0.0000000000	        0.0000000000	        0.0011118859	        0.0012354288	        0.0011736167	        0.0091538921	        0.0065373393	        0.0666666667	        0.1000000000	        0.0010000000
        1.9068570493	        0.6998853786	        0.3719581708	       -0.1510318482	        0.0000000000	        0.0000000000	        0.0009177529	        0.0010197255	        0.0011316912	        0.0088332443	        0.0073501424	        0.0666666667	        0.1000000000	        0.0010000000
        1.9175699947	        0.6653235063	        0.3590744355	       -0.2835951311	        0.0000000000	        0.0000000000	        0.0007460517	        0.0008289464	        0.0010881510	        0.0084085275	        0.0081723082	        0.0666666667	        0.1000000000	        0.0010000000
        1.9271607996	        0.6290735914	        0.3453544923	       -0.4451619265	        0.0000000000	        0.0000000000	        0.0005964035	        0.0006626705	        0.0010396105	        0.0078718070	        0.0089546787	        0.0666666667	        0.1000000000	        0.0010000000
        1.9357370589	        0.5911315177	        0.3306276969	       -0.6361220738	        0.0000000000	        0.0000000000	        0.0004681045	        0.0005201161	        0.0009822923	        0.0072197228	        0.0096299763	        0.0666666667	        0.1000000000	        0.0010000000
        1.9433981504	        0.5515910003	        0.3147486001	       -0.8509627513	        0.0000000000	        0.0000000000	        0.0003599217	        0.0003999130	        0.0009123072	        0.0064570806	        0.0101175578	        0.0666666667	        0.1000000000	        0.0010000000
        1.9502353978	        0.5106613562	        0.2976195936	       -1.0886083351	        0.0000000000	        0.0000000000	        0.0002698821	        0.0002998690	        0.0008268481	        0.0056001292	        0.0103348678	        0.0666666667	        0.1000000000	        0.0010000000
        1.9563323538	        0.4685616472	        0.2791576042	       -1.3396649876	        0.0000000000	        0.0000000000	        0.0001927134	        0.0002141260	        0.0007129870	        0.0046746526	        0.0102053808	        0.0666666667	        0.1000000000	        0.0010000000
        1.9617651675	        0.4255329111	        0.2593088457	       -1.5992965726	        0.0000000000	        0.0000000000	        0.0001288788	        0.0001431987	        0.0005717004	        0.0037244472	        0.0096868959	        0.0666666667	        0.1000000000	        0.0010000000
        1.9666030060	        0.3821882595	        0.2382410607	       -1.8593835019	        0.0000000000	        0.0000000000	        0.0000809403	        0.0000899337	        0.0004227763	        0.0028156951	        0.0088155357	        0.0666666667	        0.1000000000	        0.0010000000
        1.9709085097	        0.3395422240	        0.2164194700	       -2.1112707491	        0.0000000000	        0.0000000000	        0.0000474655	        0.0000527395	        0.0002843608	        0.0020168289	        0.0077126265	        0.0666666667	        0.1000000000	        0.0010000000
        1.9747382607	        0.2986852766	        0.1944738820	       -2.3529765431	        0.0000000000	        0.0000000000	        0.0000259647	        0.0000288497	        0.0001733933	        0.0013736921	        0.0065409115	        0.0666666667	        0.1000000000	        0.0010000000
        1.9781432525	        0.2605073071	        0.1730337723	       -2.5817200659	        0.0000000000	        0.0000000000	        0.0000132966	        0.0000147741	        0.0000964533	        0.0008959897	        0.0054338348	        0.0666666667	        0.1000000000	        0.0010000000
        1.9811693494	        0.2255267336	        0.1525826432	       -2.7941506816	        0.0000000000	        0.0000000000	        0.0000064124	        0.0000071249	        0.0000495161	        0.0005637131	        0.0044599993	        0.0666666667	        0.1000000000	        0.0010000000
        1.9838577298	        0.1938995711	        0.1334102173	       -2.9871200434	        0.0000000000	        0.0000000000	        0.0000029278	        0.0000032531	        0.0000237267	        0.0003438069	        0.0036335897	        0.0666666667	        0.1000000000	        0.0010000000
        1.9862453073	        0.1655334487	        0.1156453052	       -3.1610979871	        0.0000000000	        0.0000000000	        0.0000012688	        0.0000014098	        0.0000106894	        0.0002036275	        0.0029412385	        0.0666666667	        0.1000000000	        0.0010000000
        1.9883651267	        0.1402067084	        0.0993120572	       -3.3183690732	        0.0000000000	        0.0000000000	        0.0000005212	        0.0000005791	        0.0000045358	        0.0001169506	        0.0023619425	        0.0666666667	        0.1000000000	        0.0010000000
        1.9902467340	        0.1176491224	        0.0843758146	       -3.4603130765	        0.0000000000	        0.0000000000	        0.0000002017	        0.0000002241	        0.0000018054	        0.0000648452	        0.0018760801	        0.0666666667	        0.1000000000	        0.0010000000
        1.9919165179	        0.0975851354	        0.0707718803	       -3.5874621071	        0.0000000000	        0.0000000000	        0.0000000727	        0.0000000808	        0.0000006673	        0.0000344448	        0.0014678035	        0.0666666667	        0.1000000000	        0.0010000000
        1.9933980257	        0.0797533486	        0.0584213778	       -3.7006658642	        0.0000000000	        0.0000000000	        0.0000000240	        0.0000000267	        0.0000002251	        0.0000173224	        0.0011248195	        0.0666666667	        0.1000000000	        0.0010000000
        1.9947122508	        0.0639136959	        0.0472395263	       -3.8010175319	        0.0000000000	        0.0000000000	        0.0000000071	        0.0000000078	        0.0000000674	        0.0000081010	        0.0008375789	        0.0666666667	        0.1000000000	        0.0010000000
        1.9958778967	        0.0498489902	        0.0371400392	       -3.8897053238	        0.0000000000	        0.0000000000	        0.0000000018	        0.0000000020	        0.0000000172	        0.0000034252	        0.0005985892	        0.0666666667	        0.1000000000	        0.0010000000
        1.9969116151	        0.0373641442	        0.0280376236	       -3.9679208728	        0.0000000000	        0.0000000000	        0.0000000003	        0.0000000004	        0.0000000034	        0.0000012493	        0.0004020264	        0.0666666667	        0.1000000000	        0.0010000000
        1.9978282231	        0.0262845492	        0.0198495162	       -4.0368053403	        0.0000000000	        0.0000000000	        0.0000000000	        0.0000000001	        0.0000000005	        0.0000003608	        0.0002437342	        0.0666666667	        0.1000000000	        0.0010000000
        1.9986408981	        0.0164542357	        0.0124964817	       -4.0974201785	        0.0000000000	        0.0000000000	        0.0000000000	        0.0000000000	        0.0000000000	        0.0000000692	        0.0001219782	        0.0666666667	        0.1000000000	        0.0010000000
        1.9993613540	        0.0077340591	        0.0059034656	       -4.1507336960	        0.0000000000	        0.0000000000	        0.0000000000	        0.0000000000	        0.0000000000	        0.0000000058	        0.0000400335	        0.0666666667	        0.1000000000	        0.0010000000
        2.0000000000	        0.0000000000	        0.0000000000	       -4.1976174834	        0.0000000000	        0.0000000000	        0.0000000000	        0.0000000000	        0.0000000000	        0.0000000000	        0.0000000000	        0.0000000000	        0.0000000000	        0.0010000000
