        0.0000000000	        0.0000000000	        1.0000000000	        7.4793462837	        0.0000000000	        0.0000000000	        0.0000000000	        0.0000000000	        0.0000000000	        0.0000000000	        0.0000000000	        0.0000000000	        0.0000000000	        0.0010000000
        0.0006386460	        0.0077340591	        0.9974736886	        6.9413002515	        0.0000000000	        0.0000000000	        0.0000000000	        0.0000000000	        0.0000000000	        0.0000000058	        0.0000400335	        0.0666666667	        0.1000000000	        0.0010000000
        0.0013591019	        0.0164542357	        0.9947364913	        6.3732754848	        0.0000000000	        0.0000000000	        0.0000000000	        0.0000000000	        0.0000000000	        0.0000000692	        0.0001219782	        0.0666666667	        0.1000000000	        0.0010000000
        0.0021717769	        0.0262845492	        0.9917806738	        5.7799908901	        0.0000000000	        0.0000000000	        0.0000000000	        0.0000000001	        0.0000000002	        0.0000003608	        0.0002437342	        0.0666666667	        0.1000000000	        0.0010000000
        0.0030883849	        0.0373641442	        0.9885988746	        5.1681709464	        0.0000000000	        0.0000000000	        0.0000000003	        0.0000000004	        0.0000000013	        0.0000012493	        0.0004020264	        0.0666666667	        0.1000000000	        0.0010000000
        0.0041221033	        0.0498489902	        0.9851835023	        4.5467767429	        0.0000000000	        0.0000000000	        0.0000000018	        0.0000000020	        0.0000000063	        0.0000034252	        0.0005985892	        0.0666666667	        0.1000000000	        0.0010000000
        0.0052877492	        0.0639136959	        0.9815257831	        3.9270845715	        0.0000000000	        0.0000000000	        0.0000000071	        0.0000000078	        0.0000000240	        0.0000081010	        0.0008375789	        0.0666666667	        0.1000000000	        0.0010000000
        0.0066019743	        0.0797533486	        0.9776144494	        3.3224691620	        0.0000000000	        0.0000000000	        0.0000000240	        0.0000000267	        0.0000000774	        0.0000173224	        0.0011248195	        0.0666666667	        0.1000000000	        0.0010000000
        0.0080834821	        0.0975851354	        0.9734341593	        2.7476663092	        0.0000000000	        0.0000000000	        0.0000000727	        0.0000000808	        0.0000002224	        0.0000344448	        0.0014678035	        0.0666666667	        0.1000000000	        0.0010000000
        0.0097532660	        0.1176491224	        0.9689639054	        2.2171671738	        0.0000000000	        0.0000000000	        0.0000002017	        0.0000002241	        0.0000005857	        0.0000648452	        0.0018760801	        0.0666666667	        0.1000000000	        0.0010000000
        0.0116348733	        0.1402067084	        0.9641759002	        1.7422161453	        0.0000000000	        0.0000000000	        0.0000005212	        0.0000005791	        0.0000014401	        0.0001169506	        0.0023619425	        0.0666666667	        0.1000000000	        0.0010000000
        0.0137546927	        0.1655334487	        0.9590356378	        1.3272513510	        0.0000000000	        0.0000000000	        0.0000012688	        0.0000014098	        0.0000033455	        0.0002036275	        0.0029412385	        0.0666666667	        0.1000000000	        0.0010000000
        0.0161422702	        0.1938995711	        0.9535040138	        0.9766460072	        0.0000000000	        0.0000000000	        0.0000029278	        0.0000032531	        0.0000073813	        0.0003438069	        0.0036335897	        0.0666666667	        0.1000000000	        0.0010000000
        0.0188306506	        0.2255267336	        0.9475445455	        0.6886947443	        0.0000000000	        0.0000000000	        0.0000064124	        0.0000071249	        0.0000154542	        0.0005637131	        0.0044599993	        0.0666666667	        0.1000000000	        0.0010000000
        0.0218567475	        0.2605073071	        0.9411373207	        0.4588672329	        0.0000000000	        0.0000000000	        0.0000132966	        0.0000147741	        0.0000304956	        0.0008959897	        0.0054338348	        0.0666666667	        0.1000000000	        0.0010000000
        0.0252617393	        0.2986852766	        0.9342998254	        0.2820532920	        0.0000000000	        0.0000000000	        0.0000259647	        0.0000288497	        0.0000560730	        0.0013736921	        0.0065409115	        0.0666666667	        0.1000000000	        0.0010000000
        0.0290914903	        0.3395422240	        0.9271069783	        0.1503367429	        0.0000000000	        0.0000000000	        0.0000474655	        0.0000527395	        0.0000949121	        0.0020168289	        0.0077126265	        0.0666666667	        0.1000000000	        0.0010000000
        0.0333969940	        0.3821882595	        0.9196915082	        0.0533369272	        0.0000000000	        0.0000000000	        0.0000809403	        0.0000899337	        0.0001468262	        0.0028156951	        0.0088155357	        0.0666666667	        0.1000000000	        0.0010000000
        0.0382348325	        0.4255329111	        0.9122119063	       -0.0177607079	        0.0000000000	        0.0000000000	        0.0001288788	        0.0001431987	        0.0002080000	        0.0037244472	        0.0096868959	        0.0666666667	        0.1000000000	        0.0010000000
        0.0436676462	        0.4685616472	        0.9048049710	       -0.0710993961	        0.0000000000	        0.0000000000	        0.0001927134	        0.0002141260	        0.0002732081	        0.0046746526	        0.0102053808	        0.0666666667	        0.1000000000	        0.0010000000
        0.0497646022	        0.5106613562	        0.8975316867	       -0.1131881867	        0.0000000000	        0.0000000000	        0.0002698821	        0.0002998690	        0.0003349608	        0.0056001292	        0.0103348678	        0.0666666667	        0.1000000000	        0.0010000000
        0.0566018496	        0.5515910003	        0.8903868601	       -0.1484256017	        0.0000000000	        0.0000000000	        0.0003599217	        0.0003999130	        0.0003915907	        0.0064570806	        0.0101175578	        0.0666666667	        0.1000000000	        0.0010000000
        0.0642629411	        0.5911315177	        0.8833635796	       -0.1793355345	        0.0000000000	        0.0000000000	        0.0004681045	        0.0005201161	        0.0004471186	        0.0072197228	        0.0096299763	        0.0666666667	        0.1000000000	        0.0010000000
        0.0728392004	        0.6290735914	        0.8764557061	       -0.2069069184	        0.0000000000	        0.0000000000	        0.0005964035	        0.0006626705	        0.0005016064	        0.0078718070	        0.0089546787	        0.0666666667	        0.1000000000	        0.0010000000
        0.0824300053	        0.6653235063	        0.8696381841	       -0.2310807800	        0.0000000000	        0.0000000000	        0.0007460517	        0.0008289464	        0.0005556980	        0.0084085275	        0.0081723082	        0.0666666667	        0.1000000000	        0.0010000000
        0.0931429507	        0.6998853786	        0.8628697151	       -0.2512302950	        0.0000000000	        0.0000000000	        0.0009177529	        0.0010197255	        0.0006102823	        0.0088332443	        0.0073501424	        0.0666666667	        0.1000000000	        0.0010000000
        0.1050938490	        0.7328275921	        0.8560983083	       -0.2664971365	        0.0000000000	        0.0000000000	        0.0011118859	        0.0012354288	        0.0006663487	        0.0091538921	        0.0065373393	        0.0666666667	        0.1000000000	        0.0010000000
        0.1184065179	        0.7642535964	        0.8492663575	       -0.2760478959	        0.0000000000	        0.0000000000	        0.0013283675	        0.0014759639	        0.0007246854	        0.0093801478	        0.0057655967	        0.0666666667	        0.1000000000	        0.0010000000
        0.1332122955	        0.7942815752	        0.8423144740	       -0.2793460163	        0.0000000000	        0.0000000000	        0.0015666233	        0.0017406925	        0.0007857555	        0.0095216660	        0.0050525295	        0.0666666667	        0.1000000000	        0.0010000000
        0.1496492201	        0.8230302333	        0.8351845035	       -0.2762104857	        0.0000000000	        0.0000000000	        0.0018255827	        0.0020284252	        0.0008496258	        0.0095871077	        0.0044056444	        0.0666666667	        0.1000000000	        0.0010000000
        0.1678608015	        0.8506093834	        0.8278219610	       -0.2667894819	        0.0000000000	        0.0000000000	        0.0021036806	        0.0023374229	        0.0009159292	        0.0095837148	        0.0038258325	        0.0666666667	        0.1000000000	        0.0010000000
        0.1879943127	        0.8771136918	        0.8201782163	       -0.2519084945	        0.0000000000	        0.0000000000	        0.0023989323	        0.0026654804	        0.0009839027	        0.0095172200	        0.0033099686	        0.0666666667	        0.1000000000	        0.0010000000
        0.2101985296	        0.9026176668	        0.8122122321	       -0.2329632929	        0.0000000000	        0.0000000000	        0.0027091901	        0.0030102113	        0.0010525155	        0.0093919508	        0.0028528631	        0.0666666667	        0.1000000000	        0.0010000000
        0.2346208557	        0.9271699711	        0.8038923044	       -0.2112908156	        0.0000000000	        0.0000000000	        0.0030327575	        0.0033697305	        0.0011205998	        0.0092111207	        0.0024485964	        0.0666666667	        0.1000000000	        0.0010000000
        0.2614037844	        0.9507856340	        0.7951993766	       -0.1878238633	        0.0000000000	        0.0000000000	        0.0033694927	        0.0037438808	        0.0011869284	        0.0089773490	        0.0020913916	        0.0666666667	        0.1000000000	        0.0010000000
        0.2906806794	        0.9734366058	        0.7861330335	       -0.1635226444	        0.0000000000	        0.0000000000	        0.0037222047	        0.0041357830	        0.0012503678	        0.0086935080	        0.0017762748	        0.0666666667	        0.1000000000	        0.0010000000
        0.3225708876	        0.9950457176	        0.7767179383	       -0.1401075067	        0.0000000000	        0.0000000000	        0.0040971396	        0.0045523773	        0.0013103296	        0.0083638707	        0.0014994635	        0.0666666667	        0.1000000000	        0.0010000000
        0.3571742551	        1.0154972145	        0.7670023892	       -0.1189374837	        0.0000000000	        0.0000000000	        0.0045002379	        0.0050002643	        0.0013672938	        0.0079950868	        0.0012582993	        0.0666666667	        0.1000000000	        0.0010000000
        0.3945651751	        1.0346851248	        0.7570369618	       -0.0998027602	        0.0000000000	        0.0000000000	        0.0049226400	        0.0054696000	        0.0014227810	        0.0075956984	        0.0010504518	        0.0666666667	        0.1000000000	        0.0010000000
        0.4347863703	        1.0526177477	        0.7468156880	       -0.0825152677	        0.0000000000	        0.0000000000	        0.0053072121	        0.0058969023	        0.0014678875	        0.0071722019	        0.0008723305	        0.0666666667	        0.1000000000	        0.0010000000
        0.4778426900	        1.0693232400	        0.7363057725	       -0.0672305150	        0.0000000000	        0.0000000000	        0.0056612924	        0.0062903249	        0.0015067006	        0.0067308573	        0.0007202242	        0.0666666667	        0.1000000000	        0.0010000000
        0.5236952751	        1.0847416691	        0.7255146570	       -0.0547618063	        0.0000000000	        0.0000000000	        0.0060022653	        0.0066691837	        0.0015416969	        0.0062798801	        0.0005913301	        0.0666666667	        0.1000000000	        0.0010000000
        0.5722565058	        1.0987725057	        0.7144716591	       -0.0456972185	        0.0000000000	        0.0000000000	        0.0063267578	        0.0070297309	        0.0015723140	        0.0058296177	        0.0004834387	        0.0666666667	        0.1000000000	        0.0010000000
        0.6233861842	        1.1113115729	        0.7032046844	       -0.0401929652	        0.0000000000	        0.0000000000	        0.0066313868	        0.0073682076	        0.0015998531	        0.0053922109	        0.0003946135	        0.0666666667	        0.1000000000	        0.0010000000
        0.6768894010	        1.1222569126	        0.6917366964	       -0.0377004092	        0.0000000000	        0.0000000000	        0.0069124058	        0.0076804509	        0.0016257888	        0.0049811750	        0.0003230553	        0.0666666667	        0.1000000000	        0.0010000000
        0.7325164896	        1.1315148260	        0.6800845936	       -0.0389747523	        0.0000000000	        0.0000000000	        0.0071655062	        0.0079616735	        0.0016519848	        0.0046106544	        0.0002670058	        0.0666666667	        0.1000000000	        0.0010000000
        0.7899653716	        1.1390059220	        0.6682516979	       -0.0420413989	        0.0000000000	        0.0000000000	        0.0073845036	        0.0082050041	        0.0016800379	        0.0042945307	        0.0002247774	        0.0666666667	        0.1000000000	        0.0010000000
        0.8488864424	        1.1446694953	        0.6562315991	       -0.0482556418	        0.0000000000	        0.0000000000	        0.0075612397	        0.0084013774	        0.0017114148	        0.0040453460	        0.0001947874	        0.0666666667	        0.1000000000	        0.0010000000
        0.9088899606	        1.1484644737	        0.6439983479	       -0.0578107238	        0.0000000000	        0.0000000000	        0.0076864829	        0.0085405366	        0.0017480736	        0.0038732773	        0.0001756597	        0.0666666667	        0.1000000000	        0.0010000000
        0.9695556872	        1.1503671360	        0.6315035781	       -0.0709300749	        0.0000000000	        0.0000000000	        0.0077516965	        0.0086129961	        0.0017920458	        0.0037854308	        0.0001663705	        0.0666666667	        0.1000000000	        0.0010000000
        1.0304443128	        1.1503671360	        0.6186765129	       -0.0870553526	        0.0000000000	        0.0000000000	        0.0077516965	        0.0086129961	        0.0018451791	        0.0037854308	        0.0001663705	        0.0666666667	        0.1000000000	        0.0010000000
        1.0911100394	        1.1484644737	        0.6054309625	       -0.1034807818	        0.0000000000	        0.0000000000	        0.0076864829	        0.0085405366	        0.0019081168	        0.0038732773	        0.0001756597	        0.0666666667	        0.1000000000	        0.0010000000
        1.1511135576	        1.1446694953	        0.5916845428	       -0.1182856791	        0.0000000000	        0.0000000000	        0.0075612397	        0.0084013774	        0.0019798250	        0.0040453460	        0.0001947874	        0.0666666667	        0.1000000000	        0.0010000000
        1.2100346284	        1.1390059220	        0.5773738306	       -0.1290033203	        0.0000000000	        0.0000000000	        0.0073845036	        0.0082050041	        0.0020577273	        0.0042945307	        0.0002247774	        0.0666666667	        0.1000000000	        0.0010000000
        1.2674835104	        1.1315148260	        0.5624691557	       -0.1336144372	        0.0000000000	        0.0000000000	        0.0071655062	        0.0079616735	        0.0021377718	        0.0046106544	        0.0002670058	        0.0666666667	        0.1000000000	        0.0010000000
        1.3231105990	        1.1222569126	        0.5469827714	       -0.1323881164	        0.0000000000	        0.0000000000	        0.0069124058	        0.0076804509	        0.0022155375	        0.0049811750	        0.0003230553	        0.0666666667	        0.1000000000	        0.0010000000
        1.3766138158	        1.1113115729	        0.5309623396	       -0.1248361423	        0.0000000000	        0.0000000000	        0.0066313868	        0.0073682076	        0.0022868822	        0.0053922109	        0.0003946135	        0.0666666667	        0.1000000000	        0.0010000000
        1.4277434942	        1.0987725057	        0.5144846754	       -0.1089256673	        0.0000000000	        0.0000000000	        0.0063267578	        0.0070297309	        0.0023473894	        0.0058296177	        0.0004834387	        0.0666666667	        0.1000000000	        0.0010000000
        1.4763047249	        1.0847416691	        0.4976546197	       -0.0871213446	        0.0000000000	        0.0000000000	        0.0060022653	        0.0066691837	        0.0023935367	        0.0062798801	        0.0005913301	        0.0666666667	        0.1000000000	        0.0010000000
        1.5221573100	        1.0693232400	        0.4805864744	       -0.0617435454	        0.0000000000	        0.0000000000	        0.0056612924	        0.0062903249	        0.0024237481	        0.0067308573	        0.0007202242	        0.0666666667	        0.1000000000	        0.0010000000
        1.5652136297	        1.0526177477	        0.4633887990	       -0.0318844093	        0.0000000000	        0.0000000000	        0.0053072121	        0.0058969023	        0.0024396370	        0.0071722019	        0.0008723305	        0.0666666667	        0.1000000000	        0.0010000000
        1.6054348249	        1.0346851248	        0.4461311241	        0.0044851291	        0.0000000000	        0.0000000000	        0.0049226400	        0.0054696000	        0.0024367115	        0.0075956984	        0.0010504518	        0.0666666667	        0.1000000000	        0.0010000000
        1.6428257449	        1.0154972145	        0.4288162483	        0.0485208432	        0.0000000000	        0.0000000000	        0.0045002379	        0.0050002643	        0.0024063875	        0.0079950868	        0.0012582993	        0.0666666667	        0.1000000000	        0.0010000000
        1.6774291124	        0.9950457176	        0.4114933205	        0.0993484704	        0.0000000000	        0.0000000000	        0.0040971396	        0.0045523773	        0.0023631325	        0.0083638707	        0.0014994635	        0.0666666667	        0.1000000000	        0.0010000000
        1.7093193206	        0.9734366058	        0.3943148154	        0.1572535431	        0.0000000000	        0.0000000000	        0.0037222047	        0.0041357830	        0.0023043163	        0.0086935080	        0.0017762748	        0.0666666667	        0.1000000000	        0.0010000000
        1.7385962156	        0.9507856340	        0.3774336781	        0.2231295050	        0.0000000000	        0.0000000000	        0.0033694927	        0.0037438808	        0.0022287102	        0.0089773490	        0.0020913916	        0.0666666667	        0.1000000000	        0.0010000000
        1.7653791443	        0.9271699711	        0.3609680117	        0.2960077239	        0.0000000000	        0.0000000000	        0.0030327575	        0.0033697305	        0.0021365204	        0.0092111207	        0.0024485964	        0.0666666667	        0.1000000000	        0.0010000000
        1.7898014704	        0.9026176668	        0.3449972001	        0.3734530046	        0.0000000000	        0.0000000000	        0.0027091901	        0.0030102113	        0.0020292914	        0.0093919508	        0.0028528631	        0.0666666667	        0.1000000000	        0.0010000000
        1.8120056873	        0.8771136918	        0.3295681332	        0.4504632442	        0.0000000000	        0.0000000000	        0.0023989323	        0.0026654804	        0.0019097476	        0.0095172200	        0.0033099686	        0.0666666667	        0.1000000000	        0.0010000000
        1.8321391985	        0.8506093834	        0.3146988355	        0.5224028370	        0.0000000000	        0.0000000000	        0.0021036806	        0.0023374229	        0.0017814161	        0.0095837148	        0.0038258325	        0.0666666667	        0.1000000000	        0.0010000000
        1.8503507799	        0.8230302333	        0.3003819884	        0.5847909647	        0.0000000000	        0.0000000000	        0.0018255827	        0.0020284252	        0.0016480415	        0.0095871077	        0.0044056444	        0.0666666667	        0.1000000000	        0.0010000000
        1.8667877045	        0.7942815752	        0.2865873281	        0.6332867854	        0.0000000000	        0.0000000000	        0.0015666233	        0.0017406925	        0.0015131911	        0.0095216660	        0.0050525295	        0.0666666667	        0.1000000000	        0.0010000000
        1.8815934821	        0.7642535964	        0.2732634566	        0.6643157188	        0.0000000000	        0.0000000000	        0.0013283675	        0.0014759639	        0.0013799304	        0.0093801478	        0.0057655967	        0.0666666667	        0.1000000000	        0.0010000000
        1.8949061510	        0.7328275921	        0.2603404456	        0.6754297353	        0.0000000000	        0.0000000000	        0.0011118859	        0.0012354288	        0.0012505471	        0.0091538921	        0.0065373393	        0.0666666667	        0.1000000000	        0.0010000000
        1.9068570493	        0.6998853786	        0.2477338221	        0.6646146710	        0.0000000000	        0.0000000000	        0.0009177529	        0.0010197255	        0.0011264306	        0.0088332443	        0.0073501424	        0.0666666667	        0.1000000000	        0.0010000000
        1.9175699947	        0.6653235063	        0.2353491767	        0.6301175461	        0.0000000000	        0.0000000000	        0.0007460517	        0.0008289464	        0.0010080852	        0.0084085275	        0.0081723082	        0.0666666667	        0.1000000000	        0.0010000000
        1.9271607996	        0.6290735914	        0.2230876330	        0.5699519223	        0.0000000000	        0.0000000000	        0.0005964035	        0.0006626705	        0.0008952327	        0.0078718070	        0.0089546787	        0.0666666667	        0.1000000000	        0.0010000000
        1.9357370589	        0.5911315177	        0.2108530320	        0.4813013381	        0.0000000000	        0.0000000000	        0.0004681045	        0.0005201161	        0.0007872213	        0.0072197228	        0.0096299763	        0.0666666667	        0.1000000000	        0.0010000000
        1.9433981504	        0.5515910003	        0.1985596888	        0.3630432329	        0.0000000000	        0.0000000000	        0.0003599217	        0.0003999130	        0.0006830836	        0.0064570806	        0.0101175578	        0.0666666667	        0.1000000000	        0.0010000000
        1.9502353978	        0.5106613562	        0.1861384462	        0.2103768383	        0.0000000000	        0.0000000000	        0.0002698821	        0.0002998690	        0.0005820892	        0.0056001292	        0.0103348678	        0.0666666667	        0.1000000000	        0.0010000000
        1.9563323538	        0.4685616472	        0.1735041355	        0.0232850216	        0.0000000000	        0.0000000000	        0.0001927134	        0.0002141260	        0.0004758707	        0.0046746526	        0.0102053808	        0.0666666667	        0.1000000000	        0.0010000000
        1.9617651675	        0.4255329111	        0.1605686041	       -0.2015579258	        0.0000000000	        0.0000000000	        0.0001288788	        0.0001431987	        0.0003652739	        0.0037244472	        0.0096868959	        0.0666666667	        0.1000000000	        0.0010000000
        1.9666030060	        0.3821882595	        0.1473615181	       -0.4627542568	        0.0000000000	        0.0000000000	        0.0000809403	        0.0000899337	        0.0002612443	        0.0028156951	        0.0088155357	        0.0666666667	        0.1000000000	        0.0010000000
        1.9709085097	        0.3395422240	        0.1340661636	       -0.7562373415	        0.0000000000	        0.0000000000	        0.0000474655	        0.0000527395	        0.0001716461	        0.0020168289	        0.0077126265	        0.0666666667	        0.1000000000	        0.0010000000
        1.9747382607	        0.2986852766	        0.1209427431	       -1.0813658317	        0.0000000000	        0.0000000000	        0.0000259647	        0.0000288497	        0.0001031841	        0.0013736921	        0.0065409115	        0.0666666667	        0.1000000000	        0.0010000000
        1.9781432525	        0.2605073071	        0.1082478978	       -1.4365084329	        0.0000000000	        0.0000000000	        0.0000132966	        0.0000147741	        0.0000570438	        0.0008959897	        0.0054338348	        0.0666666667	        0.1000000000	        0.0010000000
        1.9811693494	        0.2255267336	        0.0961676784	       -1.8139986535	        0.0000000000	        0.0000000000	        0.0000064124	        0.0000071249	        0.0000293001	        0.0005637131	        0.0044599993	        0.0666666667	        0.1000000000	        0.0010000000
        1.9838577298	        0.1938995711	        0.0848014764	       -2.2022062523	        0.0000000000	        0.0000000000	        0.0000029278	        0.0000032531	        0.0000141218	        0.0003438069	        0.0036335897	        0.0666666667	        0.1000000000	        0.0010000000
        1.9862453073	        0.1655334487	        0.0741831629	       -2.5963518710	        0.0000000000	        0.0000000000	        0.0000012688	        0.0000014098	        0.0000064243	        0.0002036275	        0.0029412385	        0.0666666667	        0.1000000000	        0.0010000000
        1.9883651267	        0.1402067084	        0.0643083810	       -2.9950588057	        0.0000000000	        0.0000000000	        0.0000005212	        0.0000005791	        0.0000027602	        0.0001169506	        0.0023619425	        0.0666666667	        0.1000000000	        0.0010000000
        1.9902467340	        0.1176491224	        0.0551543719	       -3.3927229594	        0.0000000000	        0.0000000000	        0.0000002017	        0.0000002241	        0.0000011144	        0.0000648452	        0.0018760801	        0.0666666667	        0.1000000000	        0.0010000000
        1.9919165179	        0.0975851354	        0.0466913692	       -3.7808623234	        0.0000000000	        0.0000000000	        0.0000000727	        0.0000000808	        0.0000004182	        0.0000344448	        0.0014678035	        0.0666666667	        0.1000000000	        0.0010000000
        1.9933980257	        0.0797533486	        0.0388877450	       -4.1532222158	        0.0000000000	        0.0000000000	        0.0000000240	        0.0000000267	        0.0000001433	        0.0000173224	        0.0011248195	        0.0666666667	        0.1000000000	        0.0010000000
        1.9947122508	        0.0639136959	        0.0317115232	       -4.5057287068	        0.0000000000	        0.0000000000	        0.0000000071	        0.0000000078	        0.0000000436	        0.0000081010	        0.0008375789	        0.0666666667	        0.1000000000	        0.0010000000
        1.9958778967	        0.0498489902	        0.0251305058	       -4.8359578314	        0.0000000000	        0.0000000000	        0.0000000018	        0.0000000020	        0.0000000113	        0.0000034252	        0.0005985892	        0.0666666667	        0.1000000000	        0.0010000000
        1.9969116151	        0.0373641442	        0.0191121032	       -5.1427160253	        0.0000000000	        0.0000000000	        0.0000000003	        0.0000000004	        0.0000000023	        0.0000012493	        0.0004020264	        0.0666666667	        0.1000000000	        0.0010000000
        1.9978282231	        0.0262845492	        0.0136232641	       -5.4257111386	        0.0000000000	        0.0000000000	        0.0000000000	        0.0000000001	        0.0000000003	        0.0000003608	        0.0002437342	        0.0666666667	        0.1000000000	        0.0010000000
        1.9986408981	        0.0164542357	        0.0086305880	       -5.6852965901	        0.0000000000	        0.0000000000	        0.0000000000	        0.0000000000	        0.0000000000	        0.0000000692	        0.0001219782	        0.0666666667	        0.1000000000	        0.0010000000
        1.9993613540	        0.0077340591	        0.0041005824	       -5.9222741347	        0.0000000000	        0.0000000000	        0.0000000000	        0.0000000000	        0.0000000000	        0.0000000058	        0.0000400335	        0.0666666667	        0.1000000000	        0.0010000000
        2.0000000000	        0.0000000000	        0.0000000000	       -6.1377432660	        0.0000000000	        0.0000000000	        0.0000000000	        0.0000000000	        0.0000000000	        0.0000000000	        0.0000000000	        0.0000000000	        0.0000000000	        0.0010000000
