8.772722e+03	8.873542e+03	8.823132e+03 
 500.000000	 1.000000e+00	 1.667415e-01	 1.354373e-02	 2.000716e-02	 2.680847e-02	 3.553177e-02	 4.415872e-02	 5.742544e-02	 8.099834e-02	 1.103417e-01	 1.537561e-01	 2.211297e-01	 3.093153e-01	 4.250118e-01	 6.709953e-01	 9.718413e-01	 1.207023e+00	 1.675431e+00	
 510.000000	 1.000000e+00	 1.625319e-01	 1.347683e-02	 1.998181e-02	 2.665667e-02	 3.488958e-02	 4.295423e-02	 5.647774e-02	 7.884656e-02	 1.074822e-01	 1.491578e-01	 2.155588e-01	 3.017105e-01	 4.125058e-01	 6.515970e-01	 9.449395e-01	 1.173552e+00	 1.631194e+00	
 520.000000	 1.000000e+00	 1.585319e-01	 1.335402e-02	 1.986024e-02	 2.654026e-02	 3.412221e-02	 4.211128e-02	 5.530449e-02	 7.694517e-02	 1.045115e-01	 1.451102e-01	 2.102770e-01	 2.946921e-01	 4.011196e-01	 6.365400e-01	 9.193962e-01	 1.146791e+00	 1.587446e+00	
 530.000000	 1.000000e+00	 1.547285e-01	 1.322240e-02	 1.975735e-02	 2.622657e-02	 3.332917e-02	 4.139527e-02	 5.400490e-02	 7.571967e-02	 1.016326e-01	 1.411541e-01	 2.056348e-01	 2.885476e-01	 3.898115e-01	 6.206834e-01	 8.938708e-01	 1.115352e+00	 1.545943e+00	
 540.000000	 1.000000e+00	 1.511064e-01	 1.309660e-02	 1.957820e-02	 2.609285e-02	 3.270881e-02	 4.077954e-02	 5.290410e-02	 7.428860e-02	 9.912972e-02	 1.374057e-01	 2.009844e-01	 2.805851e-01	 3.846313e-01	 6.015278e-01	 8.691121e-01	 1.085535e+00	 1.505175e+00	
 550.000000	 1.000000e+00	 1.476556e-01	 1.304848e-02	 1.942669e-02	 2.593945e-02	 3.193590e-02	 3.975108e-02	 5.193473e-02	 7.292455e-02	 9.707196e-02	 1.339493e-01	 1.966557e-01	 2.747483e-01	 3.784234e-01	 5.869697e-01	 8.450421e-01	 1.056813e+00	 1.466111e+00	
 560.000000	 1.000000e+00	 1.443617e-01	 1.286465e-02	 1.919855e-02	 2.559675e-02	 3.134126e-02	 3.882136e-02	 5.109263e-02	 7.131560e-02	 9.484790e-02	 1.308947e-01	 1.921919e-01	 2.680385e-01	 3.705739e-01	 5.714816e-01	 8.256837e-01	 1.029484e+00	 1.428094e+00	
 570.000000	 1.000000e+00	 1.412155e-01	 1.267118e-02	 1.890511e-02	 2.542332e-02	 3.074111e-02	 3.790976e-02	 5.032511e-02	 6.996052e-02	 9.258582e-02	 1.280410e-01	 1.882877e-01	 2.615448e-01	 3.615131e-01	 5.573116e-01	 8.057581e-01	 1.004039e+00	 1.391909e+00	
 580.000000	 1.000000e+00	 1.382068e-01	 1.244646e-02	 1.869506e-02	 2.520111e-02	 3.003276e-02	 3.736104e-02	 4.983967e-02	 6.884845e-02	 9.064583e-02	 1.252853e-01	 1.839155e-01	 2.557153e-01	 3.529633e-01	 5.421642e-01	 7.864981e-01	 9.786109e-01	 1.356331e+00	
 590.000000	 1.000000e+00	 1.353272e-01	 1.231173e-02	 1.856350e-02	 2.500061e-02	 2.948049e-02	 3.677835e-02	 4.943647e-02	 6.781905e-02	 8.942960e-02	 1.221331e-01	 1.793279e-01	 2.494415e-01	 3.474124e-01	 5.247202e-01	 7.662332e-01	 9.554036e-01	 1.321958e+00	
 600.000000	 1.000000e+00	 1.325696e-01	 1.212801e-02	 1.849605e-02	 2.466376e-02	 2.891547e-02	 3.626129e-02	 4.865346e-02	 6.676905e-02	 8.811773e-02	 1.192618e-01	 1.754520e-01	 2.435922e-01	 3.391331e-01	 5.206663e-01	 7.466658e-01	 9.287802e-01	 1.288740e+00	
 610.000000	 1.000000e+00	 1.299251e-01	 1.202807e-02	 1.848394e-02	 2.431536e-02	 2.852744e-02	 3.562088e-02	 4.779051e-02	 6.566706e-02	 8.670952e-02	 1.164909e-01	 1.713817e-01	 2.380714e-01	 3.331265e-01	 5.106015e-01	 7.292891e-01	 9.038117e-01	 1.256620e+00	
 620.000000	 1.000000e+00	 1.273865e-01	 1.193547e-02	 1.838923e-02	 2.404488e-02	 2.817689e-02	 3.508932e-02	 4.705918e-02	 6.445080e-02	 8.531363e-02	 1.139402e-01	 1.678005e-01	 2.338960e-01	 3.257578e-01	 5.049408e-01	 7.123285e-01	 8.814664e-01	 1.225503e+00	
 630.000000	 1.000000e+00	 1.249469e-01	 1.182438e-02	 1.844821e-02	 2.378571e-02	 2.780839e-02	 3.463103e-02	 4.644886e-02	 6.329500e-02	 8.388424e-02	 1.115530e-01	 1.640434e-01	 2.308572e-01	 3.192674e-01	 4.964501e-01	 6.942080e-01	 8.634484e-01	 1.195463e+00	
 640.000000	 1.000000e+00	 1.226008e-01	 1.176317e-02	 1.842519e-02	 2.344468e-02	 2.747044e-02	 3.417417e-02	 4.587057e-02	 6.227917e-02	 8.224692e-02	 1.091164e-01	 1.605558e-01	 2.272615e-01	 3.124445e-01	 4.870580e-01	 6.774874e-01	 8.411970e-01	 1.166399e+00	
 650.000000	 1.000000e+00	 1.203432e-01	 1.174031e-02	 1.829560e-02	 2.320882e-02	 2.711573e-02	 3.369587e-02	 4.538078e-02	 6.190356e-02	 8.069144e-02	 1.074191e-01	 1.571714e-01	 2.234148e-01	 3.063706e-01	 4.769604e-01	 6.640809e-01	 8.198334e-01	 1.137647e+00	
 660.000000	 1.000000e+00	 1.181673e-01	 1.170272e-02	 1.816615e-02	 2.304047e-02	 2.686184e-02	 3.341911e-02	 4.492782e-02	 6.155221e-02	 7.932479e-02	 1.054891e-01	 1.537767e-01	 2.189585e-01	 3.003629e-01	 4.659649e-01	 6.530715e-01	 8.031927e-01	 1.120380e+00	
 670.000000	 1.000000e+00	 1.160710e-01	 1.169334e-02	 1.805868e-02	 2.288041e-02	 2.656743e-02	 3.317359e-02	 4.445878e-02	 6.100620e-02	 7.805087e-02	 1.041586e-01	 1.506901e-01	 2.154854e-01	 2.939007e-01	 4.601337e-01	 6.414652e-01	 7.865459e-01	 1.103538e+00	
 680.000000	 1.000000e+00	 1.140474e-01	 1.164538e-02	 1.796433e-02	 2.260320e-02	 2.635003e-02	 3.304025e-02	 4.395132e-02	 6.023876e-02	 7.685177e-02	 1.025543e-01	 1.476734e-01	 2.106754e-01	 2.879810e-01	 4.540065e-01	 6.298863e-01	 7.729587e-01	 1.087565e+00	
 690.000000	 1.000000e+00	 1.120938e-01	 1.158986e-02	 1.776053e-02	 2.230740e-02	 2.611811e-02	 3.284929e-02	 4.348183e-02	 5.923158e-02	 7.571529e-02	 1.009600e-01	 1.448548e-01	 2.063607e-01	 2.826825e-01	 4.475261e-01	 6.153567e-01	 7.577660e-01	 1.072314e+00	
 700.000000	 1.000000e+00	 1.102057e-01	 1.154189e-02	 1.755173e-02	 2.204112e-02	 2.590588e-02	 3.271684e-02	 4.292922e-02	 5.829118e-02	 7.461156e-02	 9.921754e-02	 1.421623e-01	 2.021756e-01	 2.757367e-01	 4.405245e-01	 6.024818e-01	 7.452805e-01	 1.052299e+00	
 710.000000	 9.999999e-01	 1.083797e-01	 1.147173e-02	 1.738443e-02	 2.184108e-02	 2.573544e-02	 3.250090e-02	 4.257791e-02	 5.749430e-02	 7.343037e-02	 9.803597e-02	 1.394018e-01	 1.981512e-01	 2.702346e-01	 4.333975e-01	 5.896483e-01	 7.345650e-01	 1.036603e+00	
 720.000000	 9.999999e-01	 1.066117e-01	 1.142198e-02	 1.723931e-02	 2.159527e-02	 2.562835e-02	 3.218166e-02	 4.208286e-02	 5.688112e-02	 7.282990e-02	 9.678668e-02	 1.369400e-01	 1.938883e-01	 2.650018e-01	 4.289201e-01	 5.765316e-01	 7.227872e-01	 1.021565e+00	
 730.000000	 9.999999e-01	 1.049000e-01	 1.136045e-02	 1.709137e-02	 2.131947e-02	 2.550579e-02	 3.191933e-02	 4.167516e-02	 5.610578e-02	 7.214533e-02	 9.524392e-02	 1.342932e-01	 1.906233e-01	 2.604664e-01	 4.232887e-01	 5.639846e-01	 7.105039e-01	 1.002828e+00	
 740.000000	 9.999999e-01	 1.032403e-01	 1.130863e-02	 1.696525e-02	 2.106360e-02	 2.537848e-02	 3.169069e-02	 4.139203e-02	 5.539189e-02	 7.144910e-02	 9.406407e-02	 1.319225e-01	 1.867199e-01	 2.555093e-01	 4.134222e-01	 5.515889e-01	 6.972548e-01	 9.836888e-01	
 750.000000	 9.999999e-01	 1.016310e-01	 1.127026e-02	 1.685400e-02	 2.085044e-02	 2.521781e-02	 3.145418e-02	 4.111585e-02	 5.465157e-02	 7.060377e-02	 9.257711e-02	 1.293732e-01	 1.827031e-01	 2.514597e-01	 4.047975e-01	 5.409141e-01	 6.860601e-01	 9.690000e-01	
 760.000000	 9.999999e-01	 1.000689e-01	 1.120746e-02	 1.669569e-02	 2.064228e-02	 2.511858e-02	 3.123098e-02	 4.066602e-02	 5.411929e-02	 6.983980e-02	 9.118140e-02	 1.275603e-01	 1.788500e-01	 2.468578e-01	 3.955147e-01	 5.297709e-01	 6.740585e-01	 9.545943e-01	
 770.000000	 9.999998e-01	 9.855051e-02	 1.114163e-02	 1.648888e-02	 2.044972e-02	 2.503569e-02	 3.094040e-02	 4.034179e-02	 5.346301e-02	 6.926137e-02	 8.974618e-02	 1.250574e-01	 1.762940e-01	 2.430995e-01	 3.868445e-01	 5.191417e-01	 6.614550e-01	 9.395394e-01	
 780.000000	 9.999998e-01	 9.707536e-02	 1.110126e-02	 1.626410e-02	 2.027458e-02	 2.496073e-02	 3.078669e-02	 4.003380e-02	 5.289696e-02	 6.870501e-02	 8.853230e-02	 1.230718e-01	 1.733765e-01	 2.386483e-01	 3.787099e-01	 5.092308e-01	 6.484774e-01	 9.198821e-01	
 790.000000	 9.999998e-01	 9.564044e-02	 1.105095e-02	 1.603351e-02	 2.010243e-02	 2.487196e-02	 3.059761e-02	 3.982097e-02	 5.244477e-02	 6.797376e-02	 8.731317e-02	 1.209778e-01	 1.699301e-01	 2.351387e-01	 3.709885e-01	 4.985644e-01	 6.366912e-01	 9.036885e-01	
 800.000000	 9.999997e-01	 9.424393e-02	 1.102973e-02	 1.582313e-02	 1.993898e-02	 2.478037e-02	 3.037808e-02	 3.956806e-02	 5.189603e-02	 6.733232e-02	 8.672533e-02	 1.190885e-01	 1.669883e-01	 2.317065e-01	 3.628365e-01	 4.884178e-01	 6.257281e-01	 9.054857e-01	
 810.000000	 9.999997e-01	 9.288411e-02	 1.107104e-02	 1.559117e-02	 1.975359e-02	 2.459770e-02	 3.013667e-02	 3.920282e-02	 5.140690e-02	 6.668073e-02	 8.620038e-02	 1.168698e-01	 1.640835e-01	 2.277202e-01	 3.566015e-01	 4.788775e-01	 6.152751e-01	 8.988474e-01	
 820.000000	 9.999996e-01	 9.155979e-02	 1.108935e-02	 1.539787e-02	 1.959543e-02	 2.449788e-02	 2.995692e-02	 3.890182e-02	 5.102823e-02	 6.592159e-02	 8.524840e-02	 1.152354e-01	 1.609824e-01	 2.242118e-01	 3.482731e-01	 4.700761e-01	 6.046619e-01	 8.856499e-01	
 830.000000	 9.999996e-01	 9.026830e-02	 1.109873e-02	 1.529592e-02	 1.942047e-02	 2.436797e-02	 2.981752e-02	 3.850945e-02	 5.059102e-02	 6.518394e-02	 8.429402e-02	 1.135414e-01	 1.581268e-01	 2.201138e-01	 3.407783e-01	 4.610921e-01	 5.935860e-01	 8.825133e-01	
 840.000000	 9.999995e-01	 8.900911e-02	 1.111257e-02	 1.517406e-02	 1.925231e-02	 2.426831e-02	 2.968433e-02	 3.820964e-02	 5.002632e-02	 6.464568e-02	 8.341640e-02	 1.113715e-01	 1.555601e-01	 2.177719e-01	 3.325867e-01	 4.518935e-01	 5.825058e-01	 8.692400e-01	
 850.000000	 9.999994e-01	 8.778006e-02	 1.112644e-02	 1.498873e-02	 1.911676e-02	 2.416924e-02	 2.951902e-02	 3.793637e-02	 4.959303e-02	 6.403505e-02	 8.255315e-02	 1.095138e-01	 1.531695e-01	 2.149140e-01	 3.266017e-01	 4.421384e-01	 5.720600e-01	 8.695201e-01	
 860.000000	 9.999993e-01	 8.658084e-02	 1.113363e-02	 1.483122e-02	 1.898667e-02	 2.408527e-02	 2.937022e-02	 3.759269e-02	 4.913811e-02	 6.349450e-02	 8.174028e-02	 1.078788e-01	 1.501317e-01	 2.113803e-01	 3.188479e-01	 4.339290e-01	 5.613827e-01	 8.534316e-01	
 870.000000	 9.999992e-01	 8.540811e-02	 1.112644e-02	 1.469245e-02	 1.886995e-02	 2.392254e-02	 2.911646e-02	 3.732992e-02	 4.866304e-02	 6.301039e-02	 8.099616e-02	 1.063570e-01	 1.481636e-01	 2.079018e-01	 3.132179e-01	 4.261438e-01	 5.519990e-01	 8.530243e-01	
 880.000000	 9.999991e-01	 8.426241e-02	 1.111566e-02	 1.456658e-02	 1.869859e-02	 2.382064e-02	 2.892275e-02	 3.706622e-02	 4.816410e-02	 6.227174e-02	 8.042193e-02	 1.045378e-01	 1.459096e-01	 2.052852e-01	 3.059958e-01	 4.181632e-01	 5.428467e-01	 8.385022e-01	
 890.000000	 9.999989e-01	 8.314163e-02	 1.110978e-02	 1.444778e-02	 1.858339e-02	 2.371472e-02	 2.874194e-02	 3.673620e-02	 4.751959e-02	 6.166804e-02	 7.990526e-02	 1.030933e-01	 1.431410e-01	 2.020095e-01	 2.996638e-01	 4.105811e-01	 5.322676e-01	 8.358424e-01	
 900.000000	 9.999988e-01	 8.204580e-02	 1.107563e-02	 1.434033e-02	 1.844508e-02	 2.359982e-02	 2.861056e-02	 3.630704e-02	 4.697431e-02	 6.105113e-02	 7.897511e-02	 1.016069e-01	 1.412053e-01	 1.994216e-01	 2.931472e-01	 4.044806e-01	 5.229152e-01	 8.209716e-01	
 910.000000	 9.999986e-01	 8.097262e-02	 1.101749e-02	 1.424233e-02	 1.832444e-02	 2.349125e-02	 2.851022e-02	 3.603955e-02	 4.642549e-02	 6.030756e-02	 7.816206e-02	 1.002135e-01	 1.389896e-01	 1.969771e-01	 2.876167e-01	 3.971000e-01	 5.139538e-01	 8.158662e-01	
 920.000000	 9.999985e-01	 7.992191e-02	 1.096081e-02	 1.414197e-02	 1.822004e-02	 2.340787e-02	 2.838832e-02	 3.574814e-02	 4.586062e-02	 5.971134e-02	 7.739434e-02	 9.890885e-02	 1.368287e-01	 1.940870e-01	 2.820086e-01	 3.902923e-01	 5.072404e-01	 8.031381e-01	
 930.000000	 9.999983e-01	 7.889204e-02	 1.081728e-02	 1.405339e-02	 1.812367e-02	 2.320534e-02	 2.827712e-02	 3.548143e-02	 4.554310e-02	 5.907645e-02	 7.652659e-02	 9.769529e-02	 1.346111e-01	 1.908651e-01	 2.762116e-01	 3.833842e-01	 4.985363e-01	 7.913882e-01	
 940.000000	 9.999980e-01	 7.788381e-02	 1.072228e-02	 1.398834e-02	 1.800974e-02	 2.308828e-02	 2.818894e-02	 3.525518e-02	 4.521083e-02	 5.853270e-02	 7.585400e-02	 9.636066e-02	 1.322196e-01	 1.880616e-01	 2.710269e-01	 3.767729e-01	 4.920695e-01	 7.846008e-01	
 950.000000	 9.999978e-01	 7.689645e-02	 1.063382e-02	 1.393746e-02	 1.791314e-02	 2.292055e-02	 2.810293e-02	 3.489726e-02	 4.495896e-02	 5.801590e-02	 7.504518e-02	 9.516402e-02	 1.306886e-01	 1.852196e-01	 2.665235e-01	 3.705590e-01	 4.843383e-01	 7.711545e-01	
 960.000000	 9.999975e-01	 7.592777e-02	 1.055105e-02	 1.384865e-02	 1.781616e-02	 2.274052e-02	 2.801568e-02	 3.451295e-02	 4.463013e-02	 5.747052e-02	 7.439690e-02	 9.390319e-02	 1.287492e-01	 1.827599e-01	 2.606948e-01	 3.642556e-01	 4.764196e-01	 7.593823e-01	
 970.000000	 9.999972e-01	 7.497720e-02	 1.047510e-02	 1.376204e-02	 1.775682e-02	 2.252787e-02	 2.774969e-02	 3.424976e-02	 4.429757e-02	 5.685561e-02	 7.356416e-02	 9.267683e-02	 1.269909e-01	 1.798415e-01	 2.562389e-01	 3.573113e-01	 4.690389e-01	 7.509190e-01	
 980.000000	 9.999969e-01	 7.404455e-02	 1.042688e-02	 1.363428e-02	 1.768003e-02	 2.233884e-02	 2.763031e-02	 3.399749e-02	 4.403325e-02	 5.620858e-02	 7.286237e-02	 9.167466e-02	 1.253105e-01	 1.774159e-01	 2.530236e-01	 3.511787e-01	 4.602601e-01	 7.382938e-01	
 990.000000	 9.999966e-01	 7.312935e-02	 1.036405e-02	 1.353194e-02	 1.759782e-02	 2.218196e-02	 2.739459e-02	 3.373710e-02	 4.366584e-02	 5.570687e-02	 7.216594e-02	 9.064445e-02	 1.236157e-01	 1.751257e-01	 2.481212e-01	 3.451314e-01	 4.539721e-01	 7.270367e-01	
 1000.000000	 9.999962e-01	 7.223039e-02	 1.029082e-02	 1.344346e-02	 1.747373e-02	 2.200058e-02	 2.722688e-02	 3.352830e-02	 4.334071e-02	 5.511653e-02	 7.143614e-02	 8.971202e-02	 1.217941e-01	 1.731056e-01	 2.440298e-01	 3.392733e-01	 4.461381e-01	 7.171612e-01	
 1010.000000	 9.999958e-01	 7.134829e-02	 1.018562e-02	 1.334015e-02	 1.738823e-02	 2.182410e-02	 2.701791e-02	 3.337012e-02	 4.302151e-02	 5.460357e-02	 7.072386e-02	 8.834073e-02	 1.197137e-01	 1.708056e-01	 2.402328e-01	 3.334669e-01	 4.389486e-01	 7.052135e-01	
