2.622092e+03	2.722912e+03	2.672502e+03 
 500.000000	 9.920910e-01	 3.211202e-04	 4.239851e-05	 6.443106e-05	 8.425329e-05	 1.111174e-04	 1.353856e-04	 1.725705e-04	 2.212862e-04	 2.769914e-04	 3.284336e-04	 4.132471e-04	 5.554627e-04	 7.500158e-04	 9.628328e-04	 1.292895e-03	 1.938821e-03	 3.615890e-03	
 510.000000	 9.908339e-01	 3.484022e-04	 4.679508e-05	 7.045959e-05	 9.241966e-05	 1.225539e-04	 1.497084e-04	 1.911751e-04	 2.443514e-04	 3.060020e-04	 3.638745e-04	 4.489414e-04	 6.026424e-04	 8.062302e-04	 1.044124e-03	 1.392767e-03	 2.044224e-03	 3.709087e-03	
 520.000000	 9.894493e-01	 3.773082e-04	 5.167790e-05	 7.684725e-05	 1.014388e-04	 1.339057e-04	 1.656433e-04	 2.103513e-04	 2.689258e-04	 3.331030e-04	 3.997964e-04	 4.871107e-04	 6.515233e-04	 8.716535e-04	 1.121098e-03	 1.505379e-03	 2.193386e-03	 3.857543e-03	
 530.000000	 9.879330e-01	 4.078664e-04	 5.680278e-05	 8.378869e-05	 1.109436e-04	 1.461857e-04	 1.821171e-04	 2.299589e-04	 2.936012e-04	 3.623939e-04	 4.386027e-04	 5.269634e-04	 6.981302e-04	 9.307649e-04	 1.203468e-03	 1.615242e-03	 2.367461e-03	 4.221287e-03	
 540.000000	 9.862814e-01	 4.401004e-04	 6.199997e-05	 9.078196e-05	 1.207486e-04	 1.589039e-04	 1.978089e-04	 2.511522e-04	 3.201384e-04	 3.961968e-04	 4.800676e-04	 5.759926e-04	 7.484842e-04	 1.005252e-03	 1.288508e-03	 1.743751e-03	 2.552887e-03	 4.532901e-03	
 550.000000	 9.844916e-01	 4.740381e-04	 6.708372e-05	 9.783472e-05	 1.316707e-04	 1.728533e-04	 2.145638e-04	 2.751540e-04	 3.487107e-04	 4.322390e-04	 5.197335e-04	 6.246687e-04	 8.037099e-04	 1.076736e-03	 1.384114e-03	 1.871092e-03	 2.738665e-03	 4.757811e-03	
 560.000000	 9.825613e-01	 5.096716e-04	 7.253123e-05	 1.050133e-04	 1.432585e-04	 1.879897e-04	 2.325956e-04	 2.995079e-04	 3.791704e-04	 4.677334e-04	 5.640667e-04	 6.772117e-04	 8.640220e-04	 1.149963e-03	 1.478927e-03	 2.007249e-03	 2.913716e-03	 4.985224e-03	
 570.000000	 9.804889e-01	 5.470143e-04	 7.832813e-05	 1.128351e-04	 1.551534e-04	 2.034319e-04	 2.515927e-04	 3.248376e-04	 4.110140e-04	 5.083149e-04	 6.114229e-04	 7.319919e-04	 9.271559e-04	 1.226693e-03	 1.577498e-03	 2.138452e-03	 3.078339e-03	 5.178656e-03	
 580.000000	 9.782732e-01	 5.860576e-04	 8.399030e-05	 1.209534e-04	 1.678494e-04	 2.182080e-04	 2.714591e-04	 3.508118e-04	 4.423861e-04	 5.500471e-04	 6.609620e-04	 7.905158e-04	 9.996384e-04	 1.307321e-03	 1.677816e-03	 2.273933e-03	 3.271146e-03	 5.303090e-03	
 590.000000	 9.759136e-01	 6.268036e-04	 8.915129e-05	 1.287512e-04	 1.808982e-04	 2.334969e-04	 2.918079e-04	 3.768677e-04	 4.749082e-04	 5.918986e-04	 7.129284e-04	 8.516461e-04	 1.070388e-03	 1.390006e-03	 1.791138e-03	 2.407073e-03	 3.435715e-03	 5.448508e-03	
 600.000000	 9.734104e-01	 6.692279e-04	 9.471668e-05	 1.371449e-04	 1.945777e-04	 2.495837e-04	 3.132251e-04	 4.047669e-04	 5.095739e-04	 6.322919e-04	 7.672050e-04	 9.154065e-04	 1.144865e-03	 1.476649e-03	 1.911622e-03	 2.544754e-03	 3.646896e-03	 5.938327e-03	
 610.000000	 9.707644e-01	 7.133088e-04	 1.009353e-04	 1.459507e-04	 2.079638e-04	 2.660077e-04	 3.362971e-04	 4.344030e-04	 5.485438e-04	 6.761341e-04	 8.225253e-04	 9.791412e-04	 1.218642e-03	 1.563183e-03	 2.031592e-03	 2.680700e-03	 3.901917e-03	 6.451277e-03	
 620.000000	 9.679764e-01	 7.590156e-04	 1.072567e-04	 1.554584e-04	 2.224084e-04	 2.830924e-04	 3.599703e-04	 4.660331e-04	 5.861420e-04	 7.205465e-04	 8.817076e-04	 1.047273e-03	 1.298311e-03	 1.666389e-03	 2.162115e-03	 2.829618e-03	 4.142279e-03	 6.987602e-03	
 630.000000	 9.650487e-01	 8.063127e-04	 1.122321e-04	 1.655889e-04	 2.377621e-04	 3.004773e-04	 3.847720e-04	 4.976537e-04	 6.266033e-04	 7.644727e-04	 9.415517e-04	 1.117248e-03	 1.378854e-03	 1.773282e-03	 2.302678e-03	 2.977977e-03	 4.356552e-03	 7.543864e-03	
 640.000000	 9.619831e-01	 8.551680e-04	 1.180566e-04	 1.752819e-04	 2.532549e-04	 3.185892e-04	 4.103186e-04	 5.305564e-04	 6.655627e-04	 8.102732e-04	 1.006241e-03	 1.189706e-03	 1.463570e-03	 1.881576e-03	 2.439435e-03	 3.124457e-03	 4.611314e-03	 8.118751e-03	
 650.000000	 9.587827e-01	 9.055268e-04	 1.240951e-04	 1.858886e-04	 2.688683e-04	 3.369768e-04	 4.354234e-04	 5.640339e-04	 7.048602e-04	 8.588229e-04	 1.070201e-03	 1.263159e-03	 1.542960e-03	 1.996468e-03	 2.580316e-03	 3.282010e-03	 4.810449e-03	 8.714059e-03	
 660.000000	 9.554505e-01	 9.573487e-04	 1.304579e-04	 1.969048e-04	 2.833132e-04	 3.563278e-04	 4.634562e-04	 5.958903e-04	 7.448056e-04	 9.096501e-04	 1.132968e-03	 1.333945e-03	 1.627088e-03	 2.111660e-03	 2.723862e-03	 3.447549e-03	 5.015273e-03	 9.331472e-03	
 670.000000	 9.519899e-01	 1.010580e-03	 1.373269e-04	 2.080559e-04	 2.988016e-04	 3.752185e-04	 4.889417e-04	 6.281966e-04	 7.869252e-04	 9.653320e-04	 1.198026e-03	 1.413046e-03	 1.716716e-03	 2.243760e-03	 2.865838e-03	 3.632102e-03	 5.201567e-03	 9.962951e-03	
 680.000000	 9.484048e-01	 1.065159e-03	 1.433073e-04	 2.200224e-04	 3.147704e-04	 3.953976e-04	 5.157547e-04	 6.613627e-04	 8.272994e-04	 1.017802e-03	 1.263568e-03	 1.490271e-03	 1.816343e-03	 2.365333e-03	 3.005586e-03	 3.805238e-03	 5.469975e-03	 1.061060e-02	
 690.000000	 9.446997e-01	 1.121030e-03	 1.483548e-04	 2.317102e-04	 3.297913e-04	 4.150463e-04	 5.438264e-04	 6.948035e-04	 8.696071e-04	 1.073622e-03	 1.334136e-03	 1.571332e-03	 1.920127e-03	 2.492821e-03	 3.161728e-03	 4.003264e-03	 5.719757e-03	 1.127272e-02	
 700.000000	 9.408789e-01	 1.178114e-03	 1.538653e-04	 2.438220e-04	 3.460022e-04	 4.347133e-04	 5.727929e-04	 7.293789e-04	 9.113106e-04	 1.128657e-03	 1.402080e-03	 1.652762e-03	 2.021858e-03	 2.622860e-03	 3.318637e-03	 4.200635e-03	 5.928355e-03	 1.194793e-02	
 710.000000	 9.369471e-01	 1.236345e-03	 1.591017e-04	 2.563273e-04	 3.638474e-04	 4.546067e-04	 6.037375e-04	 7.663139e-04	 9.518091e-04	 1.186342e-03	 1.469612e-03	 1.741121e-03	 2.134349e-03	 2.743455e-03	 3.462574e-03	 4.362156e-03	 6.121993e-03	 1.263523e-02	
 720.000000	 9.329094e-01	 1.295668e-03	 1.645491e-04	 2.677319e-04	 3.805204e-04	 4.768042e-04	 6.323474e-04	 8.002353e-04	 9.950895e-04	 1.242195e-03	 1.535096e-03	 1.830537e-03	 2.252939e-03	 2.873525e-03	 3.617876e-03	 4.571018e-03	 6.292825e-03	 1.333902e-02	
 730.000000	 9.287708e-01	 1.355992e-03	 1.706368e-04	 2.797653e-04	 3.975202e-04	 4.994581e-04	 6.623757e-04	 8.327788e-04	 1.036600e-03	 1.300269e-03	 1.606152e-03	 1.917271e-03	 2.374146e-03	 2.998554e-03	 3.772169e-03	 4.783176e-03	 6.613879e-03	 1.404680e-02	
 740.000000	 9.245364e-01	 1.417246e-03	 1.767799e-04	 2.917125e-04	 4.143853e-04	 5.216829e-04	 6.908754e-04	 8.672701e-04	 1.079111e-03	 1.355238e-03	 1.673390e-03	 2.004042e-03	 2.488628e-03	 3.123133e-03	 3.936955e-03	 5.017100e-03	 7.020234e-03	 1.476923e-02	
 750.000000	 9.202121e-01	 1.479369e-03	 1.834059e-04	 3.042099e-04	 4.313087e-04	 5.439200e-04	 7.182446e-04	 9.026680e-04	 1.122391e-03	 1.411829e-03	 1.739965e-03	 2.094072e-03	 2.610037e-03	 3.247177e-03	 4.115270e-03	 5.225368e-03	 7.368692e-03	 1.549921e-02	
 760.000000	 9.158027e-01	 1.542268e-03	 1.892668e-04	 3.164699e-04	 4.487258e-04	 5.657998e-04	 7.453574e-04	 9.374941e-04	 1.165596e-03	 1.469562e-03	 1.814362e-03	 2.182321e-03	 2.731231e-03	 3.380605e-03	 4.288281e-03	 5.478179e-03	 7.721020e-03	 1.623548e-02	
 770.000000	 9.113137e-01	 1.605857e-03	 1.948196e-04	 3.301347e-04	 4.651442e-04	 5.869976e-04	 7.739117e-04	 9.749878e-04	 1.208762e-03	 1.529431e-03	 1.889524e-03	 2.273178e-03	 2.856056e-03	 3.522832e-03	 4.478232e-03	 5.702611e-03	 8.110673e-03	 1.697633e-02	
 780.000000	 9.067515e-01	 1.670057e-03	 2.011298e-04	 3.410477e-04	 4.815964e-04	 6.092548e-04	 8.023565e-04	 1.011497e-03	 1.254239e-03	 1.584857e-03	 1.968929e-03	 2.361585e-03	 2.972678e-03	 3.660431e-03	 4.658607e-03	 5.924229e-03	 8.555390e-03	 1.772124e-02	
 790.000000	 9.021204e-01	 1.734802e-03	 2.072929e-04	 3.533703e-04	 4.989578e-04	 6.308923e-04	 8.320262e-04	 1.049235e-03	 1.300066e-03	 1.638782e-03	 2.041310e-03	 2.458759e-03	 3.102746e-03	 3.808108e-03	 4.848064e-03	 6.144988e-03	 8.938390e-03	 1.846875e-02	
 800.000000	 8.974269e-01	 1.800002e-03	 2.138704e-04	 3.646355e-04	 5.144002e-04	 6.531912e-04	 8.580301e-04	 1.083966e-03	 1.342859e-03	 1.695495e-03	 2.120309e-03	 2.543300e-03	 3.229269e-03	 3.962080e-03	 5.020091e-03	 6.339788e-03	 9.391437e-03	 1.921761e-02	
 810.000000	 8.926754e-01	 1.865574e-03	 2.201324e-04	 3.766270e-04	 5.307579e-04	 6.752520e-04	 8.849479e-04	 1.120703e-03	 1.383985e-03	 1.746676e-03	 2.200353e-03	 2.646463e-03	 3.343377e-03	 4.109072e-03	 5.172791e-03	 6.572570e-03	 9.754851e-03	 1.996618e-02	
 820.000000	 8.878719e-01	 1.931443e-03	 2.264371e-04	 3.866763e-04	 5.463304e-04	 6.963293e-04	 9.107534e-04	 1.156144e-03	 1.427900e-03	 1.803551e-03	 2.276774e-03	 2.743340e-03	 3.463784e-03	 4.274668e-03	 5.339031e-03	 6.798213e-03	 1.018884e-02	 2.071374e-02	
 830.000000	 8.830215e-01	 1.997538e-03	 2.323826e-04	 3.962499e-04	 5.623011e-04	 7.173389e-04	 9.362454e-04	 1.193464e-03	 1.468418e-03	 1.858513e-03	 2.350106e-03	 2.847506e-03	 3.593666e-03	 4.431193e-03	 5.500301e-03	 7.062023e-03	 1.061351e-02	 2.146834e-02	
 840.000000	 8.781292e-01	 2.063777e-03	 2.381310e-04	 4.068802e-04	 5.792966e-04	 7.393856e-04	 9.628080e-04	 1.230055e-03	 1.509878e-03	 1.911832e-03	 2.422741e-03	 2.951772e-03	 3.713308e-03	 4.597265e-03	 5.673892e-03	 7.272234e-03	 1.105012e-02	 2.221434e-02	
 850.000000	 8.732005e-01	 2.130077e-03	 2.437785e-04	 4.181048e-04	 5.943013e-04	 7.600929e-04	 9.875818e-04	 1.263252e-03	 1.554044e-03	 1.969478e-03	 2.498257e-03	 3.049202e-03	 3.842276e-03	 4.765517e-03	 5.830351e-03	 7.515950e-03	 1.146679e-02	 2.295445e-02	
 860.000000	 8.682399e-01	 2.196366e-03	 2.497157e-04	 4.295525e-04	 6.095495e-04	 7.819862e-04	 1.011218e-03	 1.298324e-03	 1.594887e-03	 2.025141e-03	 2.568487e-03	 3.144574e-03	 3.952296e-03	 4.920762e-03	 5.999112e-03	 7.711129e-03	 1.185234e-02	 2.370048e-02	
 870.000000	 8.632517e-01	 2.262565e-03	 2.557340e-04	 4.413834e-04	 6.254130e-04	 8.034215e-04	 1.039194e-03	 1.332371e-03	 1.633575e-03	 2.079480e-03	 2.645338e-03	 3.243035e-03	 4.055947e-03	 5.088644e-03	 6.174975e-03	 7.959213e-03	 1.229736e-02	 2.443116e-02	
 880.000000	 8.582413e-01	 2.328604e-03	 2.615376e-04	 4.516717e-04	 6.402693e-04	 8.242326e-04	 1.061581e-03	 1.366728e-03	 1.674757e-03	 2.130640e-03	 2.716885e-03	 3.343803e-03	 4.158253e-03	 5.235981e-03	 6.323304e-03	 8.206592e-03	 1.275516e-02	 2.516454e-02	
 890.000000	 8.532124e-01	 2.394403e-03	 2.668061e-04	 4.616740e-04	 6.560609e-04	 8.454535e-04	 1.088084e-03	 1.397760e-03	 1.718580e-03	 2.185256e-03	 2.786424e-03	 3.435925e-03	 4.273609e-03	 5.399650e-03	 6.484897e-03	 8.460594e-03	 1.318853e-02	 2.588260e-02	
 900.000000	 8.481698e-01	 2.459926e-03	 2.715325e-04	 4.709698e-04	 6.718108e-04	 8.667698e-04	 1.111480e-03	 1.430490e-03	 1.753778e-03	 2.243132e-03	 2.861716e-03	 3.530902e-03	 4.371204e-03	 5.531084e-03	 6.691464e-03	 8.692987e-03	 1.360189e-02	 2.659068e-02	
 910.000000	 8.431170e-01	 2.525056e-03	 2.765921e-04	 4.804245e-04	 6.857596e-04	 8.881848e-04	 1.134422e-03	 1.462829e-03	 1.796377e-03	 2.295698e-03	 2.929391e-03	 3.632635e-03	 4.482612e-03	 5.684759e-03	 6.910384e-03	 8.956978e-03	 1.400875e-02	 2.730295e-02	
 920.000000	 8.380583e-01	 2.589746e-03	 2.809319e-04	 4.898371e-04	 6.992909e-04	 9.084098e-04	 1.159913e-03	 1.492398e-03	 1.829414e-03	 2.350856e-03	 3.001015e-03	 3.720561e-03	 4.592481e-03	 5.855427e-03	 7.126017e-03	 9.192249e-03	 1.431513e-02	 2.799298e-02	
 930.000000	 8.329977e-01	 2.653966e-03	 2.862508e-04	 4.993210e-04	 7.144116e-04	 9.277016e-04	 1.186007e-03	 1.519420e-03	 1.866617e-03	 2.404044e-03	 3.062521e-03	 3.814709e-03	 4.708554e-03	 6.015597e-03	 7.348886e-03	 9.454952e-03	 1.476721e-02	 2.867279e-02	
 940.000000	 8.279382e-01	 2.717651e-03	 2.908716e-04	 5.083920e-04	 7.297091e-04	 9.441843e-04	 1.210413e-03	 1.547376e-03	 1.905035e-03	 2.466197e-03	 3.138975e-03	 3.897966e-03	 4.837376e-03	 6.161614e-03	 7.580969e-03	 9.677236e-03	 1.513827e-02	 2.935551e-02	
 950.000000	 8.228832e-01	 2.780749e-03	 2.952366e-04	 5.168977e-04	 7.435087e-04	 9.633458e-04	 1.233926e-03	 1.572045e-03	 1.940143e-03	 2.514966e-03	 3.203541e-03	 3.993768e-03	 4.960229e-03	 6.290100e-03	 7.777322e-03	 9.907833e-03	 1.552117e-02	 3.001371e-02	
 960.000000	 8.178362e-01	 2.843183e-03	 2.999370e-04	 5.247552e-04	 7.559948e-04	 9.827552e-04	 1.259885e-03	 1.602343e-03	 1.971522e-03	 2.571231e-03	 3.267105e-03	 4.073368e-03	 5.074526e-03	 6.445873e-03	 7.975451e-03	 1.017750e-02	 1.599589e-02	 3.067400e-02	
 970.000000	 8.127997e-01	 2.904898e-03	 3.035921e-04	 5.322769e-04	 7.679848e-04	 1.000435e-03	 1.279586e-03	 1.629736e-03	 2.004093e-03	 2.628425e-03	 3.328999e-03	 4.162853e-03	 5.184820e-03	 6.582078e-03	 8.174097e-03	 1.042955e-02	 1.624426e-02	 3.130732e-02	
 980.000000	 8.077778e-01	 2.965841e-03	 3.077124e-04	 5.408343e-04	 7.814226e-04	 1.016153e-03	 1.302510e-03	 1.653818e-03	 2.033118e-03	 2.679591e-03	 3.394890e-03	 4.236639e-03	 5.297023e-03	 6.718471e-03	 8.374181e-03	 1.069812e-02	 1.671711e-02	 3.194003e-02	
 990.000000	 8.027719e-01	 3.026002e-03	 3.115546e-04	 5.479294e-04	 7.936398e-04	 1.033319e-03	 1.322914e-03	 1.682562e-03	 2.067775e-03	 2.726187e-03	 3.453373e-03	 4.314381e-03	 5.412146e-03	 6.845965e-03	 8.577673e-03	 1.093946e-02	 1.719639e-02	 3.254592e-02	
 1000.000000	 7.977846e-01	 3.085312e-03	 3.149099e-04	 5.555078e-04	 8.064942e-04	 1.048876e-03	 1.342454e-03	 1.707830e-03	 2.098640e-03	 2.765918e-03	 3.510360e-03	 4.391193e-03	 5.512975e-03	 7.002567e-03	 8.784453e-03	 1.118213e-02	 1.755800e-02	 3.362158e-02	
 1010.000000	 7.928190e-01	 3.143703e-03	 3.190175e-04	 5.628503e-04	 8.178066e-04	 1.067471e-03	 1.362802e-03	 1.729401e-03	 2.132561e-03	 2.814912e-03	 3.569204e-03	 4.469112e-03	 5.612711e-03	 7.117842e-03	 8.991686e-03	 1.145280e-02	 1.795693e-02	 3.493946e-02	
