        0.0000000000	        0.0000000000	        1.0000000000	        1.0667014828	       20.2049934835	        0.0013912093	        0.0000000000	        0.0000000000	        0.0000000000	        0.0000000000	        0.0070930286	        0.0000000000	        0.1000000000	        0.0010000000
        0.0006386460	        0.0067163277	        0.9974011956	        1.0542578773	       20.2023566527	        0.0013834816	        0.0000000002	        0.0000000000	        0.0000000132	        0.0000083898	        0.0068786014	        0.0000000005	        0.1000000000	        0.0010000000
        0.0013591019	        0.0142889910	        0.9944863159	        1.0403457631	       20.1995245370	        0.0013748618	        0.0000000014	        0.0000000000	        0.0000000735	        0.0000276111	        0.0066504683	        0.0000000048	        0.1000000000	        0.0010000000
        0.0021717769	        0.0228256218	        0.9912196852	        1.0248120191	       20.1964962256	        0.0013652630	        0.0000000067	        0.0000000000	        0.0000002357	        0.0000612969	        0.0064097866	        0.0000000219	        0.1000000000	        0.0010000000
        0.0030883849	        0.0324468322	        0.9875624654	        1.0074932996	       20.1932706953	        0.0013545947	        0.0000000226	        0.0000000000	        0.0000005850	        0.0001140089	        0.0061583756	        0.0000000723	        0.1000000000	        0.0010000000
        0.0041221033	        0.0432874667	        0.9834727110	        0.9882171521	       20.1898439451	        0.0013427641	        0.0000000625	        0.0000000000	        0.0000012500	        0.0001914337	        0.0058988629	        0.0000001958	        0.1000000000	        0.0010000000
        0.0052877492	        0.0554977220	        0.9789056074	        0.9668038732	       20.1862037654	        0.0013296787	        0.0000001515	        0.0000000000	        0.0000024185	        0.0003006089	        0.0056348526	        0.0000004640	        0.1000000000	        0.0010000000
        0.0066019743	        0.0692439016	        0.9738139880	        0.9430693300	       20.1823207813	        0.0013152493	        0.0000003341	        0.0000000000	        0.0000043578	        0.0004501740	        0.0053711114	        0.0000009988	        0.1000000000	        0.0010000000
        0.0080834821	        0.0847083993	        0.9681492665	        0.9168290254	       20.1781337376	        0.0012993945	        0.0000006847	        0.0000000000	        0.0000074401	        0.0006506300	        0.0051137671	        0.0000019975	        0.1000000000	        0.0010000000
        0.0097532660	        0.1020882757	        0.9618629692	        0.8879037476	       20.1735260085	        0.0012820463	        0.0000013226	        0.0000000000	        0.0000121691	        0.0009145715	        0.0048705010	        0.0000037655	        0.1000000000	        0.0010000000
        0.0116348733	        0.1215915230	        0.9549091071	        0.8561272098	       20.1682889014	        0.0012631587	        0.0000024288	        0.0000000000	        0.0000192076	        0.0012568082	        0.0046506894	        0.0000067573	        0.1000000000	        0.0010000000
        0.0137546927	        0.1434299499	        0.9472476661	        0.8213579167	       20.1621040811	        0.0012427140	        0.0000042630	        0.0000000000	        0.0000293962	        0.0016942377	        0.0044654091	        0.0000116219	        0.1000000000	        0.0010000000
        0.0161422702	        0.1678078483	        0.9388494817	        0.7835087697	       20.1548219970	        0.0012207012	        0.0000071722	        0.0000000000	        0.0000437493	        0.0022452483	        0.0043271634	        0.0000192478	        0.1000000000	        0.0010000000
        0.0188306506	        0.1949066401	        0.9297026184	        0.7425709946	       20.1464929084	        0.0011971200	        0.0000115810	        0.0000000000	        0.0000634033	        0.0029283937	        0.0042491332	        0.0000307978	        0.1000000000	        0.0010000000
        0.0218567475	        0.2248676954	        0.9198199723	        0.6986360949	       20.1372199856	        0.0011720318	        0.0000179561	        0.0000000000	        0.0000894848	        0.0037601578	        0.0042437676	        0.0000477213	        0.1000000000	        0.0010000000
        0.0252617393	        0.2577776336	        0.9092470463	        0.6519325112	       20.1271224890	        0.0011455887	        0.0000267508	        0.0000000000	        0.0001228720	        0.0047519231	        0.0043206709	        0.0000717361	        0.1000000000	        0.0010000000
        0.0290914903	        0.2936606378	        0.8980678225	        0.6028672653	       20.1159677186	        0.0011179662	        0.0000383539	        0.0000000000	        0.0001638637	        0.0059067133	        0.0044840436	        0.0001047778	        0.1000000000	        0.0010000000
        0.0333969940	        0.3324791486	        0.8864058699	        0.5520528745	       20.1032106531	        0.0010893695	        0.0000530768	        0.0000000000	        0.0002118487	        0.0072166123	        0.0047302826	        0.0001489270	        0.1000000000	        0.0010000000
        0.0382348325	        0.3738013282	        0.8744182359	        0.5002705308	       20.0887391048	        0.0010601185	        0.0000776561	        0.0000000000	        0.0002651518	        0.0086519561	        0.0050468661	        0.0002059019	        0.1000000000	        0.0010000000
        0.0436676462	        0.4167247106	        0.8622823924	        0.4484814357	       20.0722353498	        0.0010305428	        0.0001144691	        0.0000000000	        0.0003212757	        0.0101381628	        0.0053861372	        0.0002764291	        0.1000000000	        0.0010000000
        0.0497646022	        0.4604247857	        0.8501801087	        0.3977371138	       20.0538685535	        0.0010009805	        0.0001616170	        0.0000000000	        0.0003774451	        0.0115799958	        0.0056845524	        0.0003606221	        0.1000000000	        0.0010000000
        0.0566018496	        0.5042599659	        0.8382824677	        0.3490698221	       20.0338533115	        0.0009717740	        0.0002205525	        0.0000000000	        0.0004311014	        0.0128916330	        0.0058914979	        0.0004581493	        0.1000000000	        0.0010000000
        0.0642629411	        0.5476602210	        0.8267380920	        0.3034006428	       20.0108240516	        0.0009432242	        0.0002928844	        0.0000000000	        0.0004802025	        0.0140037210	        0.0059747679	        0.0005680037	        0.1000000000	        0.0010000000
        0.0728392004	        0.5901554303	        0.8156651049	        0.2614162304	       19.9854872653	        0.0009156195	        0.0003803282	        0.0000000000	        0.0005233396	        0.0148715173	        0.0059234241	        0.0006885783	        0.1000000000	        0.0010000000
        0.0824300053	        0.6313877960	        0.8051466156	        0.2235572962	       19.9562837105	        0.0008891680	        0.0004846283	        0.0000000000	        0.0005597315	        0.0154765463	        0.0057455208	        0.0008177894	        0.1000000000	        0.0010000000
        0.0931429507	        0.6711103870	        0.7952296833	        0.1899913575	       19.9251065534	        0.0008640075	        0.0006074633	        0.0000000000	        0.0005891641	        0.0158230691	        0.0054623997	        0.0009532134	        0.1000000000	        0.0010000000
        0.1050938490	        0.7091754974	        0.7859277193	        0.1606321273	       19.8889947593	        0.0008402350	        0.0007503364	        0.0000000000	        0.0006118985	        0.0159317537	        0.0051019680	        0.0010922133	        0.1000000000	        0.0010000000
        0.1184065179	        0.7455171074	        0.7772257697	        0.1352533888	       19.8492073579	        0.0008178798	        0.0009144592	        0.0000000000	        0.0006285498	        0.0158328289	        0.0046929130	        0.0012320423	        0.1000000000	        0.0010000000
        0.1332122955	        0.7801312640	        0.7690877421	        0.1135336194	       19.8047117500	        0.0007969757	        0.0011006354	        0.0000000000	        0.0006399496	        0.0155602310	        0.0042608067	        0.0013699243	        0.1000000000	        0.0010000000
        0.1496492201	        0.8130571276	        0.7614641368	        0.0950650792	       19.7555930525	        0.0007774482	        0.0013091546	        0.0000000000	        0.0006470138	        0.0151473925	        0.0038261593	        0.0015031192	        0.1000000000	        0.0010000000
        0.1678608015	        0.8443602500	        0.7542987275	        0.0794440228	       19.7012811576	        0.0007591468	        0.0015397094	        0.0000000000	        0.0006506414	        0.0146246874	        0.0034039771	        0.0016289814	        0.1000000000	        0.0010000000
        0.1879943127	        0.8741186666	        0.7475338828	        0.0662439034	       19.6414883625	        0.0007419539	        0.0017913517	        0.0000000000	        0.0006516501	        0.0140182234	        0.0030042459	        0.0017450211	        0.1000000000	        0.0010000000
        0.2101985296	        0.9024117219	        0.7411138957	        0.0550695480	       19.5753121708	        0.0007260651	        0.0020625105	        0.0000000000	        0.0006507495	        0.0133495849	        0.0026328462	        0.0018489757	        0.1000000000	        0.0010000000
        0.2346208557	        0.9293111791	        0.7349866374	        0.0456326161	       19.5030280006	        0.0007119447	        0.0023510964	        0.0000000000	        0.0006485331	        0.0126361722	        0.0022925693	        0.0019388967	        0.1000000000	        0.0010000000
        0.2614037844	        0.9548740457	        0.7291050856	        0.0376596908	       19.4237307216	        0.0006995836	        0.0026547219	        0.0000000000	        0.0006454849	        0.0118918794	        0.0019840498	        0.0020132534	        0.1000000000	        0.0010000000
        0.2906806794	        0.9791365920	        0.7234277638	        0.0309505988	       19.3372459826	        0.0006881565	        0.0029710680	        0.0000000000	        0.0006419908	        0.0111279441	        0.0017065402	        0.0020710543	        0.1000000000	        0.0010000000
        0.3225708876	        1.0021092368	        0.7179194176	        0.0253771708	       19.2427158277	        0.0006775930	        0.0032984177	        0.0000000000	        0.0006383465	        0.0103538774	        0.0014585123	        0.0021119812	        0.1000000000	        0.0010000000
        0.3571742551	        1.0237723126	        0.7125535456	        0.0207244288	       19.1401916327	        0.0006681528	        0.0036363575	        0.0000000000	        0.0006347799	        0.0095784192	        0.0012381039	        0.0021365209	        0.1000000000	        0.0010000000
        0.3945651751	        1.0440732529	        0.7073129292	        0.0167931235	       19.0303046422	        0.0006597034	        0.0039865970	        0.0000000000	        0.0006314815	        0.0088104673	        0.0010434314	        0.0021460736	        0.1000000000	        0.0010000000
        0.4347863703	        1.0629264571	        0.7021904208	        0.0134181224	       18.9126798525	        0.0006522019	        0.0043537669	        0.0000000000	        0.0006286248	        0.0080598923	        0.0008727856	        0.0021429933	        0.1000000000	        0.0010000000
        0.4778426900	        1.0802178631	        0.6971909880	        0.0103773547	       18.7869250020	        0.0006455424	        0.0047458968	        0.0000000000	        0.0006263891	        0.0073380757	        0.0007247178	        0.0021305040	        0.1000000000	        0.0010000000
        0.5236952751	        1.0958165952	        0.6923288661	        0.0075692619	       18.6528807560	        0.0006398923	        0.0051740685	        0.0000000000	        0.0006249634	        0.0066579314	        0.0005980146	        0.0021124282	        0.1000000000	        0.0010000000
        0.5722565058	        1.1095950281	        0.6876284360	        0.0048296517	       18.5114307093	        0.0006365427	        0.0056505329	        0.0000000000	        0.0006245440	        0.0060331719	        0.0004915706	        0.0020926999	        0.1000000000	        0.0010000000
        0.6233861842	        1.1214552757	        0.6831189478	        0.0020048062	       18.3630458343	        0.0006346882	        0.0061846077	        0.0000000000	        0.0006253517	        0.0054767746	        0.0004041997	        0.0020747255	        0.1000000000	        0.0010000000
        0.6768894010	        1.1313549911	        0.6788297184	       -0.0011575929	       18.2077852217	        0.0006336561	        0.0067762373	        0.0000000000	        0.0006276651	        0.0049990131	        0.0003344647	        0.0020607815	        0.1000000000	        0.0010000000
        0.7325164896	        1.1393218012	        0.6747758027	       -0.0047779835	       18.0471836315	        0.0006348816	        0.0074084644	        0.0000000000	        0.0006318297	        0.0046058405	        0.0002806195	        0.0020517028	        0.1000000000	        0.0010000000
        0.7899653716	        1.1454481360	        0.6709535826	       -0.0090215728	       17.8811673949	        0.0006394731	        0.0080418866	        0.0000000000	        0.0006382530	        0.0042984296	        0.0002407104	        0.0020470120	        0.1000000000	        0.0010000000
        0.8488864424	        1.1498668945	        0.6673312539	       -0.0139343587	       17.7111362408	        0.0006466210	        0.0086152936	        0.0000000000	        0.0006473929	        0.0040741301	        0.0002127984	        0.0020454127	        0.1000000000	        0.0010000000
        0.9088899606	        1.1527171142	        0.6638553670	       -0.0197567038	       17.5384073663	        0.0006577528	        0.0090555469	        0.0000000000	        0.0006597682	        0.0039283875	        0.0001952089	        0.0020453953	        0.1000000000	        0.0010000000
        0.9695556872	        1.1541111714	        0.6604350710	       -0.0264223552	       17.3632532045	        0.0006740532	        0.0092957789	        0.0000000000	        0.0006758955	        0.0038568200	        0.0001867297	        0.0020457245	        0.1000000000	        0.0010000000
        1.0304443128	        1.1541111714	        0.6569470492	       -0.0335839295	       17.1876524667	        0.0006950317	        0.0092957789	        0.0000000000	        0.0006961061	        0.0038568200	        0.0001867297	        0.0020457245	        0.1000000000	        0.0010000000
        1.0911100394	        1.1527171142	        0.6532586284	       -0.0409112047	       17.0134954542	        0.0007212029	        0.0090555469	        0.0000000000	        0.0007204549	        0.0039283875	        0.0001952089	        0.0020453953	        0.1000000000	        0.0010000000
        1.1511135576	        1.1498668945	        0.6492511050	       -0.0483876830	       16.8409347716	        0.0007522308	        0.0086152936	        0.0000000000	        0.0007487919	        0.0040741301	        0.0002127984	        0.0020454127	        0.1000000000	        0.0010000000
        1.2100346284	        1.1454481360	        0.6448149682	       -0.0558755866	       16.6706449567	        0.0007873877	        0.0080418866	        0.0000000000	        0.0007808170	        0.0042984296	        0.0002407104	        0.0020470120	        0.1000000000	        0.0010000000
        1.2674835104	        1.1393218012	        0.6398593166	       -0.0631702482	       16.5059105996	        0.0008276151	        0.0074084644	        0.0000000000	        0.0008160501	        0.0046058405	        0.0002806195	        0.0020517028	        0.1000000000	        0.0010000000
        1.3231105990	        1.1313549911	        0.6343230556	       -0.0701377139	       16.3453937809	        0.0008698922	        0.0067762373	        0.0000000000	        0.0008538620	        0.0049990131	        0.0003344647	        0.0020607815	        0.1000000000	        0.0010000000
        1.3766138158	        1.1214552757	        0.6281840372	       -0.0770249057	       16.1920834191	        0.0009156758	        0.0061846077	        0.0000000000	        0.0008936183	        0.0054767746	        0.0004041997	        0.0020747255	        0.1000000000	        0.0010000000
        1.4277434942	        1.1095950281	        0.6214441838	       -0.0841138125	       16.0447324561	        0.0009628574	        0.0056505329	        0.0000000000	        0.0009347957	        0.0060331719	        0.0004915706	        0.0020926999	        0.1000000000	        0.0010000000
        1.4763047249	        1.0958165952	        0.6141197369	       -0.0916488965	       15.9040000320	        0.0010117632	        0.0051740685	        0.0000000000	        0.0009769553	        0.0066579314	        0.0005980146	        0.0021124282	        0.1000000000	        0.0010000000
        1.5221573100	        1.0802178631	        0.6062273909	       -0.0994801236	       15.7719965338	        0.0010622573	        0.0047458968	        0.0000000000	        0.0010196182	        0.0073380757	        0.0007247178	        0.0021305040	        0.1000000000	        0.0010000000
        1.5652136297	        1.0629264571	        0.5977916601	       -0.1077887058	       15.6473667565	        0.0011139536	        0.0043537669	        0.0000000000	        0.0010622392	        0.0080598923	        0.0008727856	        0.0021429933	        0.1000000000	        0.0010000000
        1.6054348249	        1.0440732529	        0.5888311045	       -0.1168572826	       15.5306619477	        0.0011658161	        0.0039865970	        0.0000000000	        0.0011042888	        0.0088104673	        0.0010434314	        0.0021460736	        0.1000000000	        0.0010000000
        1.6428257449	        1.0237723126	        0.5793487435	       -0.1268308014	       15.4227985397	        0.0012172348	        0.0036363575	        0.0000000000	        0.0011452327	        0.0095784192	        0.0012381039	        0.0021365209	        0.1000000000	        0.0010000000
        1.6774291124	        1.0021092368	        0.5693313912	       -0.1377438108	       15.3222557463	        0.0012690261	        0.0032984177	        0.0000000000	        0.0011844756	        0.0103538774	        0.0014585123	        0.0021119812	        0.1000000000	        0.0010000000
        1.7093193206	        0.9791365920	        0.5587522947	       -0.1497133681	       15.2298921781	        0.0013221690	        0.0029710680	        0.0000000000	        0.0012213431	        0.0111279441	        0.0017065402	        0.0020710543	        0.1000000000	        0.0010000000
        1.7385962156	        0.9548740457	        0.5475709731	       -0.1628801243	       15.1450354477	        0.0013752140	        0.0026547219	        0.0000000000	        0.0012550800	        0.0118918794	        0.0019840498	        0.0020132534	        0.1000000000	        0.0010000000
        1.7653791443	        0.9293111791	        0.5357344385	       -0.1775102083	       15.0669167554	        0.0014276981	        0.0023510964	        0.0000000000	        0.0012848398	        0.0126361722	        0.0022925693	        0.0019388967	        0.1000000000	        0.0010000000
        1.7898014704	        0.9024117219	        0.5231767984	       -0.1938957873	       14.9967139795	        0.0014794860	        0.0020625105	        0.0000000000	        0.0013096626	        0.0133495849	        0.0026328462	        0.0018489757	        0.1000000000	        0.0010000000
        1.8120056873	        0.8741186666	        0.5098202112	       -0.2123228245	       14.9315443508	        0.0015303944	        0.0017913517	        0.0000000000	        0.0013284373	        0.0140182234	        0.0030042459	        0.0017450211	        0.1000000000	        0.0010000000
        1.8321391985	        0.8443602500	        0.4955773131	       -0.2331789598	       14.8732992686	        0.0015814474	        0.0015397094	        0.0000000000	        0.0013398753	        0.0146246874	        0.0034039771	        0.0016289814	        0.1000000000	        0.0010000000
        1.8503507799	        0.8130571276	        0.4803539481	       -0.2568559708	       14.8203302371	        0.0016326377	        0.0013091546	        0.0000000000	        0.0013425043	        0.0151473925	        0.0038261593	        0.0015031192	        0.1000000000	        0.0010000000
        1.8667877045	        0.7801312640	        0.4640547026	       -0.2837321862	       14.7724729288	        0.0016837253	        0.0011006354	        0.0000000000	        0.0013346952	        0.0155602310	        0.0042608067	        0.0013699243	        0.1000000000	        0.0010000000
        1.8815934821	        0.7455171074	        0.4465915969	       -0.3140825056	       14.7296440460	        0.0017344769	        0.0009144592	        0.0000000000	        0.0013147500	        0.0158328289	        0.0046929130	        0.0012320423	        0.1000000000	        0.0010000000
        1.8949061510	        0.7091754974	        0.4278965958	       -0.3481544248	       14.6914675574	        0.0017850310	        0.0007503364	        0.0000000000	        0.0012810687	        0.0159317537	        0.0051019680	        0.0010922133	        0.1000000000	        0.0010000000
        1.9068570493	        0.6711103870	        0.4079362595	       -0.3862210895	       14.6567417479	        0.0018357470	        0.0006074633	        0.0000000000	        0.0012323883	        0.0158230691	        0.0054623997	        0.0009532134	        0.1000000000	        0.0010000000
        1.9175699947	        0.6313877960	        0.3867263755	       -0.4276788102	       14.6258303462	        0.0018858675	        0.0004846283	        0.0000000000	        0.0011680509	        0.0154765463	        0.0057455208	        0.0008177894	        0.1000000000	        0.0010000000
        1.9271607996	        0.5901554303	        0.3643468634	       -0.4722074971	       14.5975137812	        0.0019352189	        0.0003803282	        0.0000000000	        0.0010882526	        0.0148715173	        0.0059234241	        0.0006885783	        0.1000000000	        0.0010000000
        1.9357370589	        0.5476602210	        0.3409479540	       -0.5192677786	       14.5725777890	        0.0019841126	        0.0002928844	        0.0000000000	        0.0009942180	        0.0140037210	        0.0059747679	        0.0005680037	        0.1000000000	        0.0010000000
        1.9433981504	        0.5042599659	        0.3167490478	       -0.5671530899	       14.5509883439	        0.0020314636	        0.0002205525	        0.0000000000	        0.0008882737	        0.0128916330	        0.0058914979	        0.0004581493	        0.1000000000	        0.0010000000
        1.9502353978	        0.4604247857	        0.2920320616	       -0.6154717717	       14.5310822613	        0.0020778212	        0.0001616170	        0.0000000000	        0.0007738631	        0.0115799958	        0.0056845524	        0.0003606221	        0.1000000000	        0.0010000000
        1.9563323538	        0.4167247106	        0.2671258141	       -0.6624731939	       14.5133549546	        0.0021223212	        0.0001144691	        0.0000000000	        0.0006554874	        0.0101381628	        0.0053861372	        0.0002764291	        0.1000000000	        0.0010000000
        1.9617651675	        0.3738013282	        0.2423882088	       -0.7074693036	       14.4977630516	        0.0021649872	        0.0000776561	        0.0000000000	        0.0005384566	        0.0086519561	        0.0050468661	        0.0002059019	        0.1000000000	        0.0010000000
        1.9666030060	        0.3324791486	        0.2181822202	       -0.7495394426	       14.4840939296	        0.0022054936	        0.0000530768	        0.0000000000	        0.0004283249	        0.0072166123	        0.0047302826	        0.0001489270	        0.1000000000	        0.0010000000
        1.9709085097	        0.2936606378	        0.1948483633	       -0.7878003374	       14.4721130474	        0.0022432840	        0.0000383539	        0.0000000000	        0.0003299530	        0.0059067133	        0.0044840436	        0.0001047778	        0.1000000000	        0.0010000000
        1.9747382607	        0.2577776336	        0.1726761998	       -0.8225068712	       14.4609838540	        0.0022786835	        0.0000267508	        0.0000000000	        0.0002464761	        0.0047519231	        0.0043206709	        0.0000717361	        0.1000000000	        0.0010000000
        1.9781432525	        0.2248676954	        0.1518818940	       -0.8537066495	       14.4509289661	        0.0023117031	        0.0000179561	        0.0000000000	        0.0001788742	        0.0037601578	        0.0042437676	        0.0000477213	        0.1000000000	        0.0010000000
        1.9811693494	        0.1949066401	        0.1325997770	       -0.8813734313	       14.4421139345	        0.0023421663	        0.0000115810	        0.0000000000	        0.0001263276	        0.0029283937	        0.0042491332	        0.0000307978	        0.1000000000	        0.0010000000
        1.9838577298	        0.1678078483	        0.1148877082	       -0.9055092863	       14.4344131993	        0.0023698558	        0.0000071722	        0.0000000000	        0.0000869034	        0.0022452483	        0.0043271634	        0.0000192478	        0.1000000000	        0.0010000000
        1.9862453073	        0.1434299499	        0.0987409932	       -0.9264908932	       14.4276595448	        0.0023949277	        0.0000042630	        0.0000000000	        0.0000582238	        0.0016942377	        0.0044654091	        0.0000116219	        0.1000000000	        0.0010000000
        1.9883651267	        0.1215915230	        0.0841091094	       -0.9448511856	       14.4216907610	        0.0024177153	        0.0000024288	        0.0000000000	        0.0000379367	        0.0012568082	        0.0046506894	        0.0000067573	        0.1000000000	        0.0010000000
        1.9902467340	        0.1020882757	        0.0709113697	       -0.9609598363	       14.4164011800	        0.0024384083	        0.0000013226	        0.0000000000	        0.0000239677	        0.0009145715	        0.0048705010	        0.0000037655	        0.1000000000	        0.0010000000
        1.9919165179	        0.0847083993	        0.0590496881	       -0.9750438222	       14.4117317053	        0.0024570720	        0.0000006847	        0.0000000000	        0.0000146116	        0.0006506300	        0.0051137671	        0.0000019975	        0.1000000000	        0.0010000000
        1.9933980257	        0.0692439016	        0.0484180389	       -0.9873215140	       14.4076234552	        0.0024738103	        0.0000003341	        0.0000000000	        0.0000085324	        0.0004501740	        0.0053711114	        0.0000009988	        0.1000000000	        0.0010000000
        1.9947122508	        0.0554977220	        0.0389089758	       -0.9980048334	       14.4040171105	        0.0024887595	        0.0000001515	        0.0000000000	        0.0000047197	        0.0003006089	        0.0056348526	        0.0000004640	        0.1000000000	        0.0010000000
        1.9958778967	        0.0432874667	        0.0304178503	       -1.0072913469	       14.4008558683	        0.0025020700	        0.0000000625	        0.0000000000	        0.0000024306	        0.0001914337	        0.0058988629	        0.0000001958	        0.1000000000	        0.0010000000
        1.9969116151	        0.0324468322	        0.0228453531	       -1.0153604942	       14.3980870320	        0.0025138951	        0.0000000226	        0.0000000000	        0.0000011328	        0.0001140089	        0.0061583756	        0.0000000723	        0.1000000000	        0.0010000000
        1.9978282231	        0.0228256218	        0.0160988933	       -1.0223723852	       14.3956627328	        0.0025243834	        0.0000000067	        0.0000000000	        0.0000004541	        0.0000612969	        0.0064097866	        0.0000000219	        0.1000000000	        0.0010000000
        1.9986408981	        0.0142889910	        0.0100932024	       -1.0284681259	       14.3935401103	        0.0025336754	        0.0000000014	        0.0000000000	        0.0000001408	        0.0000276111	        0.0066504683	        0.0000000048	        0.1000000000	        0.0010000000
        1.9993613540	        0.0067163277	        0.0047504409	       -1.0337709976	       14.3916811744	        0.0025419006	        0.0000000002	        0.0000000000	        0.0000000251	        0.0000083898	        0.0068786014	        0.0000000005	        0.1000000000	        0.0010000000
        2.0000000000	        0.0000000000	        0.0000000000	       -1.0383880573	       14.3900524888	        0.0025491777	        0.0000000000	        0.0000000000	        0.0000000000	        0.0000000000	        0.0070930286	        0.0000000000	        0.1000000000	        0.0010000000
