        0.0000000000	        0.0000000000	        1.0000000000	        1.0667014828	       20.2049934835	        0.0013912093	        0.0000000000	        0.0000000000	        0.0000000000	        0.0000000000	        0.0070930286	        0.0000000000	        0.1000000000	        0.0010000000
        0.0006386460	        0.0067163277	        0.9974956081	        1.0542578773	       20.2023566527	        0.0013834816	        0.0000000002	        0.0000000000	        0.0000000114	        0.0000083898	        0.0068786014	        0.0000000005	        0.1000000000	        0.0010000000
        0.0013591019	        0.0142889910	        0.9946872407	        1.0403457631	       20.1995245370	        0.0013748618	        0.0000000014	        0.0000000000	        0.0000000640	        0.0000276111	        0.0066504683	        0.0000000048	        0.1000000000	        0.0010000000
        0.0021717769	        0.0228256218	        0.9915407418	        1.0248120191	       20.1964962256	        0.0013652630	        0.0000000067	        0.0000000000	        0.0000002066	        0.0000612969	        0.0064097866	        0.0000000219	        0.1000000000	        0.0010000000
        0.0030883849	        0.0324468322	        0.9880189587	        1.0074932996	       20.1932706953	        0.0013545947	        0.0000000226	        0.0000000000	        0.0000005163	        0.0001140089	        0.0061583756	        0.0000000723	        0.1000000000	        0.0010000000
        0.0041221033	        0.0432874666	        0.9840817995	        0.9882171521	       20.1898439451	        0.0013427641	        0.0000000625	        0.0000000000	        0.0000011091	        0.0001914337	        0.0058988629	        0.0000001958	        0.1000000000	        0.0010000000
        0.0052877492	        0.0554977219	        0.9796864633	        0.9668038732	       20.1862037654	        0.0013296787	        0.0000001515	        0.0000000000	        0.0000021558	        0.0003006089	        0.0056348526	        0.0000004640	        0.1000000000	        0.0010000000
        0.0066019743	        0.0692439015	        0.9747879307	        0.9430693300	       20.1823207813	        0.0013152493	        0.0000003341	        0.0000000000	        0.0000039007	        0.0004501740	        0.0053711114	        0.0000009988	        0.1000000000	        0.0010000000
        0.0080834821	        0.0847083992	        0.9693398448	        0.9168290254	       20.1781337376	        0.0012993945	        0.0000006847	        0.0000000000	        0.0000066844	        0.0006506300	        0.0051137671	        0.0000019975	        0.1000000000	        0.0010000000
        0.0097532660	        0.1020882756	        0.9632959510	        0.8879037476	       20.1735260085	        0.0012820463	        0.0000013226	        0.0000000000	        0.0000109699	        0.0009145715	        0.0048705010	        0.0000037655	        0.1000000000	        0.0010000000
        0.0116348733	        0.1215915230	        0.9566123210	        0.8561272098	       20.1682889014	        0.0012631587	        0.0000024288	        0.0000000000	        0.0000173676	        0.0012568082	        0.0046506894	        0.0000067573	        0.1000000000	        0.0010000000
        0.0137546927	        0.1434299498	        0.9492506170	        0.8213579167	       20.1621040811	        0.0012427140	        0.0000042630	        0.0000000000	        0.0000266534	        0.0016942377	        0.0044654091	        0.0000116219	        0.1000000000	        0.0010000000
        0.0161422702	        0.1678078482	        0.9411826440	        0.7835087697	       20.1548219970	        0.0012207012	        0.0000071722	        0.0000000000	        0.0000397645	        0.0022452483	        0.0043271634	        0.0000192478	        0.1000000000	        0.0010000000
        0.0188306506	        0.1949066400	        0.9323962970	        0.7425709946	       20.1464929084	        0.0011971200	        0.0000115810	        0.0000000000	        0.0000577521	        0.0029283937	        0.0042491332	        0.0000307978	        0.1000000000	        0.0010000000
        0.0218567475	        0.2248676952	        0.9229026336	        0.6986360949	       20.1372199856	        0.0011720318	        0.0000179561	        0.0000000000	        0.0000816578	        0.0037601578	        0.0042437675	        0.0000477213	        0.1000000000	        0.0010000000
        0.0252617393	        0.2577776334	        0.9127430889	        0.6519325112	       20.1271224890	        0.0011455887	        0.0000267508	        0.0000000000	        0.0001122915	        0.0047519231	        0.0043206709	        0.0000717361	        0.1000000000	        0.0010000000
        0.0290914903	        0.2936606376	        0.9019948905	        0.6028672653	       20.1159677186	        0.0011179662	        0.0000383539	        0.0000000000	        0.0001499237	        0.0059067132	        0.0044840436	        0.0001047778	        0.1000000000	        0.0010000000
        0.0333969940	        0.3324791484	        0.8907720327	        0.5520528745	       20.1032106531	        0.0010893695	        0.0000530768	        0.0000000000	        0.0001939823	        0.0072166123	        0.0047302826	        0.0001489270	        0.1000000000	        0.0010000000
        0.0382348325	        0.3738013280	        0.8792195908	        0.5002705308	       20.0887391048	        0.0010601185	        0.0000776561	        0.0000000000	        0.0002429170	        0.0086519561	        0.0050468661	        0.0002059019	        0.1000000000	        0.0010000000
        0.0436676462	        0.4167247103	        0.8675017525	        0.4484814357	       20.0722353498	        0.0010305428	        0.0001144691	        0.0000000000	        0.0002944363	        0.0101381628	        0.0053861371	        0.0002764291	        0.1000000000	        0.0010000000
        0.0497646022	        0.4604247854	        0.8557872879	        0.3977371138	       20.0538685535	        0.0010009805	        0.0001616170	        0.0000000000	        0.0003460201	        0.0115799958	        0.0056845524	        0.0003606221	        0.1000000000	        0.0010000000
        0.0566018496	        0.5042599656	        0.8442363307	        0.3490698221	       20.0338533115	        0.0009717740	        0.0002205525	        0.0000000000	        0.0003953684	        0.0128916330	        0.0058914979	        0.0004581493	        0.1000000000	        0.0010000000
        0.0642629411	        0.5476602207	        0.8329900703	        0.3034006428	       20.0108240516	        0.0009432242	        0.0002928844	        0.0000000000	        0.0004406506	        0.0140037210	        0.0059747679	        0.0005680037	        0.1000000000	        0.0010000000
        0.0728392004	        0.5901554300	        0.8221634325	        0.2614162304	       19.9854872653	        0.0009156195	        0.0003803282	        0.0000000000	        0.0004805856	        0.0148715173	        0.0059234240	        0.0006885783	        0.1000000000	        0.0010000000
        0.0824300053	        0.6313877957	        0.8118403585	        0.2235572962	       19.9562837105	        0.0008891680	        0.0004846283	        0.0000000000	        0.0005144262	        0.0154765463	        0.0057455208	        0.0008177894	        0.1000000000	        0.0010000000
        0.0931429507	        0.6711103866	        0.8020718133	        0.1899913575	       19.9251065534	        0.0008640075	        0.0006074633	        0.0000000000	        0.0005419147	        0.0158230691	        0.0054623997	        0.0009532134	        0.1000000000	        0.0010000000
        0.1050938490	        0.7091754970	        0.7928768810	        0.1606321273	       19.8889947593	        0.0008402350	        0.0007503364	        0.0000000000	        0.0005632202	        0.0159317537	        0.0051019680	        0.0010922133	        0.1000000000	        0.0010000000
        0.1184065179	        0.7455171071	        0.7842467945	        0.1352533888	       19.8492073579	        0.0008178798	        0.0009144592	        0.0000000000	        0.0005788490	        0.0158328289	        0.0046929130	        0.0012320423	        0.1000000000	        0.0010000000
        0.1332122955	        0.7801312637	        0.7761512251	        0.1135336194	       19.8047117500	        0.0007969757	        0.0011006354	        0.0000000000	        0.0005895280	        0.0155602310	        0.0042608067	        0.0013699243	        0.1000000000	        0.0010000000
        0.1496492201	        0.8130571273	        0.7685454720	        0.0950650792	       19.7555930525	        0.0007774482	        0.0013091546	        0.0000000000	        0.0005960857	        0.0151473925	        0.0038261593	        0.0015031192	        0.1000000000	        0.0010000000
        0.1678608015	        0.8443602496	        0.7613769447	        0.0794440228	       19.7012811576	        0.0007591468	        0.0015397094	        0.0000000000	        0.0005993537	        0.0146246874	        0.0034039771	        0.0016289814	        0.1000000000	        0.0010000000
        0.1879943127	        0.8741186662	        0.7545905086	        0.0662439034	       19.6414883625	        0.0007419539	        0.0017913517	        0.0000000000	        0.0006001013	        0.0140182234	        0.0030042459	        0.0017450211	        0.1000000000	        0.0010000000
        0.2101985296	        0.9024117215	        0.7481319486	        0.0550695480	       19.5753121708	        0.0007260651	        0.0020625105	        0.0000000000	        0.0005990040	        0.0133495849	        0.0026328462	        0.0018489757	        0.1000000000	        0.0010000000
        0.2346208557	        0.9293111787	        0.7419497807	        0.0456326161	       19.5030280006	        0.0007119447	        0.0023510964	        0.0000000000	        0.0005966323	        0.0126361722	        0.0022925693	        0.0019388967	        0.1000000000	        0.0010000000
        0.2614037844	        0.9548740453	        0.7359969187	        0.0376596908	       19.4237307216	        0.0006995836	        0.0026547219	        0.0000000000	        0.0005934543	        0.0118918794	        0.0019840498	        0.0020132534	        0.1000000000	        0.0010000000
        0.2906806794	        0.9791365916	        0.7302312171	        0.0309505988	       19.3372459826	        0.0006881565	        0.0029710680	        0.0000000000	        0.0005898449	        0.0111279441	        0.0017065402	        0.0020710543	        0.1000000000	        0.0010000000
        0.3225708876	        1.0021092364	        0.7246162222	        0.0253771708	       19.2427158277	        0.0006775930	        0.0032984177	        0.0000000000	        0.0005860920	        0.0103538774	        0.0014585123	        0.0021119812	        0.1000000000	        0.0010000000
        0.3571742551	        1.0237723122	        0.7191237595	        0.0207244288	       19.1401916327	        0.0006681528	        0.0036363575	        0.0000000000	        0.0005824178	        0.0095784192	        0.0012381039	        0.0021365209	        0.1000000000	        0.0010000000
        0.3945651751	        1.0440732525	        0.7137345138	        0.0167931235	       19.0303046422	        0.0006597034	        0.0039865970	        0.0000000000	        0.0005790091	        0.0088104673	        0.0010434314	        0.0021460736	        0.1000000000	        0.0010000000
        0.4347863703	        1.0629264568	        0.7084388868	        0.0134181224	       18.9126798525	        0.0006522019	        0.0043537668	        0.0000000000	        0.0005760363	        0.0080598923	        0.0008727856	        0.0021429933	        0.1000000000	        0.0010000000
        0.4778426900	        1.0802178628	        0.7032391580	        0.0103773547	       18.7869250020	        0.0006455424	        0.0047458968	        0.0000000000	        0.0005736774	        0.0073380757	        0.0007247178	        0.0021305040	        0.1000000000	        0.0010000000
        0.5236952751	        1.0958165950	        0.6981468391	        0.0075692619	       18.6528807560	        0.0006398923	        0.0051740684	        0.0000000000	        0.0005721214	        0.0066579314	        0.0005980146	        0.0021124282	        0.1000000000	        0.0010000000
        0.5722565058	        1.1095950281	        0.6931838602	        0.0048296517	       18.5114307093	        0.0006365427	        0.0056505329	        0.0000000000	        0.0005715665	        0.0060331719	        0.0004915706	        0.0020926999	        0.1000000000	        0.0010000000
        0.6233861842	        1.1214552758	        0.6883776677	        0.0020048062	       18.3630458343	        0.0006346882	        0.0061846076	        0.0000000000	        0.0005722369	        0.0054767746	        0.0004041997	        0.0020747255	        0.1000000000	        0.0010000000
        0.6768894010	        1.1313549914	        0.6837567582	       -0.0011575929	       18.2077852217	        0.0006336561	        0.0067762372	        0.0000000000	        0.0005744149	        0.0049990131	        0.0003344647	        0.0020607815	        0.1000000000	        0.0010000000
        0.7325164896	        1.1393218015	        0.6793365227	       -0.0047779835	       18.0471836315	        0.0006348816	        0.0074084643	        0.0000000000	        0.0005784492	        0.0046058405	        0.0002806195	        0.0020517027	        0.1000000000	        0.0010000000
        0.7899653716	        1.1454481364	        0.6751147829	       -0.0090215728	       17.8811673949	        0.0006394731	        0.0080418865	        0.0000000000	        0.0005847487	        0.0042984295	        0.0002407104	        0.0020470120	        0.1000000000	        0.0010000000
        0.8488864424	        1.1498668950	        0.6710620244	       -0.0139343587	       17.7111362408	        0.0006466210	        0.0086152934	        0.0000000000	        0.0005937708	        0.0040741301	        0.0002127984	        0.0020454127	        0.1000000000	        0.0010000000
        0.9088899606	        1.1527171147	        0.6671275804	       -0.0197567038	       17.5384073663	        0.0006577528	        0.0090555468	        0.0000000000	        0.0006060319	        0.0039283875	        0.0001952089	        0.0020453953	        0.1000000000	        0.0010000000
        0.9695556872	        1.1541111719	        0.6632235734	       -0.0264223552	       17.3632532045	        0.0006740532	        0.0092957788	        0.0000000000	        0.0006220454	        0.0038568199	        0.0001867297	        0.0020457244	        0.1000000000	        0.0010000000
        1.0304443128	        1.1541111719	        0.6592297742	       -0.0335839295	       17.1876524667	        0.0006950317	        0.0092957788	        0.0000000000	        0.0006421404	        0.0038568199	        0.0001867297	        0.0020457244	        0.1000000000	        0.0010000000
        1.0911100394	        1.1527171147	        0.6550168585	       -0.0409112047	       17.0134954542	        0.0007212029	        0.0090555468	        0.0000000000	        0.0006663712	        0.0039283875	        0.0001952089	        0.0020453953	        0.1000000000	        0.0010000000
        1.1511135576	        1.1498668950	        0.6504699288	       -0.0483876830	       16.8409347716	        0.0007522308	        0.0086152934	        0.0000000000	        0.0006945892	        0.0040741301	        0.0002127984	        0.0020454127	        0.1000000000	        0.0010000000
        1.2100346284	        1.1454481364	        0.6454838652	       -0.0558755866	       16.6706449567	        0.0007873877	        0.0080418865	        0.0000000000	        0.0007264964	        0.0042984295	        0.0002407104	        0.0020470120	        0.1000000000	        0.0010000000
        1.2674835104	        1.1393218015	        0.6399727848	       -0.0631702482	       16.5059105996	        0.0008276151	        0.0074084643	        0.0000000000	        0.0007616165	        0.0046058405	        0.0002806195	        0.0020517027	        0.1000000000	        0.0010000000
        1.3231105990	        1.1313549914	        0.6338811478	       -0.0701377139	       16.3453937809	        0.0008698922	        0.0067762372	        0.0000000000	        0.0007993238	        0.0049990131	        0.0003344647	        0.0020607815	        0.1000000000	        0.0010000000
        1.3766138158	        1.1214552758	        0.6271925648	       -0.0770249057	       16.1920834191	        0.0009156758	        0.0061846076	        0.0000000000	        0.0008389862	        0.0054767746	        0.0004041997	        0.0020747255	        0.1000000000	        0.0010000000
        1.4277434942	        1.1095950281	        0.6199143862	       -0.0841138125	       16.0447324561	        0.0009628574	        0.0056505329	        0.0000000000	        0.0008800800	        0.0060331719	        0.0004915706	        0.0020926999	        0.1000000000	        0.0010000000
        1.4763047249	        1.0958165950	        0.6120674382	       -0.0916488965	       15.9040000320	        0.0010117632	        0.0051740684	        0.0000000000	        0.0009221636	        0.0066579314	        0.0005980146	        0.0021124282	        0.1000000000	        0.0010000000
        1.5221573100	        1.0802178628	        0.6036719047	       -0.0994801236	       15.7719965338	        0.0010622573	        0.0047458968	        0.0000000000	        0.0009647543	        0.0073380757	        0.0007247178	        0.0021305040	        0.1000000000	        0.0010000000
        1.5652136297	        1.0629264568	        0.5947547194	       -0.1077887058	       15.6473667565	        0.0011139536	        0.0043537668	        0.0000000000	        0.0010073037	        0.0080598923	        0.0008727856	        0.0021429933	        0.1000000000	        0.0010000000
        1.6054348249	        1.0440732525	        0.5853359614	       -0.1168572826	       15.5306619477	        0.0011658161	        0.0039865970	        0.0000000000	        0.0010492796	        0.0088104673	        0.0010434314	        0.0021460736	        0.1000000000	        0.0010000000
        1.6428257449	        1.0237723122	        0.5754195144	       -0.1268308014	       15.4227985397	        0.0012172348	        0.0036363575	        0.0000000000	        0.0010901467	        0.0095784192	        0.0012381039	        0.0021365209	        0.1000000000	        0.0010000000
        1.6774291124	        1.0021092364	        0.5649926890	       -0.1377438108	       15.3222557463	        0.0012690261	        0.0032984177	        0.0000000000	        0.0011293114	        0.0103538774	        0.0014585123	        0.0021119812	        0.1000000000	        0.0010000000
        1.7093193206	        0.9791365916	        0.5540291353	       -0.1497133681	       15.2298921781	        0.0013221690	        0.0029710680	        0.0000000000	        0.0011661032	        0.0111279441	        0.0017065402	        0.0020710543	        0.1000000000	        0.0010000000
        1.7385962156	        0.9548740453	        0.5424889125	       -0.1628801243	       15.1450354477	        0.0013752140	        0.0026547219	        0.0000000000	        0.0011997748	        0.0118918794	        0.0019840498	        0.0020132534	        0.1000000000	        0.0010000000
        1.7653791443	        0.9293111787	        0.5303199042	       -0.1775102083	       15.0669167554	        0.0014276981	        0.0023510964	        0.0000000000	        0.0012294924	        0.0126361722	        0.0022925693	        0.0019388967	        0.1000000000	        0.0010000000
        1.7898014704	        0.9024117215	        0.5174576030	       -0.1938957873	       14.9967139795	        0.0014794860	        0.0020625105	        0.0000000000	        0.0012543145	        0.0133495849	        0.0026328462	        0.0018489757	        0.1000000000	        0.0010000000
        1.8120056873	        0.8741186662	        0.5038262509	       -0.2123228245	       14.9315443508	        0.0015303944	        0.0017913517	        0.0000000000	        0.0012731578	        0.0140182234	        0.0030042459	        0.0017450211	        0.1000000000	        0.0010000000
        1.8321391985	        0.8443602496	        0.4893414560	       -0.2331789598	       14.8732992686	        0.0015814474	        0.0015397094	        0.0000000000	        0.0012847739	        0.0146246874	        0.0034039771	        0.0016289814	        0.1000000000	        0.0010000000
        1.8503507799	        0.8130571273	        0.4739130931	       -0.2568559708	       14.8203302371	        0.0016326377	        0.0013091546	        0.0000000000	        0.0012877461	        0.0151473925	        0.0038261593	        0.0015031192	        0.1000000000	        0.0010000000
        1.8667877045	        0.7801312637	        0.4574509390	       -0.2837321862	       14.7724729288	        0.0016837253	        0.0011006354	        0.0000000000	        0.0012805196	        0.0155602310	        0.0042608067	        0.0013699243	        0.1000000000	        0.0010000000
        1.8815934821	        0.7455171071	        0.4398733128	       -0.3140825056	       14.7296440460	        0.0017344769	        0.0009144592	        0.0000000000	        0.0012614901	        0.0158328289	        0.0046929130	        0.0012320423	        0.1000000000	        0.0010000000
        1.8949061510	        0.7091754970	        0.4211192734	       -0.3481544248	       14.6914675574	        0.0017850310	        0.0007503364	        0.0000000000	        0.0012291657	        0.0159317537	        0.0051019680	        0.0010922133	        0.1000000000	        0.0010000000
        1.9068570493	        0.6711103866	        0.4011626052	       -0.3862210895	       14.6567417479	        0.0018357470	        0.0006074633	        0.0000000000	        0.0011823944	        0.0158230691	        0.0054623997	        0.0009532134	        0.1000000000	        0.0010000000
        1.9175699947	        0.6313877957	        0.3800254088	       -0.4276788102	       14.6258303462	        0.0018858675	        0.0004846283	        0.0000000000	        0.0011206104	        0.0154765463	        0.0057455208	        0.0008177894	        0.1000000000	        0.0010000000
        1.9271607996	        0.5901554300	        0.3577916951	       -0.4722074971	       14.5975137812	        0.0019352189	        0.0003803282	        0.0000000000	        0.0010440573	        0.0148715173	        0.0059234240	        0.0006885783	        0.1000000000	        0.0010000000
        1.9357370589	        0.5476602207	        0.3346122489	       -0.5192677786	       14.5725777890	        0.0019841126	        0.0002928844	        0.0000000000	        0.0009539346	        0.0140037210	        0.0059747679	        0.0005680037	        0.1000000000	        0.0010000000
        1.9433981504	        0.5042599656	        0.3107025442	       -0.5671530899	       14.5509883439	        0.0020314636	        0.0002205525	        0.0000000000	        0.0008524571	        0.0128916330	        0.0058914979	        0.0004581493	        0.1000000000	        0.0010000000
        1.9502353978	        0.4604247854	        0.2863358783	       -0.6154717717	       14.5310822613	        0.0020778212	        0.0001616170	        0.0000000000	        0.0007428744	        0.0115799958	        0.0056845524	        0.0003606221	        0.1000000000	        0.0010000000
        1.9563323538	        0.4167247103	        0.2618284409	       -0.6624731939	       14.5133549546	        0.0021223212	        0.0001144691	        0.0000000000	        0.0006294399	        0.0101381628	        0.0053861371	        0.0002764291	        0.1000000000	        0.0010000000
        1.9617651675	        0.3738013280	        0.2375229427	       -0.7074693036	       14.4977630516	        0.0021649872	        0.0000776561	        0.0000000000	        0.0005172046	        0.0086519561	        0.0050468661	        0.0002059019	        0.1000000000	        0.0010000000
        1.9666030060	        0.3324791484	        0.2137664121	       -0.7495394426	       14.4840939296	        0.0022054936	        0.0000530768	        0.0000000000	        0.0004114939	        0.0072166123	        0.0047302826	        0.0001489270	        0.1000000000	        0.0010000000
        1.9709085097	        0.2936606376	        0.1908843836	       -0.7878003374	       14.4721130474	        0.0022432840	        0.0000383539	        0.0000000000	        0.0003170022	        0.0059067132	        0.0044840436	        0.0001047778	        0.1000000000	        0.0010000000
        1.9747382607	        0.2577776334	        0.1691537210	       -0.8225068712	       14.4609838540	        0.0022786835	        0.0000267508	        0.0000000000	        0.0002367783	        0.0047519231	        0.0043206709	        0.0000717361	        0.1000000000	        0.0010000000
        1.9781432525	        0.2248676952	        0.1487809161	       -0.8537066495	       14.4509289661	        0.0023117031	        0.0000179561	        0.0000000000	        0.0001717951	        0.0037601578	        0.0042437675	        0.0000477213	        0.1000000000	        0.0010000000
        1.9811693494	        0.1949066400	        0.1298937882	       -0.8813734313	       14.4421139345	        0.0023421663	        0.0000115810	        0.0000000000	        0.0001212839	        0.0029283937	        0.0042491332	        0.0000307978	        0.1000000000	        0.0010000000
        1.9838577298	        0.1678078482	        0.1125465088	       -0.9055092863	       14.4344131993	        0.0023698558	        0.0000071722	        0.0000000000	        0.0000833943	        0.0022452483	        0.0043271634	        0.0000192478	        0.1000000000	        0.0010000000
        1.9862453073	        0.1434299498	        0.0967329428	       -0.9264908932	       14.4276595448	        0.0023949277	        0.0000042630	        0.0000000000	        0.0000558412	        0.0016942377	        0.0044654091	        0.0000116219	        0.1000000000	        0.0010000000
        1.9883651267	        0.1215915230	        0.0824027520	       -0.9448511856	       14.4216907610	        0.0024177153	        0.0000024288	        0.0000000000	        0.0000363607	        0.0012568082	        0.0046506894	        0.0000067573	        0.1000000000	        0.0010000000
        1.9902467340	        0.1020882756	        0.0694765067	       -0.9609598363	       14.4164011800	        0.0024384083	        0.0000013226	        0.0000000000	        0.0000229553	        0.0009145715	        0.0048705010	        0.0000037655	        0.1000000000	        0.0010000000
        1.9919165179	        0.0847083992	        0.0578580179	       -0.9750438222	       14.4117317053	        0.0024570720	        0.0000006847	        0.0000000000	        0.0000139832	        0.0006506300	        0.0051137671	        0.0000019975	        0.1000000000	        0.0010000000
        1.9933980257	        0.0692439015	        0.0474434814	       -0.9873215140	       14.4076234552	        0.0024738103	        0.0000003341	        0.0000000000	        0.0000081584	        0.0004501740	        0.0053711114	        0.0000009988	        0.1000000000	        0.0010000000
        1.9947122508	        0.0554977219	        0.0381277833	       -0.9980048334	       14.4040171105	        0.0024887595	        0.0000001515	        0.0000000000	        0.0000045084	        0.0003006089	        0.0056348526	        0.0000004640	        0.1000000000	        0.0010000000
        1.9958778967	        0.0432874666	        0.0298085813	       -1.0072913469	       14.4008558683	        0.0025020700	        0.0000000625	        0.0000000000	        0.0000023193	        0.0001914337	        0.0058988629	        0.0000001958	        0.1000000000	        0.0010000000
        1.9969116151	        0.0324468322	        0.0223887642	       -1.0153604942	       14.3980870320	        0.0025138951	        0.0000000226	        0.0000000000	        0.0000010796	        0.0001140089	        0.0061583756	        0.0000000723	        0.1000000000	        0.0010000000
        1.9978282231	        0.0228256218	        0.0157777862	       -1.0223723852	       14.3956627328	        0.0025243834	        0.0000000067	        0.0000000000	        0.0000004321	        0.0000612969	        0.0064097866	        0.0000000219	        0.1000000000	        0.0010000000
        1.9986408981	        0.0142889910	        0.0098922516	       -1.0284681259	       14.3935401103	        0.0025336754	        0.0000000014	        0.0000000000	        0.0000001338	        0.0000276111	        0.0066504683	        0.0000000048	        0.1000000000	        0.0010000000
        1.9993613540	        0.0067163277	        0.0046560175	       -1.0337709976	       14.3916811744	        0.0025419006	        0.0000000002	        0.0000000000	        0.0000000238	        0.0000083898	        0.0068786014	        0.0000000005	        0.1000000000	        0.0010000000
        2.0000000000	        0.0000000000	        0.0000000000	       -1.0383880573	       14.3900524888	        0.0025491777	        0.0000000000	        0.0000000000	        0.0000000000	        0.0000000000	        0.0070930286	        0.0000000000	        0.1000000000	        0.0010000000
