        0.0000000000	        0.0000000000	        1.0000000000	        8.9658905180	       30.4043084579	        0.0007720205	        0.0000000000	        0.0000000000	        0.0000000000	        0.0000000000	        0.0070930286	        0.0000000000	        0.1000000000	        0.0010000000
        0.0006386460	        0.0067163277	        0.9984901293	        8.1351373265	       30.3838870232	        0.0007139638	        0.0000000002	        0.0000000000	        0.0000000050	        0.0000083898	        0.0068786014	        0.0000000005	        0.1000000000	        0.0010000000
        0.0013591019	        0.0142889910	        0.9969192356	        7.2718392166	       30.3615111251	        0.0006539175	        0.0000000014	        0.0000000000	        0.0000000256	        0.0000276111	        0.0066504682	        0.0000000048	        0.1000000000	        0.0010000000
        0.0021717769	        0.0228256218	        0.9952979282	        6.3873772480	       30.3370594152	        0.0005927522	        0.0000000067	        0.0000000000	        0.0000000776	        0.0000612969	        0.0064097866	        0.0000000219	        0.1000000000	        0.0010000000
        0.0030883849	        0.0324468322	        0.9936377690	        5.4967696681	       30.3104068438	        0.0005315960	        0.0000000226	        0.0000000000	        0.0000001840	        0.0001140089	        0.0061583755	        0.0000000723	        0.1000000000	        0.0010000000
        0.0041221033	        0.0432874666	        0.9919501737	        4.6188337075	       30.2814172120	        0.0004718373	        0.0000000625	        0.0000000000	        0.0000003785	        0.0001914337	        0.0058988629	        0.0000001958	        0.1000000000	        0.0010000000
        0.0052877492	        0.0554977220	        0.9902449488	        3.7759003107	       30.2499284976	        0.0004150889	        0.0000001515	        0.0000000000	        0.0000007088	        0.0003006089	        0.0056348526	        0.0000004640	        0.1000000000	        0.0010000000
        0.0066019743	        0.0692439015	        0.9885286110	        2.9927348983	       30.2157264748	        0.0003630877	        0.0000003341	        0.0000000000	        0.0000012409	        0.0004501740	        0.0053711114	        0.0000009988	        0.1000000000	        0.0010000000
        0.0080834821	        0.0847083992	        0.9868028147	        2.2941270942	       30.1784998533	        0.0003174836	        0.0000006847	        0.0000000000	        0.0000020652	        0.0006506300	        0.0051137671	        0.0000019975	        0.1000000000	        0.0010000000
        0.0097532660	        0.1020882757	        0.9850633922	        1.7003314742	       30.1377667914	        0.0002794557	        0.0000013226	        0.0000000000	        0.0000033026	        0.0009145715	        0.0048705010	        0.0000037655	        0.1000000000	        0.0010000000
        0.0116348733	        0.1215915230	        0.9833005217	        1.2191300392	       30.0927577451	        0.0002490562	        0.0000024288	        0.0000000000	        0.0000051122	        0.0012568082	        0.0046506894	        0.0000067573	        0.1000000000	        0.0010000000
        0.0137546927	        0.1434299499	        0.9814998869	        0.8376201536	       30.0423504658	        0.0002246205	        0.0000042630	        0.0000000000	        0.0000076995	        0.0016942377	        0.0044654091	        0.0000116219	        0.1000000000	        0.0010000000
        0.0161422702	        0.1678078483	        0.9796431303	        0.5474203080	       29.9858949757	        0.0002056003	        0.0000071722	        0.0000000000	        0.0000113230	        0.0022452483	        0.0043271634	        0.0000192478	        0.1000000000	        0.0010000000
        0.0188306506	        0.1949066401	        0.9777100829	        0.3340043775	       29.9232635824	        0.0001920055	        0.0000115810	        0.0000000000	        0.0000162978	        0.0029283937	        0.0042491332	        0.0000307978	        0.1000000000	        0.0010000000
        0.0218567475	        0.2248676954	        0.9756813158	        0.1797468592	       29.8541578622	        0.0001833683	        0.0000179561	        0.0000000000	        0.0000229896	        0.0037601578	        0.0042437676	        0.0000477213	        0.1000000000	        0.0010000000
        0.0252617393	        0.2577776335	        0.9735403469	        0.0711301477	       29.7778331537	        0.0001786956	        0.0000267508	        0.0000000000	        0.0000317945	        0.0047519231	        0.0043206709	        0.0000717361	        0.1000000000	        0.0010000000
        0.0290914903	        0.2936606378	        0.9712765936	       -0.0058615880	       29.6932546459	        0.0001773352	        0.0000383539	        0.0000000000	        0.0000431005	        0.0059067132	        0.0044840436	        0.0001047778	        0.1000000000	        0.0010000000
        0.0333969940	        0.3324791486	        0.9688868919	       -0.0639515348	       29.5993633705	        0.0001791502	        0.0000530768	        0.0000000000	        0.0000572383	        0.0072166123	        0.0047302826	        0.0001489270	        0.1000000000	        0.0010000000
        0.0382348325	        0.3738013282	        0.9663743566	       -0.1110068430	       29.4960543423	        0.0001840886	        0.0000776561	        0.0000000000	        0.0000744389	        0.0086519561	        0.0050468661	        0.0002059019	        0.1000000000	        0.0010000000
        0.0436676462	        0.4167247106	        0.9637459013	       -0.1524915950	       29.3814065498	        0.0001923617	        0.0001144691	        0.0000000000	        0.0000948443	        0.0101381628	        0.0053861372	        0.0002764291	        0.1000000000	        0.0010000000
        0.0497646022	        0.4604247857	        0.9610078721	       -0.1915964167	       29.2542096724	        0.0002044642	        0.0001616170	        0.0000000000	        0.0001185732	        0.0115799958	        0.0056845524	        0.0003606221	        0.1000000000	        0.0010000000
        0.0566018496	        0.5042599660	        0.9581606066	       -0.2295924409	       29.1143401148	        0.0002210562	        0.0002205525	        0.0000000000	        0.0001457996	        0.0128916330	        0.0058914979	        0.0004581493	        0.1000000000	        0.0010000000
        0.0642629411	        0.5476602211	        0.9551930217	       -0.2665570271	       28.9581696183	        0.0002429554	        0.0002928844	        0.0000000000	        0.0001768242	        0.0140037210	        0.0059747679	        0.0005680037	        0.1000000000	        0.0010000000
        0.0728392004	        0.5901554304	        0.9520780388	       -0.3016580355	       28.7856228782	        0.0002710296	        0.0003803282	        0.0000000000	        0.0002121206	        0.0148715173	        0.0059234241	        0.0006885783	        0.1000000000	        0.0010000000
        0.0824300053	        0.6313877962	        0.9487698547	       -0.3334394045	       28.5961137482	        0.0003061240	        0.0004846283	        0.0000000000	        0.0002523188	        0.0154765463	        0.0057455208	        0.0008177894	        0.1000000000	        0.0010000000
        0.0931429507	        0.6711103872	        0.9452035525	       -0.3600976793	       28.3869926039	        0.0003489511	        0.0006074633	        0.0000000000	        0.0002981172	        0.0158230691	        0.0054623997	        0.0009532134	        0.1000000000	        0.0010000000
        0.1050938490	        0.7091754976	        0.9412970937	       -0.3798063394	       28.1569958295	        0.0003999090	        0.0007503364	        0.0000000000	        0.0003501379	        0.0159317537	        0.0051019680	        0.0010922133	        0.1000000000	        0.0010000000
        0.1184065179	        0.7455171077	        0.9369553641	       -0.3910372150	       27.9058754455	        0.0004590909	        0.0009144592	        0.0000000000	        0.0004087616	        0.0158328289	        0.0046929130	        0.0012320423	        0.1000000000	        0.0010000000
        0.1332122955	        0.7801312644	        0.9320759343	       -0.3930809837	       27.6321848165	        0.0005259479	        0.0011006354	        0.0000000000	        0.0004739878	        0.0155602310	        0.0042608067	        0.0013699243	        0.1000000000	        0.0010000000
        0.1496492201	        0.8130571280	        0.9265541297	       -0.3858191256	       27.3354367795	        0.0005996629	        0.0013091546	        0.0000000000	        0.0005453463	        0.0151473925	        0.0038261593	        0.0015031192	        0.1000000000	        0.0010000000
        0.1678608015	        0.8443602504	        0.9202884754	       -0.3698145220	       27.0157390551	        0.0006788135	        0.0015397094	        0.0000000000	        0.0006218722	        0.0146246874	        0.0034039771	        0.0016289814	        0.1000000000	        0.0010000000
        0.1879943127	        0.8741186671	        0.9131860458	       -0.3463955764	       26.6696885053	        0.0007616822	        0.0017913517	        0.0000000000	        0.0007021548	        0.0140182234	        0.0030042459	        0.0017450211	        0.1000000000	        0.0010000000
        0.2101985296	        0.9024117224	        0.9051650322	       -0.3170270267	       26.2995842890	        0.0008463583	        0.0020625105	        0.0000000000	        0.0007844390	        0.0133495849	        0.0026328462	        0.0018489757	        0.1000000000	        0.0010000000
        0.2346208557	        0.9293111797	        0.8961611666	       -0.2837070330	       25.9039273722	        0.0009306806	        0.0023510964	        0.0000000000	        0.0008667923	        0.0126361722	        0.0022925693	        0.0019388967	        0.1000000000	        0.0010000000
        0.2614037844	        0.9548740462	        0.8861352106	       -0.2495858380	       25.4816950711	        0.0010127530	        0.0026547219	        0.0000000000	        0.0009473934	        0.0118918794	        0.0019840498	        0.0020132534	        0.1000000000	        0.0010000000
        0.2906806794	        0.9791365926	        0.8750584535	       -0.2169907939	       25.0332585687	        0.0010912992	        0.0029710680	        0.0000000000	        0.0010247658	        0.0111279440	        0.0017065402	        0.0020710543	        0.1000000000	        0.0010000000
        0.3225708876	        1.0021092374	        0.8628878174	       -0.1852726465	       24.5581659699	        0.0011651480	        0.0032984177	        0.0000000000	        0.0010976174	        0.0103538774	        0.0014585123	        0.0021119812	        0.1000000000	        0.0010000000
        0.3571742551	        1.0237723132	        0.8495984748	       -0.1545348762	       24.0550707576	        0.0012329413	        0.0036363575	        0.0000000000	        0.0011646750	        0.0095784192	        0.0012381039	        0.0021365209	        0.1000000000	        0.0010000000
        0.3945651751	        1.0440732534	        0.8352115350	       -0.1265293159	       23.5257367057	        0.0012933968	        0.0039865970	        0.0000000000	        0.0012249897	        0.0088104672	        0.0010434314	        0.0021460736	        0.1000000000	        0.0010000000
        0.4347863703	        1.0629264576	        0.8197703510	       -0.1019035860	       22.9674135556	        0.0013459601	        0.0043537669	        0.0000000000	        0.0012781578	        0.0080598923	        0.0008727856	        0.0021429933	        0.1000000000	        0.0010000000
        0.4778426900	        1.0802178635	        0.8033431636	       -0.0807022229	       22.3818320284	        0.0013910086	        0.0047458969	        0.0000000000	        0.0013241999	        0.0073380757	        0.0007247178	        0.0021305040	        0.1000000000	        0.0010000000
        0.5236952751	        1.0958165954	        0.7860318627	       -0.0626298061	       21.7683337871	        0.0014285934	        0.0051740685	        0.0000000000	        0.0013634154	        0.0066579313	        0.0005980146	        0.0021124282	        0.1000000000	        0.0010000000
        0.5722565058	        1.1095950282	        0.7679989906	       -0.0484024780	       21.1283544896	        0.0014597794	        0.0056505330	        0.0000000000	        0.0013964824	        0.0060331719	        0.0004915706	        0.0020926999	        0.1000000000	        0.0010000000
        0.6233861842	        1.1214552756	        0.7494118701	       -0.0371395038	       20.4614429182	        0.0014855152	        0.0061846078	        0.0000000000	        0.0014243078	        0.0054767746	        0.0004041997	        0.0020747255	        0.1000000000	        0.0010000000
        0.6768894010	        1.1313549909	        0.7304936783	       -0.0297313342	       19.7705614019	        0.0015061288	        0.0067762374	        0.0000000000	        0.0014480408	        0.0049990131	        0.0003344647	        0.0020607815	        0.1000000000	        0.0010000000
        0.7325164896	        1.1393218008	        0.7114169661	       -0.0251477482	       19.0583595047	        0.0015229529	        0.0074084646	        0.0000000000	        0.0014689811	        0.0046058406	        0.0002806195	        0.0020517028	        0.1000000000	        0.0010000000
        0.7899653716	        1.1454481355	        0.6923662708	       -0.0237638667	       18.3276313983	        0.0015374217	        0.0080418868	        0.0000000000	        0.0014885695	        0.0042984296	        0.0002407104	        0.0020470120	        0.1000000000	        0.0010000000
        0.8488864424	        1.1498668939	        0.6735665999	       -0.0290116554	       17.5841622842	        0.0015532985	        0.0086152938	        0.0000000000	        0.0015094498	        0.0040741302	        0.0002127984	        0.0020454128	        0.1000000000	        0.0010000000
        0.9088899606	        1.1527171135	        0.6549974266	       -0.0394900550	       16.8335278592	        0.0015756705	        0.0090555471	        0.0000000000	        0.0015348877	        0.0039283876	        0.0001952089	        0.0020453954	        0.1000000000	        0.0010000000
        0.9695556872	        1.1541111707	        0.6364571527	       -0.0515869976	       16.0838749914	        0.0016068228	        0.0092957791	        0.0000000000	        0.0015669459	        0.0038568200	        0.0001867297	        0.0020457245	        0.1000000000	        0.0010000000
        1.0304443128	        1.1541111707	        0.6178455087	       -0.0671075017	       15.3438014143	        0.0016484061	        0.0092957791	        0.0000000000	        0.0016070160	        0.0038568200	        0.0001867297	        0.0020457245	        0.1000000000	        0.0010000000
        1.0911100394	        1.1527171135	        0.5988535999	       -0.0828072833	       14.6223308691	        0.0017011938	        0.0090555471	        0.0000000000	        0.0016557292	        0.0039283876	        0.0001952089	        0.0020453954	        0.1000000000	        0.0010000000
        1.1511135576	        1.1498668939	        0.5791352927	       -0.0935529029	       13.9278881394	        0.0017623211	        0.0086152938	        0.0000000000	        0.0017112856	        0.0040741302	        0.0002127984	        0.0020454128	        0.1000000000	        0.0010000000
        1.2100346284	        1.1454481355	        0.5586196429	       -0.0992565397	       13.2667899947	        0.0018283701	        0.0080418868	        0.0000000000	        0.0017702723	        0.0042984296	        0.0002407104	        0.0020470120	        0.1000000000	        0.0010000000
        1.2674835104	        1.1393218008	        0.5374107763	       -0.1024238926	       12.6430281464	        0.0018958377	        0.0074084646	        0.0000000000	        0.0018297256	        0.0046058406	        0.0002806195	        0.0020517028	        0.1000000000	        0.0010000000
        1.3231105990	        1.1313549909	        0.5155268726	       -0.1006882015	       12.0587777626	        0.0019603445	        0.0067762374	        0.0000000000	        0.0018868261	        0.0049990131	        0.0003344647	        0.0020607815	        0.1000000000	        0.0010000000
        1.3766138158	        1.1214552756	        0.4930405068	       -0.0905933420	       11.5167999594	        0.0020178598	        0.0061846078	        0.0000000000	        0.0019376062	        0.0054767746	        0.0004041997	        0.0020747255	        0.1000000000	        0.0010000000
        1.4277434942	        1.1095950282	        0.4702317719	       -0.0734472100	       11.0114483279	        0.0020648196	        0.0056505330	        0.0000000000	        0.0019780595	        0.0060331719	        0.0004915706	        0.0020926999	        0.1000000000	        0.0010000000
        1.4763047249	        1.0958165954	        0.4474892827	       -0.0557175295	       10.5444849210	        0.0021006345	        0.0051740685	        0.0000000000	        0.0020064821	        0.0066579313	        0.0005980146	        0.0021124282	        0.1000000000	        0.0010000000
        1.5221573100	        1.0802178635	        0.4249501175	       -0.0348283758	       10.1108404855	        0.0021250716	        0.0047458969	        0.0000000000	        0.0020225242	        0.0073380757	        0.0007247178	        0.0021305040	        0.1000000000	        0.0010000000
        1.5652136297	        1.0629264576	        0.4027279734	       -0.0078306217	        9.7068885488	        0.0021361186	        0.0043537669	        0.0000000000	        0.0020251384	        0.0080598923	        0.0008727856	        0.0021429933	        0.1000000000	        0.0010000000
        1.6054348249	        1.0440732534	        0.3810273946	        0.0206204018	        9.3308018717	        0.0021341231	        0.0039865970	        0.0000000000	        0.0020138629	        0.0088104672	        0.0010434314	        0.0021460736	        0.1000000000	        0.0010000000
        1.6428257449	        1.0237723132	        0.3598855748	        0.0532234047	        8.9793826806	        0.0021190747	        0.0036363575	        0.0000000000	        0.0019888738	        0.0095784192	        0.0012381039	        0.0021365209	        0.1000000000	        0.0010000000
        1.6774291124	        1.0021092374	        0.3393135816	        0.0926105991	        8.6502718196	        0.0020906405	        0.0032984177	        0.0000000000	        0.0019497618	        0.0103538774	        0.0014585123	        0.0021119812	        0.1000000000	        0.0010000000
        1.7093193206	        0.9791365926	        0.3193173731	        0.1426406584	        8.3412283734	        0.0020484980	        0.0029710680	        0.0000000000	        0.0018956782	        0.0111279440	        0.0017065402	        0.0020710543	        0.1000000000	        0.0010000000
        1.7385962156	        0.9548740462	        0.2999678277	        0.2015444517	        8.0496630525	        0.0019918020	        0.0026547219	        0.0000000000	        0.0018261509	        0.0118918794	        0.0019840498	        0.0020132534	        0.1000000000	        0.0010000000
        1.7653791443	        0.9293111797	        0.2813285265	        0.2669330821	        7.7741934385	        0.0019210216	        0.0023510964	        0.0000000000	        0.0017417320	        0.0126361722	        0.0022925693	        0.0019388967	        0.1000000000	        0.0010000000
        1.7898014704	        0.9024117224	        0.2634263914	        0.3406434390	        7.5128841834	        0.0018367106	        0.0020625105	        0.0000000000	        0.0016435858	        0.0133495849	        0.0026328462	        0.0018489757	        0.1000000000	        0.0010000000
        1.8120056873	        0.8741186671	        0.2463146568	        0.4208222886	        7.2650270641	        0.0017401382	        0.0017913517	        0.0000000000	        0.0015333789	        0.0140182234	        0.0030042459	        0.0017450211	        0.1000000000	        0.0010000000
        1.8321391985	        0.8443602504	        0.2300563146	        0.5029602123	        7.0288994404	        0.0016333392	        0.0015397094	        0.0000000000	        0.0014135721	        0.0146246874	        0.0034039771	        0.0016289814	        0.1000000000	        0.0010000000
        1.8503507799	        0.8130571280	        0.2147000564	        0.5821484279	        6.8042225927	        0.0015194845	        0.0013091546	        0.0000000000	        0.0012873345	        0.0151473925	        0.0038261593	        0.0015031192	        0.1000000000	        0.0010000000
        1.8667877045	        0.7801312644	        0.2002737396	        0.6523173516	        6.5909648131	        0.0014025157	        0.0011006354	        0.0000000000	        0.0011582383	        0.0155602310	        0.0042608067	        0.0013699243	        0.1000000000	        0.0010000000
        1.8815934821	        0.7455171077	        0.1867745606	        0.7077634943	        6.3892380296	        0.0012864026	        0.0009144592	        0.0000000000	        0.0010298834	        0.0158328289	        0.0046929130	        0.0012320423	        0.1000000000	        0.0010000000
        1.8949061510	        0.7091754976	        0.1741677327	        0.7444860334	        6.1989973584	        0.0011749327	        0.0007503364	        0.0000000000	        0.0009055050	        0.0159317537	        0.0051019680	        0.0010922133	        0.1000000000	        0.0010000000
        1.9068570493	        0.6711103872	        0.1623945099	        0.7596851275	        6.0190028919	        0.0010706470	        0.0006074633	        0.0000000000	        0.0007876911	        0.0158230691	        0.0054623997	        0.0009532134	        0.1000000000	        0.0010000000
        1.9175699947	        0.6313877962	        0.1513803475	        0.7510324164	        5.8515740750	        0.0009772591	        0.0004846283	        0.0000000000	        0.0006782520	        0.0154765463	        0.0057455208	        0.0008177894	        0.1000000000	        0.0010000000
        1.9271607996	        0.5901554304	        0.1410403414	        0.7173175190	        5.6958708973	        0.0008960332	        0.0003803282	        0.0000000000	        0.0005782008	        0.0148715173	        0.0059234241	        0.0006885783	        0.1000000000	        0.0010000000
        1.9357370589	        0.5476602211	        0.1312859886	        0.6574527964	        5.5509802347	        0.0008276940	        0.0002928844	        0.0000000000	        0.0004878316	        0.0140037210	        0.0059747679	        0.0005680037	        0.1000000000	        0.0010000000
        1.9433981504	        0.5042599660	        0.1220304989	        0.5720005878	        5.4185975656	        0.0007735788	        0.0002205525	        0.0000000000	        0.0004068916	        0.0128916330	        0.0058914979	        0.0004581493	        0.1000000000	        0.0010000000
        1.9502353978	        0.4604247857	        0.1131971036	        0.4587800799	        5.2962725904	        0.0007327967	        0.0001616170	        0.0000000000	        0.0003348337	        0.0115799958	        0.0056845524	        0.0003606221	        0.1000000000	        0.0010000000
        1.9563323538	        0.4167247106	        0.1047217053	        0.3182884630	        5.1849345498	        0.0007053531	        0.0001144691	        0.0000000000	        0.0002710881	        0.0101381628	        0.0053861372	        0.0002764291	        0.1000000000	        0.0010000000
        1.9617651675	        0.3738013282	        0.0965595665	        0.1471167813	        5.0832218080	        0.0006906198	        0.0000776561	        0.0000000000	        0.0002152639	        0.0086519561	        0.0050468661	        0.0002059019	        0.1000000000	        0.0010000000
        1.9666030060	        0.3324791486	        0.0886844727	       -0.0562195078	        4.9907133751	        0.0006877778	        0.0000530768	        0.0000000000	        0.0001672036	        0.0072166123	        0.0047302826	        0.0001489270	        0.1000000000	        0.0010000000
        1.9709085097	        0.2936606378	        0.0810874198	       -0.2924432131	        4.9077115129	        0.0006961107	        0.0000383539	        0.0000000000	        0.0001268421	        0.0059067132	        0.0044840436	        0.0001047778	        0.1000000000	        0.0010000000
        1.9747382607	        0.2577776335	        0.0737717988	       -0.5656533158	        4.8326426282	        0.0007146676	        0.0000267508	        0.0000000000	        0.0000939413	        0.0047519231	        0.0043206709	        0.0000717361	        0.1000000000	        0.0010000000
        1.9781432525	        0.2248676954	        0.0667453343	       -0.8810008285	        4.7648210757	        0.0007430096	        0.0000179561	        0.0000000000	        0.0000679362	        0.0037601578	        0.0042437676	        0.0000477213	        0.1000000000	        0.0010000000
        1.9811693494	        0.1949066401	        0.0600143204	       -1.2363955613	        4.7040975114	        0.0007800143	        0.0000115810	        0.0000000000	        0.0000479828	        0.0029283937	        0.0042491332	        0.0000307978	        0.1000000000	        0.0010000000
        1.9838577298	        0.1678078483	        0.0535831555	       -1.6240665246	        4.6505114522	        0.0008239780	        0.0000071722	        0.0000000000	        0.0000330904	        0.0022452483	        0.0043271634	        0.0000192478	        0.1000000000	        0.0010000000
        1.9862453073	        0.1434299499	        0.0474555805	       -2.0428744366	        4.6034584062	        0.0008739138	        0.0000042630	        0.0000000000	        0.0000222592	        0.0016942377	        0.0044654091	        0.0000116219	        0.1000000000	        0.0010000000
        1.9883651267	        0.1215915230	        0.0416340611	       -2.4937128802	        4.5620362295	        0.0009291343	        0.0000024288	        0.0000000000	        0.0000145754	        0.0012568082	        0.0046506894	        0.0000067573	        0.1000000000	        0.0010000000
        1.9902467340	        0.1020882757	        0.0361194180	       -2.9689389496	        4.5255391840	        0.0009883911	        0.0000013226	        0.0000000000	        0.0000092595	        0.0009145715	        0.0048705010	        0.0000037655	        0.1000000000	        0.0010000000
        1.9919165179	        0.0847083992	        0.0309116561	       -3.4558473168	        4.4934431674	        0.0010502513	        0.0000006847	        0.0000000000	        0.0000056786	        0.0006506300	        0.0051137671	        0.0000019975	        0.1000000000	        0.0010000000
        1.9933980257	        0.0692439015	        0.0260104544	       -3.9431174353	        4.4652605190	        0.0011132861	        0.0000003341	        0.0000000000	        0.0000033370	        0.0004501740	        0.0053711114	        0.0000009988	        0.1000000000	        0.0010000000
        1.9947122508	        0.0554977220	        0.0214148434	       -4.4216157143	        4.4405366070	        0.0011762095	        0.0000001515	        0.0000000000	        0.0000018584	        0.0003006089	        0.0056348526	        0.0000004640	        0.1000000000	        0.0010000000
        1.9958778967	        0.0432874666	        0.0171226096	       -4.8843256690	        4.4188567034	        0.0012379445	        0.0000000625	        0.0000000000	        0.0000009641	        0.0001914337	        0.0058988629	        0.0000001958	        0.1000000000	        0.0010000000
        1.9969116151	        0.0324468322	        0.0131297713	       -5.3261377019	        4.3998480849	        0.0012976411	        0.0000000226	        0.0000000000	        0.0000004531	        0.0001140089	        0.0061583755	        0.0000000723	        0.1000000000	        0.0010000000
        1.9978282231	        0.0228256218	        0.0094302720	       -5.7435784283	        4.3831792570	        0.0013546670	        0.0000000067	        0.0000000000	        0.0000001834	        0.0000612969	        0.0064097866	        0.0000000219	        0.1000000000	        0.0010000000
        1.9986408981	        0.0142889910	        0.0060159104	       -6.1345273899	        4.3685575515	        0.0014085840	        0.0000000014	        0.0000000000	        0.0000000576	        0.0000276111	        0.0066504682	        0.0000000048	        0.1000000000	        0.0010000000
        1.9993613540	        0.0067163277	        0.0028764718	       -6.4979481369	        4.3557259000	        0.0014591190	        0.0000000002	        0.0000000000	        0.0000000105	        0.0000083898	        0.0068786014	        0.0000000005	        0.1000000000	        0.0010000000
        2.0000000000	        0.0000000000	        0.0000000000	       -6.8336473605	        4.3444592947	        0.0015061341	        0.0000000000	        0.0000000000	        0.0000000000	        0.0000000000	        0.0070930286	        0.0000000000	        0.1000000000	        0.0010000000
