        0.0000000000	        0.0000000000	        1.0000000000	        4.7927244709	       30.0083752347	        0.0008632481	        0.0000000000	        0.0000000000	        0.0000000000	        0.0000000000	        0.0010000000	        0.0000000000	        0.1000000000	        0.0010000000
        0.0006386460	        0.0064020726	        0.9979293783	        4.5529990699	       29.9526821401	        0.0008372792	        0.0000000000	        0.0000000000	        0.0000000000	        0.1000000000	        0.0010000000	        0.0666666667	        0.1000000000	        0.0010000000
        0.0013591019	        0.0136200260	        0.9956673872	        4.2990939628	       29.8903372061	        0.0008093551	        0.0000000000	        0.0000000000	        0.0000000001	        0.1000000000	        0.0010000000	        0.0666666667	        0.1000000000	        0.0010000000
        0.0021717769	        0.0217563565	        0.9932046579	        4.0326278425	       29.8206672250	        0.0007795313	        0.0000000002	        0.0000000001	        0.0000000004	        0.1000000000	        0.0010000000	        0.0666666667	        0.1000000000	        0.0010000000
        0.0030883849	        0.0309260240	        0.9905329797	        3.7558813187	       29.7429799572	        0.0007479230	        0.0000000009	        0.0000000005	        0.0000000016	        0.1000000000	        0.0010000000	        0.0666666667	        0.1000000000	        0.0010000000
        0.0041221033	        0.0412578409	        0.9876455845	        3.4717953800	       29.6565876539	        0.0007147135	        0.0000000030	        0.0000000017	        0.0000000047	        0.1000000000	        0.0010000000	        0.0666666667	        0.1000000000	        0.0010000000
        0.0052877492	        0.0528959641	        0.9845374147	        3.1838560290	       29.5608438798	        0.0006801575	        0.0000000081	        0.0000000047	        0.0000000122	        0.1000000000	        0.0010000000	        0.0666666667	        0.1000000000	        0.0010000000
        0.0066019743	        0.0660014633	        0.9812053616	        2.8957815894	       29.4551994806	        0.0006445760	        0.0000000198	        0.0000000114	        0.0000000282	        0.1000000000	        0.0010000000	        0.0666666667	        0.1000000000	        0.0010000000
        0.0080834821	        0.0807539086	        0.9776484558	        2.6108840703	       29.3392859661	        0.0006083344	        0.0000000446	        0.0000000256	        0.0000000598	        0.1000000000	        0.0010000000	        0.0666666667	        0.1000000000	        0.0010000000
        0.0097532660	        0.0973528587	        0.9738679590	        2.3309094705	       29.2130379908	        0.0005717924	        0.0000000944	        0.0000000542	        0.0000001191	        0.1000000000	        0.0010000000	        0.0666666667	        0.1000000000	        0.0010000000
        0.0116348733	        0.1160190226	        0.9698671832	        2.0546323870	       29.0768131554	        0.0005352350	        0.0000001910	        0.0000001095	        0.0000002254	        0.1000000000	        0.0010000000	        0.0666666667	        0.1000000000	        0.0010000000
        0.0137546927	        0.1369946661	        0.9656505992	        1.7838015280	       28.9307084958	        0.0004991104	        0.0000003722	        0.0000002131	        0.0000004097	        0.1000000000	        0.0010000000	        0.0666666667	        0.1000000000	        0.0010000000
        0.0161422702	        0.1605424775	        0.9612226070	        1.5246446304	       28.7742623963	        0.0004640496	        0.0000007036	        0.0000004022	        0.0000007199	        0.1000000000	        0.0010000000	        0.0666666667	        0.1000000000	        0.0010000000
        0.0188306506	        0.1869414932	        0.9565866637	        1.2828038583	       28.6070412929	        0.0004306179	        0.0000012962	        0.0000007399	        0.0000012300	        0.1000000000	        0.0010000000	        0.0666666667	        0.1000000000	        0.0010000000
        0.0218567475	        0.2164776734	        0.9517446786	        1.0613422921	       28.4288585477	        0.0003991927	        0.0000023350	        0.0000013316	        0.0000020524	        0.1000000000	        0.0010000000	        0.0666666667	        0.1000000000	        0.0010000000
        0.0252617393	        0.2494251970	        0.9466964980	        0.8590836697	       28.2406764839	        0.0003702263	        0.0000041230	        0.0000023509	        0.0000033564	        0.1000000000	        0.0010000000	        0.0666666667	        0.1000000000	        0.0010000000
        0.0290914903	        0.2860126115	        0.9414386168	        0.6724830654	       28.0441281995	        0.0003442525	        0.0000071467	        0.0000040810	        0.0000053968	        0.1000000000	        0.0010000000	        0.0666666667	        0.1000000000	        0.0010000000
        0.0333969940	        0.3263664539	        0.9359617584	        0.5043018915	       27.8393468031	        0.0003218486	        0.0000121687	        0.0000069787	        0.0000085565	        0.1000000000	        0.0010000000	        0.0666666667	        0.1000000000	        0.0010000000
        0.0382348325	        0.3704264314	        0.9302523358	        0.3568604947	       27.6258373976	        0.0003034441	        0.0000203515	        0.0000117740	        0.0000133997	        0.1000000000	        0.0010000000	        0.0666666667	        0.1000000000	        0.0010000000
        0.0436676462	        0.4178360811	        0.9242979905	        0.2293368947	       27.4037394475	        0.0002893963	        0.0000334041	        0.0000196243	        0.0000207333	        0.1000000000	        0.0010000000	        0.0666666667	        0.1000000000	        0.0010000000
        0.0497646022	        0.4678374428	        0.9180965823	        0.1222458945	       27.1739145358	        0.0002799853	        0.0000537231	        0.0000323436	        0.0000316377	        0.1000000000	        0.0010000000	        0.0666666667	        0.1000000000	        0.0010000000
        0.0566018496	        0.5192346913	        0.9116720739	        0.0347750779	       26.9355210169	        0.0002753058	        0.0000844651	        0.0000526909	        0.0000473625	        0.1000000000	        0.0010000000	        0.0666666667	        0.1000000000	        0.0010000000
        0.0642629411	        0.5705080281	        0.9050905723	       -0.0368954853	       26.6905374160	        0.0002754471	        0.0001294475	        0.0000846249	        0.0000689976	        0.1000000000	        0.0010000000	        0.0666666667	        0.1000000000	        0.0010000000
        0.0728392004	        0.6201000994	        0.8984591018	       -0.0929175438	       26.4369936090	        0.0002804675	        0.0001927820	        0.0001331901	        0.0000968842	        0.1000000000	        0.0010000000	        0.0666666667	        0.1000000000	        0.0010000000
        0.0824300053	        0.6667650892	        0.8919007048	       -0.1350244724	       26.1779401782	        0.0002901843	        0.0002782440	        0.0002035042	        0.0001300580	        0.1000000000	        0.0010000000	        0.0666666667	        0.1000000000	        0.0010000000
        0.0931429507	        0.7097945983	        0.8855069256	       -0.1682566440	       25.9122907330	        0.0003045803	        0.0003885372	        0.0002992217	        0.0001666718	        0.1000000000	        0.0010000000	        0.0666666667	        0.1000000000	        0.0010000000
        0.1050938490	        0.7490244075	        0.8792987986	       -0.1946549672	       25.6409672439	        0.0003238668	        0.0005246971	        0.0004213891	        0.0002051669	        0.1000000000	        0.0010000000	        0.0666666667	        0.1000000000	        0.0010000000
        0.1184065179	        0.7846833006	        0.8732272655	       -0.2047879698	       25.3620377023	        0.0003475207	        0.0006858245	        0.0005679993	        0.0002444396	        0.1000000000	        0.0010000000	        0.0666666667	        0.1000000000	        0.0010000000
        0.1332122955	        0.8172058076	        0.8672173210	       -0.2090918371	       25.0770358011	        0.0003746601	        0.0008691948	        0.0007346587	        0.0002838444	        0.1000000000	        0.0010000000	        0.0666666667	        0.1000000000	        0.0010000000
        0.1496492201	        0.8470864598	        0.8611744317	       -0.2069902630	       24.7863903618	        0.0004050352	        0.0010707148	        0.0009164863	        0.0003235634	        0.1000000000	        0.0010000000	        0.0666666667	        0.1000000000	        0.0010000000
        0.1678608015	        0.8747933381	        0.8550019025	       -0.1951098433	       24.4869399755	        0.0004373265	        0.0012855289	        0.0011074460	        0.0003630250	        0.1000000000	        0.0010000000	        0.0666666667	        0.1000000000	        0.0010000000
        0.1879943127	        0.9007281721	        0.8486209939	       -0.1816566577	       24.1811734175	        0.0004708755	        0.0015085838	        0.0013036886	        0.0004020777	        0.1000000000	        0.0010000000	        0.0666666667	        0.1000000000	        0.0010000000
        0.2101985296	        0.9252141567	        0.8419595841	       -0.1620424087	       23.8656461061	        0.0005047163	        0.0017350631	        0.0015013490	        0.0004402078	        0.1000000000	        0.0010000000	        0.0666666667	        0.1000000000	        0.0010000000
        0.2346208557	        0.9484976167	        0.8349639534	       -0.1432763790	       23.5399567043	        0.0005377498	        0.0019605917	        0.0016962737	        0.0004766714	        0.1000000000	        0.0010000000	        0.0666666667	        0.1000000000	        0.0010000000
        0.2614037844	        0.9707551535	        0.8275833531	       -0.1220695832	       23.2038317820	        0.0005692757	        0.0021813049	        0.0018853657	        0.0005109897	        0.1000000000	        0.0010000000	        0.0666666667	        0.1000000000	        0.0010000000
        0.2906806794	        0.9921020844	        0.8197815974	       -0.1027753964	       22.8558958778	        0.0005985736	        0.0023937747	        0.0020651743	        0.0005426118	        0.1000000000	        0.0010000000	        0.0666666667	        0.1000000000	        0.0010000000
        0.3225708876	        1.0126002338	        0.8115217745	       -0.0839536667	       22.4940856358	        0.0006247701	        0.0025949384	        0.0022308956	        0.0005708064	        0.1000000000	        0.0010000000	        0.0666666667	        0.1000000000	        0.0010000000
        0.3571742551	        1.0322644265	        0.8027758045	       -0.0676385843	       22.1175786838	        0.0006477708	        0.0027820025	        0.0023815655	        0.0005955254	        0.1000000000	        0.0010000000	        0.0666666667	        0.1000000000	        0.0010000000
        0.3945651751	        1.0510676596	        0.7935241362	       -0.0551717385	       21.7237439008	        0.0006678628	        0.0029524043	        0.0025169597	        0.0006170649	        0.1000000000	        0.0010000000	        0.0666666667	        0.1000000000	        0.0010000000
        0.4347863703	        1.0689450391	        0.7837502454	       -0.0436993952	       21.3126168136	        0.0006852951	        0.0031038436	        0.0026377145	        0.0006356849	        0.1000000000	        0.0010000000	        0.0666666667	        0.1000000000	        0.0010000000
        0.4778426900	        1.0857968522	        0.7734531141	       -0.0361101133	       20.8837729586	        0.0007005152	        0.0032343443	        0.0027443263	        0.0006518280	        0.1000000000	        0.0010000000	        0.0666666667	        0.1000000000	        0.0010000000
        0.5236952751	        1.1014910255	        0.7626278081	       -0.0300254247	       20.4377488030	        0.0007138974	        0.0033424424	        0.0028359861	        0.0006658696	        0.1000000000	        0.0010000000	        0.0666666667	        0.1000000000	        0.0010000000
        0.5722565058	        1.1158654001	        0.7512765473	       -0.0275884267	       19.9731238649	        0.0007264864	        0.0034273847	        0.0029138371	        0.0006788123	        0.1000000000	        0.0010000000	        0.0666666667	        0.1000000000	        0.0010000000
        0.6233861842	        1.1287303347	        0.7393906560	       -0.0289492529	       19.4921208985	        0.0007390728	        0.0034894582	        0.0029764558	        0.0006914283	        0.1000000000	        0.0010000000	        0.0666666667	        0.1000000000	        0.0010000000
        0.6768894010	        1.1398723724	        0.7269531790	       -0.0332498332	       18.9941572919	        0.0007536476	        0.0035303721	        0.0030302792	        0.0007056221	        0.1000000000	        0.0010000000	        0.0666666667	        0.1000000000	        0.0010000000
        0.7325164896	        1.1490602497	        0.7139574196	       -0.0400110046	       18.4823216284	        0.0007718567	        0.0035537308	        0.0030825750	        0.0007229916	        0.1000000000	        0.0010000000	        0.0666666667	        0.1000000000	        0.0010000000
        0.7899653716	        1.1560550070	        0.7004066064	       -0.0498949631	       17.9577228222	        0.0007950143	        0.0035657716	        0.0031379032	        0.0007448517	        0.1000000000	        0.0010000000	        0.0666666667	        0.1000000000	        0.0010000000
        0.8488864424	        1.1606267871	        0.6863050143	       -0.0617074833	       17.4239386145	        0.0008243096	        0.0035769152	        0.0032014808	        0.0007724594	        0.1000000000	        0.0010000000	        0.0666666667	        0.1000000000	        0.0010000000
        0.9088899606	        1.1625803581	        0.6716795102	       -0.0761176051	       16.8866418752	        0.0008607877	        0.0036122466	        0.0032819856	        0.0008071687	        0.1000000000	        0.0010000000	        0.0666666667	        0.1000000000	        0.0010000000
        0.9695556872	        1.1618169247	        0.6565922939	       -0.0896955911	       16.3512311058	        0.0009051916	        0.0037291286	        0.0033912687	        0.0008505616	        0.1000000000	        0.0010000000	        0.0666666667	        0.1000000000	        0.0010000000
        1.0304443128	        1.1584453684	        0.6411553386	       -0.1017835451	       15.8209335618	        0.0009576980	        0.0038863585	        0.0035280812	        0.0009022231	        0.1000000000	        0.0010000000	        0.0666666667	        0.1000000000	        0.0010000000
        1.0911100394	        1.1526874158	        0.6254697075	       -0.1120755100	       15.3031176816	        0.0010160702	        0.0040332751	        0.0036726933	        0.0009593462	        0.1000000000	        0.0010000000	        0.0666666667	        0.1000000000	        0.0010000000
        1.1511135576	        1.1447753727	        0.6095976265	       -0.1196335870	       14.8001692424	        0.0010786485	        0.0041595607	        0.0038091713	        0.0010202505	        0.1000000000	        0.0010000000	        0.0666666667	        0.1000000000	        0.0010000000
        1.2100346284	        1.1349428855	        0.5935805342	       -0.1223011052	       14.3164731441	        0.0011422282	        0.0042586900	        0.0039226881	        0.0010818212	        0.1000000000	        0.0010000000	        0.0666666667	        0.1000000000	        0.0010000000
        1.2674835104	        1.1234166119	        0.5774703193	       -0.1204108258	       13.8535102271	        0.0012042957	        0.0043264381	        0.0040075499	        0.0011415995	        0.1000000000	        0.0010000000	        0.0666666667	        0.1000000000	        0.0010000000
        1.3231105990	        1.1104116000	        0.5613384063	       -0.1159164323	       13.4113278371	        0.0012626838	        0.0043602919	        0.0040606658	        0.0011974563	        0.1000000000	        0.0010000000	        0.0666666667	        0.1000000000	        0.0010000000
        1.3766138158	        1.0961283977	        0.5452615179	       -0.1072590942	       12.9885931066	        0.0013156067	        0.0043591416	        0.0040814672	        0.0012476275	        0.1000000000	        0.0010000000	        0.0666666667	        0.1000000000	        0.0010000000
        1.4277434942	        1.0807509698	        0.5293314340	       -0.0990798124	       12.5856845496	        0.0013626599	        0.0043229969	        0.0040719959	        0.0012916629	        0.1000000000	        0.0010000000	        0.0666666667	        0.1000000000	        0.0010000000
        1.4763047249	        1.0644450795	        0.5136212373	       -0.0907483527	       12.2009845115	        0.0014039098	        0.0042528420	        0.0040313429	        0.0013295620	        0.1000000000	        0.0010000000	        0.0666666667	        0.1000000000	        0.0010000000
        1.5221573100	        1.0473570891	        0.4981807148	       -0.0768771740	       11.8364294413	        0.0014379968	        0.0041504477	        0.0039580142	        0.0013599735	        0.1000000000	        0.0010000000	        0.0666666667	        0.1000000000	        0.0010000000
        1.5652136297	        1.0296128684	        0.4830650023	       -0.0607149090	       11.4929487891	        0.0014643210	        0.0040181213	        0.0038557077	        0.0013822660	        0.1000000000	        0.0010000000	        0.0666666667	        0.1000000000	        0.0010000000
        1.6054348249	        1.0113167150	        0.4683239380	       -0.0399627998	       11.1662880618	        0.0014825772	        0.0038585615	        0.0037282418	        0.0013960835	        0.1000000000	        0.0010000000	        0.0666666667	        0.1000000000	        0.0010000000
        1.6428257449	        0.9925502667	        0.4540053648	       -0.0164574702	       10.8568884446	        0.0014930344	        0.0036746874	        0.0035782074	        0.0014016012	        0.1000000000	        0.0010000000	        0.0666666667	        0.1000000000	        0.0010000000
        1.6774291124	        0.9733712906	        0.4401312355	        0.0111437030	       10.5617803153	        0.0014951642	        0.0034695511	        0.0034013630	        0.0013982297	        0.1000000000	        0.0010000000	        0.0666666667	        0.1000000000	        0.0010000000
        1.7093193206	        0.9538122783	        0.4266833430	        0.0414484468	       10.2810566643	        0.0014876776	        0.0032462604	        0.0031916800	        0.0013846569	        0.1000000000	        0.0010000000	        0.0666666667	        0.1000000000	        0.0010000000
        1.7385962156	        0.9338785329	        0.4136109272	        0.0766259869	       10.0125997849	        0.0014709562	        0.0030079111	        0.0029535595	        0.0013611140	        0.1000000000	        0.0010000000	        0.0666666667	        0.1000000000	        0.0010000000
        1.7653791443	        0.9135452461	        0.4008683860	        0.1150812960	        9.7545975392	        0.0014470764	        0.0027575186	        0.0026997422	        0.0013293427	        0.1000000000	        0.0010000000	        0.0666666667	        0.1000000000	        0.0010000000
        1.7898014704	        0.8927531906	        0.3884204445	        0.1540433244	        9.5040134817	        0.0014172654	        0.0024980762	        0.0024383600	        0.0012901901	        0.1000000000	        0.0010000000	        0.0666666667	        0.1000000000	        0.0010000000
        1.8120056873	        0.8714029893	        0.3762229546	        0.1972948581	        9.2600793741	        0.0013823763	        0.0022327169	        0.0021738005	        0.0012440220	        0.1000000000	        0.0010000000	        0.0666666667	        0.1000000000	        0.0010000000
        1.8321391985	        0.8493477680	        0.3642197912	        0.2389050904	        9.0216940238	        0.0013438099	        0.0019648881	        0.0019091254	        0.0011915019	        0.1000000000	        0.0010000000	        0.0666666667	        0.1000000000	        0.0010000000
        1.8503507799	        0.8263842061	        0.3523223474	        0.2796618837	        8.7846107253	        0.0013022862	        0.0016985765	        0.0016452387	        0.0011324045	        0.1000000000	        0.0010000000	        0.0666666667	        0.1000000000	        0.0010000000
        1.8667877045	        0.8022426764	        0.3404049523	        0.3125243239	        8.5512420419	        0.0012598349	        0.0014384482	        0.0013855731	        0.0010672632	        0.1000000000	        0.0010000000	        0.0666666667	        0.1000000000	        0.0010000000
        1.8815934821	        0.7765783733	        0.3282932989	        0.3383209382	        8.3159462248	        0.0012174297	        0.0011898491	        0.0011338330	        0.0009951617	        0.1000000000	        0.0010000000	        0.0666666667	        0.1000000000	        0.0010000000
        1.8949061510	        0.7489679957	        0.3157649434	        0.3552064418	        8.0794739396	        0.0011765233	        0.0009585272	        0.0008968106	        0.0009150014	        0.1000000000	        0.0010000000	        0.0666666667	        0.1000000000	        0.0010000000
        1.9068570493	        0.7189207429	        0.3025607205	        0.3498803921	        7.8428669078	        0.0011390713	        0.0007500359	        0.0006823838	        0.0008255574	        0.1000000000	        0.0010000000	        0.0666666667	        0.1000000000	        0.0010000000
        1.9175699947	        0.6859185825	        0.2883942564	        0.3243332632	        7.6053324906	        0.0011069589	        0.0005689216	        0.0004975814	        0.0007255741	        0.1000000000	        0.0010000000	        0.0666666667	        0.1000000000	        0.0010000000
        1.9271607996	        0.6495049745	        0.2730080613	        0.2794249487	        7.3651481950	        0.0010809177	        0.0004178827	        0.0003469843	        0.0006146468	        0.1000000000	        0.0010000000	        0.0666666667	        0.1000000000	        0.0010000000
        1.9357370589	        0.6094330197	        0.2562742791	        0.2037939162	        7.1240127291	        0.0010620863	        0.0002972416	        0.0002319283	        0.0004966776	        0.1000000000	        0.0010000000	        0.0666666667	        0.1000000000	        0.0010000000
        1.9433981504	        0.5658499630	        0.2383035951	        0.0982987168	        6.8878748515	        0.0010516085	        0.0002049736	        0.0001496497	        0.0003804369	        0.1000000000	        0.0010000000	        0.0666666667	        0.1000000000	        0.0010000000
        1.9502353978	        0.5194366196	        0.2194908969	       -0.0407469288	        6.6530860330	        0.0010496350	        0.0001372856	        0.0000940935	        0.0002762693	        0.1000000000	        0.0010000000	        0.0666666667	        0.1000000000	        0.0010000000
        1.9563323538	        0.4713887873	        0.2004053755	       -0.2116134909	        6.4220792587	        0.0010563471	        0.0000895050	        0.0000581600	        0.0001915123	        0.1000000000	        0.0010000000	        0.0666666667	        0.1000000000	        0.0010000000
        1.9617651675	        0.4231949506	        0.1816047309	       -0.4056843687	        6.2046648133	        0.0010708850	        0.0000569236	        0.0000355010	        0.0001278056	        0.1000000000	        0.0010000000	        0.0666666667	        0.1000000000	        0.0010000000
        1.9666030060	        0.3763057940	        0.1635094431	       -0.6201223843	        5.9977371027	        0.0010925756	        0.0000353764	        0.0000214291	        0.0000827466	        0.1000000000	        0.0010000000	        0.0666666667	        0.1000000000	        0.0010000000
        1.9709085097	        0.3318647163	        0.1463750570	       -0.8520766711	        5.7995605131	        0.0011207688	        0.0000215085	        0.0000127815	        0.0000522531	        0.1000000000	        0.0010000000	        0.0666666667	        0.1000000000	        0.0010000000
        1.9747382607	        0.2905985100	        0.1303241682	       -1.0923817192	        5.6151795467	        0.0011539069	        0.0000127995	        0.0000075147	        0.0000322509	        0.1000000000	        0.0010000000	        0.0666666667	        0.1000000000	        0.0010000000
        1.9781432525	        0.2528492194	        0.1153947014	       -1.3362063438	        5.4452359908	        0.0011906612	        0.0000074535	        0.0000043441	        0.0000194627	        0.1000000000	        0.0010000000	        0.0666666667	        0.1000000000	        0.0010000000
        1.9811693494	        0.2186731485	        0.1015759577	       -1.5817156073	        5.2891677237	        0.0012300887	        0.0000042429	        0.0000024629	        0.0000114749	        0.1000000000	        0.0010000000	        0.0666666667	        0.1000000000	        0.0010000000
        1.9838577298	        0.1879457011	        0.0888309457	       -1.8251525802	        5.1475890349	        0.0012709126	        0.0000023564	        0.0000013649	        0.0000065939	        0.1000000000	        0.0010000000	        0.0666666667	        0.1000000000	        0.0010000000
        1.9862453073	        0.1604437475	        0.0771100616	       -2.0608689404	        5.0220760620	        0.0013115809	        0.0000012728	        0.0000007362	        0.0000036788	        0.1000000000	        0.0010000000	        0.0666666667	        0.1000000000	        0.0010000000
        1.9883651267	        0.1359007692	        0.0663588050	       -2.2890521026	        4.9106853473	        0.0013516866	        0.0000006657	        0.0000003847	        0.0000019839	        0.1000000000	        0.0010000000	        0.0666666667	        0.1000000000	        0.0010000000
        1.9902467340	        0.1140400104	        0.0565207401	       -2.5120629238	        4.8102108680	        0.0013913094	        0.0000003350	        0.0000001935	        0.0000010279	        0.1000000000	        0.0010000000	        0.0666666667	        0.1000000000	        0.0010000000
        1.9919165179	        0.0945926799	        0.0475388235	       -2.7319640929	        4.7194683624	        0.0014301646	        0.0000001608	        0.0000000929	        0.0000005071	        0.1000000000	        0.0010000000	        0.0666666667	        0.1000000000	        0.0010000000
        1.9933980257	        0.0773069522	        0.0393562828	       -2.9507800307	        4.6385554974	        0.0014677869	        0.0000000726	        0.0000000420	        0.0000002351	        0.1000000000	        0.0010000000	        0.0666666667	        0.1000000000	        0.0010000000
        1.9947122508	        0.0619516786	        0.0319172390	       -3.1681619997	        4.5671195163	        0.0015037988	        0.0000000303	        0.0000000175	        0.0000001005	        0.1000000000	        0.0010000000	        0.0666666667	        0.1000000000	        0.0010000000
        1.9958778967	        0.0483172201	        0.0251673024	       -3.3824980946	        4.5044863552	        0.0015379262	        0.0000000113	        0.0000000066	        0.0000000384	        0.1000000000	        0.0010000000	        0.0666666667	        0.1000000000	        0.0010000000
        1.9969116151	        0.0362148062	        0.0190540184	       -3.5917557548	        4.4498334295	        0.0015699889	        0.0000000036	        0.0000000021	        0.0000000125	        0.1000000000	        0.0010000000	        0.0666666667	        0.1000000000	        0.0010000000
        1.9978282231	        0.0254752022	        0.0135271663	       -3.7939543490	        4.4022961889	        0.0015998873	        0.0000000009	        0.0000000005	        0.0000000032	        0.1000000000	        0.0010000000	        0.0666666667	        0.1000000000	        0.0010000000
        1.9986408981	        0.0159471055	        0.0085389487	       -3.9874051225	        4.3610310478	        0.0016275874	        0.0000000001	        0.0000000001	        0.0000000005	        0.1000000000	        0.0010000000	        0.0666666667	        0.1000000000	        0.0010000000
        1.9993613540	        0.0074954891	        0.0040441092	       -4.1708092110	        4.3252500234	        0.0016531074	        0.0000000000	        0.0000000000	        0.0000000000	        0.1000000000	        0.0010000000	        0.0666666667	        0.1000000000	        0.0010000000
        2.0000000000	        0.0000000000	        0.0000000000	       -4.3432727844	        4.2942373928	        0.0016765047	        0.0000000000	        0.0000000000	        0.0000000000	        0.0000000000	        0.0010000000	        0.0000000000	        0.1000000000	        0.0010000000
