        0.0000000000	        0.0000000000	        1.0000000000	        5.7355352873	       28.6231206304	        0.0009301893	        0.0000000000	        0.0000000000	        0.0000000000	        0.0000000000	        0.0010000000	        0.0000000000	        0.1000000000	        0.0010000000
        0.0006386460	        0.0063563500	        0.9977499376	        5.5047823444	       28.6075040008	        0.0008986325	        0.0000000000	        0.0000000000	        0.0000000000	        0.1000000000	        0.0010000000	        0.0666666667	        0.1000000000	        0.0010000000
        0.0013591019	        0.0135227390	        0.9953010051	        5.2561773837	       28.5894671548	        0.0008644438	        0.0000000000	        0.0000000000	        0.0000000001	        0.1000000000	        0.0010000000	        0.0666666667	        0.1000000000	        0.0010000000
        0.0021717769	        0.0216009252	        0.9926472274	        4.9900268203	       28.5686686784	        0.0008276154	        0.0000000002	        0.0000000001	        0.0000000004	        0.1000000000	        0.0010000000	        0.0666666667	        0.1000000000	        0.0010000000
        0.0030883849	        0.0307050399	        0.9897853006	        4.7071094738	       28.5447506245	        0.0007882029	        0.0000000009	        0.0000000005	        0.0000000016	        0.1000000000	        0.0010000000	        0.0666666667	        0.1000000000	        0.0010000000
        0.0041221033	        0.0409629658	        0.9867152462	        4.4087350418	       28.5173591781	        0.0007463391	        0.0000000030	        0.0000000017	        0.0000000049	        0.1000000000	        0.0010000000	        0.0666666667	        0.1000000000	        0.0010000000
        0.0052877492	        0.0525178183	        0.9834410660	        4.0967579198	       28.4861807257	        0.0007022470	        0.0000000080	        0.0000000046	        0.0000000125	        0.1000000000	        0.0010000000	        0.0666666667	        0.1000000000	        0.0010000000
        0.0066019743	        0.0655295031	        0.9799713490	        3.7735046784	       28.4510015262	        0.0006562480	        0.0000000196	        0.0000000111	        0.0000000283	        0.1000000000	        0.0010000000	        0.0666666667	        0.1000000000	        0.0010000000
        0.0080834821	        0.0801762937	        0.9763197585	        3.4415494011	       28.4118030599	        0.0006087607	        0.0000000440	        0.0000000249	        0.0000000591	        0.1000000000	        0.0010000000	        0.0666666667	        0.1000000000	        0.0010000000
        0.0097532660	        0.0966563131	        0.9725052900	        3.1032351906	       28.3689107233	        0.0005602812	        0.0000000932	        0.0000000525	        0.0000001152	        0.1000000000	        0.0010000000	        0.0666666667	        0.1000000000	        0.0010000000
        0.0116348733	        0.1151886969	        0.9685521145	        2.7601122535	       28.3231095917	        0.0005113462	        0.0000001885	        0.0000001059	        0.0000002126	        0.1000000000	        0.0010000000	        0.0666666667	        0.1000000000	        0.0010000000
        0.0137546927	        0.1360140170	        0.9644886825	        2.4166576901	       28.2741805879	        0.0004626428	        0.0000003675	        0.0000002054	        0.0000003749	        0.1000000000	        0.0010000000	        0.0666666667	        0.1000000000	        0.0010000000
        0.0161422702	        0.1593931994	        0.9603463014	        2.0814596967	       28.2201827295	        0.0004149831	        0.0000006945	        0.0000003862	        0.0000006354	        0.1000000000	        0.0010000000	        0.0666666667	        0.1000000000	        0.0010000000
        0.0188306506	        0.1856035691	        0.9561577576	        1.7622337027	       28.1598020369	        0.0003691776	        0.0000012790	        0.0000007070	        0.0000010405	        0.1000000000	        0.0010000000	        0.0666666667	        0.1000000000	        0.0010000000
        0.0218567475	        0.2149296738	        0.9519557392	        1.4627936849	       28.0937269960	        0.0003259376	        0.0000023029	        0.0000012644	        0.0000016528	        0.1000000000	        0.0010000000	        0.0666666667	        0.1000000000	        0.0010000000
        0.0252617393	        0.2476450648	        0.9477702843	        1.1855197901	       28.0225029033	        0.0002860084	        0.0000040638	        0.0000022147	        0.0000025557	        0.1000000000	        0.0010000000	        0.0666666667	        0.1000000000	        0.0010000000
        0.0290914903	        0.2839793422	        0.9436253965	        0.9322474136	       27.9462542576	        0.0002501141	        0.0000070383	        0.0000038066	        0.0000038619	        0.1000000000	        0.0010000000	        0.0666666667	        0.1000000000	        0.0010000000
        0.0333969940	        0.3240632971	        0.9395351092	        0.7073816200	       27.8648679454	        0.0002189057	        0.0000119722	        0.0000064314	        0.0000057267	        0.1000000000	        0.0010000000	        0.0666666667	        0.1000000000	        0.0010000000
        0.0382348325	        0.3678463756	        0.9355016380	        0.5122956694	       27.7787727037	        0.0001928684	        0.0000199997	        0.0000106978	        0.0000083721	        0.1000000000	        0.0010000000	        0.0666666667	        0.1000000000	        0.0010000000
        0.0436676462	        0.4149900302	        0.9315144222	        0.3486999606	       27.6861752386	        0.0001722724	        0.0000327839	        0.0000175446	        0.0000121199	        0.1000000000	        0.0010000000	        0.0666666667	        0.1000000000	        0.0010000000
        0.0497646022	        0.4647639750	        0.9275535436	        0.2171113372	       27.5853620411	        0.0001571409	        0.0000526523	        0.0000284059	        0.0000174212	        0.1000000000	        0.0010000000	        0.0666666667	        0.1000000000	        0.0010000000
        0.0566018496	        0.5160072663	        0.9235982304	        0.1164654423	       27.4762202192	        0.0001471880	        0.0000826659	        0.0000453944	        0.0000248308	        0.1000000000	        0.0010000000	        0.0666666667	        0.1000000000	        0.0010000000
        0.0642629411	        0.5672328408	        0.9196388676	        0.0395357556	       27.3582262699	        0.0001420264	        0.0001265275	        0.0000713992	        0.0000348938	        0.1000000000	        0.0010000000	        0.0666666667	        0.1000000000	        0.0010000000
        0.0728392004	        0.6169001261	        0.9156783253	       -0.0152822420	       27.2310835918	        0.0001412313	        0.0001882392	        0.0001098492	        0.0000479057	        0.1000000000	        0.0010000000	        0.0666666667	        0.1000000000	        0.0010000000
        0.0824300053	        0.6637552308	        0.9117311793	       -0.0582337276	       27.0953541469	        0.0001444319	        0.0002715067	        0.0001638082	        0.0000636974	        0.1000000000	        0.0010000000	        0.0666666667	        0.1000000000	        0.0010000000
        0.0931429507	        0.7070606006	        0.9077976203	       -0.0922463510	       26.9507586098	        0.0001516507	        0.0003790375	        0.0002350780	        0.0000818751	        0.1000000000	        0.0010000000	        0.0666666667	        0.1000000000	        0.0010000000
        0.1050938490	        0.7466150046	        0.9038515319	       -0.1173141931	       26.7948497617	        0.0001628683	        0.0005119495	        0.0003236399	        0.0001020670	        0.1000000000	        0.0010000000	        0.0666666667	        0.1000000000	        0.0010000000
        0.1184065179	        0.7826148451	        0.8998436234	       -0.1314553589	       26.6240354029	        0.0001776433	        0.0006694796	        0.0004275524	        0.0001238953	        0.1000000000	        0.0010000000	        0.0666666667	        0.1000000000	        0.0010000000
        0.1332122955	        0.8154723645	        0.8957164561	       -0.1396102111	       26.4387473614	        0.0001954421	        0.0008490650	        0.0005437686	        0.0001470875	        0.1000000000	        0.0010000000	        0.0666666667	        0.1000000000	        0.0010000000
        0.1496492201	        0.8456696239	        0.8914053020	       -0.1420941164	       26.2384739292	        0.0002159863	        0.0010467588	        0.0006694444	        0.0001716378	        0.1000000000	        0.0010000000	        0.0666666667	        0.1000000000	        0.0010000000
        0.1678608015	        0.8736694408	        0.8868454384	       -0.1390727349	       26.0206708702	        0.0002386485	        0.0012578109	        0.0008012608	        0.0001972689	        0.1000000000	        0.0010000000	        0.0666666667	        0.1000000000	        0.0010000000
        0.1879943127	        0.8998726067	        0.8819770013	       -0.1336112508	       25.7855609548	        0.0002629015	        0.0014772360	        0.0009362950	        0.0002237162	        0.1000000000	        0.0010000000	        0.0666666667	        0.1000000000	        0.0010000000
        0.2101985296	        0.9246035860	        0.8767412028	       -0.1249928685	       25.5304790348	        0.0002882772	        0.0017002446	        0.0010721434	        0.0002507072	        0.1000000000	        0.0010000000	        0.0666666667	        0.1000000000	        0.0010000000
        0.2346208557	        0.9481108165	        0.8710853323	       -0.1122427724	       25.2541017834	        0.0003137942	        0.0019224727	        0.0012061325	        0.0002774683	        0.1000000000	        0.0010000000	        0.0666666667	        0.1000000000	        0.0010000000
        0.2614037844	        0.9705731915	        0.8649721838	       -0.0996940691	       24.9557689852	        0.0003390197	        0.0021400332	        0.0013370413	        0.0003036562	        0.1000000000	        0.0010000000	        0.0666666667	        0.1000000000	        0.0010000000
        0.2906806794	        0.9921080667	        0.8583632000	       -0.0856923296	       24.6332005583	        0.0003629160	        0.0023494952	        0.0014604249	        0.0003283601	        0.1000000000	        0.0010000000	        0.0666666667	        0.1000000000	        0.0010000000
        0.3225708876	        1.0127788282	        0.8512277490	       -0.0724836158	       24.2859531586	        0.0003851740	        0.0025477857	        0.0015750356	        0.0003513002	        0.1000000000	        0.0010000000	        0.0666666667	        0.1000000000	        0.0010000000
        0.3571742551	        1.0326013175	        0.8435388624	       -0.0619989214	       23.9125946270	        0.0004056808	        0.0027321180	        0.0016783523	        0.0003723725	        0.1000000000	        0.0010000000	        0.0666666667	        0.1000000000	        0.0010000000
        0.3945651751	        1.0515488441	        0.8352589510	       -0.0521756858	       23.5115578674	        0.0004240989	        0.0028999783	        0.0017674699	        0.0003912662	        0.1000000000	        0.0010000000	        0.0666666667	        0.1000000000	        0.0010000000
        0.4347863703	        1.0695560956	        0.8263596516	       -0.0421626774	       23.0829908078	        0.0004407405	        0.0030491178	        0.0018446552	        0.0004082682	        0.1000000000	        0.0010000000	        0.0666666667	        0.1000000000	        0.0010000000
        0.4778426900	        1.0865222692	        0.8168263876	       -0.0369668378	       22.6265878128	        0.0004553456	        0.0031776259	        0.0019058973	        0.0004231392	        0.1000000000	        0.0010000000	        0.0666666667	        0.1000000000	        0.0010000000
        0.5236952751	        1.1023134579	        0.8066158601	       -0.0312479017	       22.1406124022	        0.0004683650	        0.0032841569	        0.0019518280	        0.0004363017	        0.1000000000	        0.0010000000	        0.0666666667	        0.1000000000	        0.0010000000
        0.5722565058	        1.1167650274	        0.7957131633	       -0.0312835219	       21.6287653106	        0.0004811588	        0.0033680473	        0.0019872368	        0.0004490324	        0.1000000000	        0.0010000000	        0.0666666667	        0.1000000000	        0.0010000000
        0.6233861842	        1.1296843675	        0.7840772797	       -0.0343874460	       21.0907674416	        0.0004950048	        0.0034297107	        0.0020138644	        0.0004625430	        0.1000000000	        0.0010000000	        0.0666666667	        0.1000000000	        0.0010000000
        0.6768894010	        1.1408547602	        0.7716641142	       -0.0396582681	       20.5278945084	        0.0005117444	        0.0034709793	        0.0020389352	        0.0004785805	        0.1000000000	        0.0010000000	        0.0666666667	        0.1000000000	        0.0010000000
        0.7325164896	        1.1500417934	        0.7584404840	       -0.0472598885	       19.9442591170	        0.0005323415	        0.0034955908	        0.0020660546	        0.0004980837	        0.1000000000	        0.0010000000	        0.0666666667	        0.1000000000	        0.0010000000
        0.7899653716	        1.1570040688	        0.7443775143	       -0.0562566606	       19.3427584353	        0.0005578265	        0.0035099529	        0.0020996599	        0.0005220744	        0.1000000000	        0.0010000000	        0.0666666667	        0.1000000000	        0.0010000000
        0.8488864424	        1.1615109655	        0.7294746487	       -0.0673201729	       18.7253269308	        0.0005893724	        0.0035247131	        0.0021457721	        0.0005517553	        0.1000000000	        0.0010000000	        0.0666666667	        0.1000000000	        0.0010000000
        0.9088899606	        1.1633689321	        0.7137628220	       -0.0819952415	       18.0988706984	        0.0006283201	        0.0035671541	        0.0022096891	        0.0005886906	        0.1000000000	        0.0010000000	        0.0666666667	        0.1000000000	        0.0010000000
        0.9695556872	        1.1624897144	        0.6972883752	       -0.0967118080	       17.4653899163	        0.0006755934	        0.0036912614	        0.0022960169	        0.0006344046	        0.1000000000	        0.0010000000	        0.0666666667	        0.1000000000	        0.0010000000
        1.0304443128	        1.1589949957	        0.6801355519	       -0.1123136279	       16.8309391753	        0.0007313880	        0.0038491338	        0.0024003654	        0.0006886149	        0.1000000000	        0.0010000000	        0.0666666667	        0.1000000000	        0.0010000000
        1.0911100394	        1.1531092643	        0.6623743942	       -0.1265948418	       16.2024434871	        0.0007953624	        0.0039968786	        0.0025140781	        0.0007505577	        0.1000000000	        0.0010000000	        0.0666666667	        0.1000000000	        0.0010000000
        1.1511135576	        1.1450683429	        0.6440677119	       -0.1391141781	       15.5835304695	        0.0008655949	        0.0041245027	        0.0026263944	        0.0008183351	        0.1000000000	        0.0010000000	        0.0666666667	        0.1000000000	        0.0010000000
        1.2100346284	        1.1351093969	        0.6252774448	       -0.1472246366	       14.9783633966	        0.0009396755	        0.0042256178	        0.0027302805	        0.0008895933	        0.1000000000	        0.0010000000	        0.0666666667	        0.1000000000	        0.0010000000
        1.2674835104	        1.1234625757	        0.6061111514	       -0.1504740682	       14.3920476397	        0.0010145834	        0.0042960055	        0.0028236848	        0.0009613910	        0.1000000000	        0.0010000000	        0.0666666667	        0.1000000000	        0.0010000000
        1.3231105990	        1.1103461473	        0.5867409067	       -0.1509399349	       13.8275349551	        0.0010894044	        0.0043330234	        0.0029101033	        0.0010327754	        0.1000000000	        0.0010000000	        0.0666666667	        0.1000000000	        0.0010000000
        1.3766138158	        1.0959633089	        0.5673488452	       -0.1476213142	       13.2865669406	        0.0011617163	        0.0043353744	        0.0029818478	        0.0011013610	        0.1000000000	        0.0010000000	        0.0666666667	        0.1000000000	        0.0010000000
        1.4277434942	        1.0805001163	        0.5480668082	       -0.1391828295	       12.7717051749	        0.0012271036	        0.0043029833	        0.0030239340	        0.0011628732	        0.1000000000	        0.0010000000	        0.0666666667	        0.1000000000	        0.0010000000
        1.4763047249	        1.0641240932	        0.5289906209	       -0.1241980190	       12.2848887248	        0.0012836097	        0.0042367654	        0.0030338525	        0.0012153759	        0.1000000000	        0.0010000000	        0.0666666667	        0.1000000000	        0.0010000000
        1.5221573100	        1.0469829931	        0.5102290511	       -0.0998043882	       11.8272516411	        0.0013286598	        0.0041383472	        0.0030147777	        0.0012563591	        0.1000000000	        0.0010000000	        0.0666666667	        0.1000000000	        0.0010000000
        1.5652136297	        1.0292034685	        0.4919306352	       -0.0712115410	       11.3989622203	        0.0013617943	        0.0040098330	        0.0029738830	        0.0012853276	        0.1000000000	        0.0010000000	        0.0666666667	        0.1000000000	        0.0010000000
        1.6054348249	        1.0108898600	        0.4742337890	       -0.0353316731	       10.9976142734	        0.0013820001	        0.0038537412	        0.0029115517	        0.0013012738	        0.1000000000	        0.0010000000	        0.0666666667	        0.1000000000	        0.0010000000
        1.6428257449	        0.9921232176	        0.4572468049	        0.0059795199	       10.6244961321	        0.0013881950	        0.0036728776	        0.0028244381	        0.0013031405	        0.1000000000	        0.0010000000	        0.0666666667	        0.1000000000	        0.0010000000
        1.6774291124	        0.9729603112	        0.4410262305	        0.0525093394	       10.2767432254	        0.0013801175	        0.0034702424	        0.0027092984	        0.0012906594	        0.1000000000	        0.0010000000	        0.0666666667	        0.1000000000	        0.0010000000
        1.7093193206	        0.9534323792	        0.4255845300	        0.1032205833	        9.9532492047	        0.0013579923	        0.0032489122	        0.0025658343	        0.0012640282	        0.1000000000	        0.0010000000	        0.0666666667	        0.1000000000	        0.0010000000
        1.7385962156	        0.9335431889	        0.4109111589	        0.1553030550	        9.6526276897	        0.0013240650	        0.0030119439	        0.0023998524	        0.0012253226	        0.1000000000	        0.0010000000	        0.0666666667	        0.1000000000	        0.0010000000
        1.7653791443	        0.9132660821	        0.3969830485	        0.2070947340	        9.3734704048	        0.0012808034	        0.0027623534	        0.0022172132	        0.0011767774	        0.1000000000	        0.0010000000	        0.0666666667	        0.1000000000	        0.0010000000
        1.7898014704	        0.8925397993	        0.3837587300	        0.2559248111	        9.1121072416	        0.0012299953	        0.0025031853	        0.0020213454	        0.0011199320	        0.1000000000	        0.0010000000	        0.0666666667	        0.1000000000	        0.0010000000
        1.8120056873	        0.8712628337	        0.3711763970	        0.3014719928	        8.8680565636	        0.0011747037	        0.0022376397	        0.0018177293	        0.0010573868	        0.1000000000	        0.0010000000	        0.0666666667	        0.1000000000	        0.0010000000
        1.8321391985	        0.8492859870	        0.3591593934	        0.3361104741	        8.6415663995	        0.0011177053	        0.0019692353	        0.0016098628	        0.0009912953	        0.1000000000	        0.0010000000	        0.0666666667	        0.1000000000	        0.0010000000
        1.8503507799	        0.8264032161	        0.3475953620	        0.3628795968	        8.4269579375	        0.0010609117	        0.0017020441	        0.0013994262	        0.0009227878	        0.1000000000	        0.0010000000	        0.0666666667	        0.1000000000	        0.0010000000
        1.8667877045	        0.8023414136	        0.3363440605	        0.3725581007	        8.2279707578	        0.0010071857	        0.0014408189	        0.0011902003	        0.0008534724	        0.1000000000	        0.0010000000	        0.0666666667	        0.1000000000	        0.0010000000
        1.8815934821	        0.7767509466	        0.3252254699	        0.3650868947	        8.0384824935	        0.0009583135	        0.0011910054	        0.0009853123	        0.0007835100	        0.1000000000	        0.0010000000	        0.0666666667	        0.1000000000	        0.0010000000
        1.8949061510	        0.7492016374	        0.3140203227	        0.3372238070	        7.8585408947	        0.0009162655	        0.0009584653	        0.0007899640	        0.0007125829	        0.1000000000	        0.0010000000	        0.0666666667	        0.1000000000	        0.0010000000
        1.9068570493	        0.7191931738	        0.3024750014	        0.2781498519	        7.6900417452	        0.0008831359	        0.0007488776	        0.0006102057	        0.0006397467	        0.1000000000	        0.0010000000	        0.0666666667	        0.1000000000	        0.0010000000
        1.9175699947	        0.6861955748	        0.2903011811	        0.1891322076	        7.5298478277	        0.0008605940	        0.0005669076	        0.0004518489	        0.0005632738	        0.1000000000	        0.0010000000	        0.0666666667	        0.1000000000	        0.0010000000
        1.9271607996	        0.6497400931	        0.2772108181	        0.0680330705	        7.3749934471	        0.0008492682	        0.0004153422	        0.0003195707	        0.0004814073	        0.1000000000	        0.0010000000	        0.0666666667	        0.1000000000	        0.0010000000
        1.9357370589	        0.6095728855	        0.2629859301	       -0.0934010841	        7.2265847858	        0.0008498917	        0.0002945394	        0.0002160587	        0.0003951520	        0.1000000000	        0.0010000000	        0.0666666667	        0.1000000000	        0.0010000000
        1.9433981504	        0.5658474842	        0.2475722669	       -0.2923646678	        7.0864673801	        0.0008626222	        0.0002024389	        0.0001405180	        0.0003091819	        0.1000000000	        0.0010000000	        0.0666666667	        0.1000000000	        0.0010000000
        1.9502353978	        0.5192685588	        0.2311493168	       -0.5345720589	        6.9517829635	        0.0008875667	        0.0001351457	        0.0000888504	        0.0002305565	        0.1000000000	        0.0010000000	        0.0666666667	        0.1000000000	        0.0010000000
        1.9563323538	        0.4710664495	        0.2140784993	       -0.8172462912	        6.8225097951	        0.0009243883	        0.0000878555	        0.0000551556	        0.0001647989	        0.1000000000	        0.0010000000	        0.0666666667	        0.1000000000	        0.0010000000
        1.9617651675	        0.4227588696	        0.1967718848	       -1.1242856335	        6.7028096375	        0.0009704888	        0.0000557478	        0.0000337524	        0.0001135656	        0.1000000000	        0.0010000000	        0.0666666667	        0.1000000000	        0.0010000000
        1.9666030060	        0.3758083574	        0.1795949786	       -1.4544076001	        6.5901675013	        0.0010251827	        0.0000345923	        0.0000204182	        0.0000759767	        0.1000000000	        0.0010000000	        0.0666666667	        0.1000000000	        0.0010000000
        1.9709085097	        0.3313532168	        0.1628230699	       -1.8032525443	        6.4825257596	        0.0010876703	        0.0000210148	        0.0000122104	        0.0000495671	        0.1000000000	        0.0010000000	        0.0666666667	        0.1000000000	        0.0010000000
        1.9747382607	        0.2901066655	        0.1466431934	       -2.1564290506	        6.3820736686	        0.0011551690	        0.0000125040	        0.0000071969	        0.0000315484	        0.1000000000	        0.0010000000	        0.0666666667	        0.1000000000	        0.0010000000
        1.9781432525	        0.2523966624	        0.1311793948	       -2.5073378433	        6.2892401783	        0.0012257922	        0.0000072847	        0.0000041708	        0.0000195856	        0.1000000000	        0.0010000000	        0.0666666667	        0.1000000000	        0.0010000000
        1.9811693494	        0.2182687756	        0.1165117392	       -2.8508273159	        6.2033641315	        0.0012983070	        0.0000041506	        0.0000023711	        0.0000118485	        0.1000000000	        0.0010000000	        0.0666666667	        0.1000000000	        0.0010000000
        1.9838577298	        0.1875915996	        0.1026888924	       -3.1798380176	        6.1246742616	        0.0013707646	        0.0000023080	        0.0000013176	        0.0000069663	        0.1000000000	        0.0010000000	        0.0666666667	        0.1000000000	        0.0010000000
        1.9862453073	        0.1601382605	        0.0897369592	       -3.4863873227	        6.0542974401	        0.0014406401	        0.0000012486	        0.0000007124	        0.0000039641	        0.1000000000	        0.0010000000	        0.0666666667	        0.1000000000	        0.0010000000
        1.9883651267	        0.1356404725	        0.0776652759	       -3.7710753742	        5.9912331784	        0.0015075784	        0.0000006542	        0.0000003731	        0.0000021744	        0.1000000000	        0.0010000000	        0.0666666667	        0.1000000000	        0.0010000000
        1.9902467340	        0.1138208395	        0.0664689242	       -4.0379814083	        5.9337045575	        0.0015721413	        0.0000003298	        0.0000001881	        0.0000011434	        0.1000000000	        0.0010000000	        0.0666666667	        0.1000000000	        0.0010000000
        1.9919165179	        0.0944105114	        0.0561307502	       -4.2878279594	        5.8811310041	        0.0016340178	        0.0000001586	        0.0000000905	        0.0000005715	        0.1000000000	        0.0010000000	        0.0666666667	        0.1000000000	        0.0010000000
        1.9933980257	        0.0771578745	        0.0466238924	       -4.5193421352	        5.8336799669	        0.0016924091	        0.0000000718	        0.0000000410	        0.0000002679	        0.1000000000	        0.0010000000	        0.0666666667	        0.1000000000	        0.0010000000
        1.9947122508	        0.0618320983	        0.0379141730	       -4.7320812773	        5.7912663279	        0.0017468428	        0.0000000300	        0.0000000172	        0.0000001156	        0.1000000000	        0.0010000000	        0.0666666667	        0.1000000000	        0.0010000000
        1.9958778967	        0.0482238883	        0.0299620679	       -4.9263012083	        5.7536143295	        0.0017971173	        0.0000000112	        0.0000000064	        0.0000000446	        0.1000000000	        0.0010000000	        0.0666666667	        0.1000000000	        0.0010000000
        1.9969116151	        0.0361448092	        0.0227243816	       -5.1027066753	        5.7203500603	        0.0018432161	        0.0000000036	        0.0000000021	        0.0000000146	        0.1000000000	        0.0010000000	        0.0666666667	        0.1000000000	        0.0010000000
        1.9978282231	        0.0254259371	        0.0161556855	       -5.2622757815	        5.6910600109	        0.0018852447	        0.0000000009	        0.0000000005	        0.0000000037	        0.1000000000	        0.0010000000	        0.0666666667	        0.1000000000	        0.0010000000
        1.9986408981	        0.0159162520	        0.0102095418	       -5.4061375552	        5.6653269893	        0.0019233871	        0.0000000001	        0.0000000001	        0.0000000006	        0.1000000000	        0.0010000000	        0.0666666667	        0.1000000000	        0.0010000000
        1.9993613540	        0.0074809814	        0.0048395171	       -5.5354876072	        5.6427511082	        0.0019578739	        0.0000000000	        0.0000000000	        0.0000000000	        0.1000000000	        0.0010000000	        0.0666666667	        0.1000000000	        0.0010000000
        2.0000000000	        0.0000000000	        0.0000000000	       -5.6515310183	        5.6229610830	        0.0019889602	        0.0000000000	        0.0000000000	        0.0000000000	        0.0000000000	        0.0010000000	        0.0000000000	        0.1000000000	        0.0010000000
