        0.0000000000	        0.0000000000	        1.0000000000	        0.8038435036	       20.0257978356	        0.0009423103	        0.0000000000	        0.0000000000	        0.0000000000	        0.0000000000	        0.0010000000	        0.0000000000	        0.1000000000	        0.0010000000
        0.0006386460	        0.0064798234	        0.9978233659	        0.7970838414	       20.0244719663	        0.0009377885	        0.0000000000	        0.0000000000	        0.0000000000	        0.1000000000	        0.0010000000	        0.0666666667	        0.1000000000	        0.0010000000
        0.0013591019	        0.0137855796	        0.9953805375	        0.7894935328	       20.0229757409	        0.0009327310	        0.0000000000	        0.0000000000	        0.0000000001	        0.1000000000	        0.0010000000	        0.0666666667	        0.1000000000	        0.0010000000
        0.0021717769	        0.0220210670	        0.9926409946	        0.7809765553	       20.0212861924	        0.0009270816	        0.0000000002	        0.0000000001	        0.0000000004	        0.1000000000	        0.0010000000	        0.0666666667	        0.1000000000	        0.0010000000
        0.0030883849	        0.0313027172	        0.9895712475	        0.7714275030	       20.0193766180	        0.0009207801	        0.0000000009	        0.0000000005	        0.0000000018	        0.1000000000	        0.0010000000	        0.0666666667	        0.1000000000	        0.0010000000
        0.0041221033	        0.0417610058	        0.9861346865	        0.7607311834	       20.0172156724	        0.0009137629	        0.0000000030	        0.0000000017	        0.0000000058	        0.1000000000	        0.0010000000	        0.0666666667	        0.1000000000	        0.0010000000
        0.0052877492	        0.0535419691	        0.9822914660	        0.7487623781	       20.0147661347	        0.0009059640	        0.0000000081	        0.0000000048	        0.0000000156	        0.1000000000	        0.0010000000	        0.0666666667	        0.1000000000	        0.0010000000
        0.0066019743	        0.0668087998	        0.9779984379	        0.7353858432	       20.0119832152	        0.0008973154	        0.0000000197	        0.0000000116	        0.0000000377	        0.1000000000	        0.0010000000	        0.0666666667	        0.1000000000	        0.0010000000
        0.0080834821	        0.0817434634	        0.9732091578	        0.7204566521	       20.0088122045	        0.0008877494	        0.0000000444	        0.0000000261	        0.0000000841	        0.1000000000	        0.0010000000	        0.0666666667	        0.1000000000	        0.0010000000
        0.0097532660	        0.0985482138	        0.9678739979	        0.7038210138	       20.0051851840	        0.0008772005	        0.0000000943	        0.0000000555	        0.0000001765	        0.1000000000	        0.0010000000	        0.0666666667	        0.1000000000	        0.0010000000
        0.0116348733	        0.1174467745	        0.9619404160	        0.6853177362	       20.0010163984	        0.0008656088	        0.0000001914	        0.0000001126	        0.0000003532	        0.1000000000	        0.0010000000	        0.0666666667	        0.1000000000	        0.0010000000
        0.0137546927	        0.1386847387	        0.9553534626	        0.6647816563	       19.9962086086	        0.0008529231	        0.0000003743	        0.0000002203	        0.0000006800	        0.1000000000	        0.0010000000	        0.0666666667	        0.1000000000	        0.0010000000
        0.0161422702	        0.1625283659	        0.9480566586	        0.6420574316	       19.9907647252	        0.0008390971	        0.0000007100	        0.0000004181	        0.0000012680	        0.1000000000	        0.0010000000	        0.0666666667	        0.1000000000	        0.0010000000
        0.0188306506	        0.1892602948	        0.9399934723	        0.6170090931	       19.9848151787	        0.0008240938	        0.0000013131	        0.0000007738	        0.0000023001	        0.1000000000	        0.0010000000	        0.0666666667	        0.1000000000	        0.0010000000
        0.0218567475	        0.2191695981	        0.9311097755	        0.5895296387	       19.9783144731	        0.0008079001	        0.0000023757	        0.0000014022	        0.0000040723	        0.1000000000	        0.0010000000	        0.0666666667	        0.1000000000	        0.0010000000
        0.0252617393	        0.2525319357	        0.9213579158	        0.5595607921	       19.9708570656	        0.0007905394	        0.0000042149	        0.0000024944	        0.0000070513	        0.1000000000	        0.0010000000	        0.0666666667	        0.1000000000	        0.0010000000
        0.0290914903	        0.2895733995	        0.9107034145	        0.5271346817	       19.9621953912	        0.0007720698	        0.0000073444	        0.0000043659	        0.0000119520	        0.1000000000	        0.0010000000	        0.0666666667	        0.1000000000	        0.0010000000
        0.0333969940	        0.3304099036	        0.8991358059	        0.4924045337	       19.9522818366	        0.0007525866	        0.0000125770	        0.0000075318	        0.0000198276	        0.1000000000	        0.0010000000	        0.0666666667	        0.1000000000	        0.0010000000
        0.0382348325	        0.3749555880	        0.8866855661	        0.4556465581	       19.9409358935	        0.0007322174	        0.0000211634	        0.0000128254	        0.0000321451	        0.1000000000	        0.0010000000	        0.0666666667	        0.1000000000	        0.0010000000
        0.0436676462	        0.4228049494	        0.8734488086	        0.4173219995	       19.9277979533	        0.0007111448	        0.0000349595	        0.0000215816	        0.0000507704	        0.1000000000	        0.0010000000	        0.0666666667	        0.1000000000	        0.0010000000
        0.0497646022	        0.4731219504	        0.8596188739	        0.3780805699	       19.9130985047	        0.0006895942	        0.0000565885	        0.0000359109	        0.0000777136	        0.1000000000	        0.0010000000	        0.0666666667	        0.1000000000	        0.0010000000
        0.0566018496	        0.5246112592	        0.8455158889	        0.3386944472	       19.8970518437	        0.0006678155	        0.0000895200	        0.0000590626	        0.0001144133	        0.1000000000	        0.0010000000	        0.0666666667	        0.1000000000	        0.0010000000
        0.0642629411	        0.5756624885	        0.8315898102	        0.3000107910	       19.8783153134	        0.0006460752	        0.0001379357	        0.0000957738	        0.0001604883	        0.1000000000	        0.0010000000	        0.0666666667	        0.1000000000	        0.0010000000
        0.0728392004	        0.6246814993	        0.8183601555	        0.2628931877	       19.8576116066	        0.0006246372	        0.0002062627	        0.0001522639	        0.0002125181	        0.1000000000	        0.0010000000	        0.0666666667	        0.1000000000	        0.0010000000
        0.0824300053	        0.6704658938	        0.8062817704	        0.2280823043	       19.8333983415	        0.0006037438	        0.0002984043	        0.0002353396	        0.0002642279	        0.1000000000	        0.0010000000	        0.0666666667	        0.1000000000	        0.0010000000
        0.0931429507	        0.7124126759	        0.7956059055	        0.1961380644	       19.8075864290	        0.0005835706	        0.0004169132	        0.0003505526	        0.0003089593	        0.1000000000	        0.0010000000	        0.0666666667	        0.1000000000	        0.0010000000
        0.1050938490	        0.7504782487	        0.7863422264	        0.1674169675	       19.7772711758	        0.0005642965	        0.0005624125	        0.0005004612	        0.0003427610	        0.1000000000	        0.0010000000	        0.0666666667	        0.1000000000	        0.0010000000
        0.1184065179	        0.7849890781	        0.7783322886	        0.1420175942	       19.7437243644	        0.0005459926	        0.0007334330	        0.0006840711	        0.0003652771	        0.1000000000	        0.0010000000	        0.0666666667	        0.1000000000	        0.0010000000
        0.1332122955	        0.8164411939	        0.7713516784	        0.1198910915	       19.7059051863	        0.0005287634	        0.0009266681	        0.0008974088	        0.0003783845	        0.1000000000	        0.0010000000	        0.0666666667	        0.1000000000	        0.0010000000
        0.1496492201	        0.8453593381	        0.7651789038	        0.1008042557	       19.6647866586	        0.0005126436	        0.0011375295	        0.0011345960	        0.0003845560	        0.1000000000	        0.0010000000	        0.0666666667	        0.1000000000	        0.0010000000
        0.1678608015	        0.8722212773	        0.7596245042	        0.0844722629	       19.6177572821	        0.0004976790	        0.0013608116	        0.0013889284	        0.0003859839	        0.1000000000	        0.0010000000	        0.0666666667	        0.1000000000	        0.0010000000
        0.1879943127	        0.8974272749	        0.7545365425	        0.0705583557	       19.5667039792	        0.0004839131	        0.0015912754	        0.0016537057	        0.0003843383	        0.1000000000	        0.0010000000	        0.0666666667	        0.1000000000	        0.0010000000
        0.2101985296	        0.9212943230	        0.7497962997	        0.0587202151	       19.5093529106	        0.0004712898	        0.0018240338	        0.0019227333	        0.0003808111	        0.1000000000	        0.0010000000	        0.0666666667	        0.1000000000	        0.0010000000
        0.2346208557	        0.9440615504	        0.7453114424	        0.0486404164	       19.4462141297	        0.0004596918	        0.0020547203	        0.0021905229	        0.0003762308	        0.1000000000	        0.0010000000	        0.0666666667	        0.1000000000	        0.0010000000
        0.2614037844	        0.9658993724	        0.7410095479	        0.0400200609	       19.3772981109	        0.0004491540	        0.0022794888	        0.0024522781	        0.0003711723	        0.1000000000	        0.0010000000	        0.0666666667	        0.1000000000	        0.0010000000
        0.2906806794	        0.9869188547	        0.7368327577	        0.0326175912	       19.3016234026	        0.0004399235	        0.0024949226	        0.0027037696	        0.0003660394	        0.1000000000	        0.0010000000	        0.0666666667	        0.1000000000	        0.0010000000
        0.3225708876	        1.0071798675	        0.7327336746	        0.0262498655	       19.2186887069	        0.0004319128	        0.0026979190	        0.0029411844	        0.0003611169	        0.1000000000	        0.0010000000	        0.0666666667	        0.1000000000	        0.0010000000
        0.3571742551	        1.0266976403	        0.7286723303	        0.0207347307	       19.1292712473	        0.0004247891	        0.0028855978	        0.0031610054	        0.0003566104	        0.1000000000	        0.0010000000	        0.0666666667	        0.1000000000	        0.0010000000
        0.3945651751	        1.0454477843	        0.7246138526	        0.0159152972	       19.0319767290	        0.0004186262	        0.0030552602	        0.0033599538	        0.0003526752	        0.1000000000	        0.0010000000	        0.0666666667	        0.1000000000	        0.0010000000
        0.4347863703	        1.0633700321	        0.7205267032	        0.0116679216	       18.9273825339	        0.0004135876	        0.0032044073	        0.0035350054	        0.0003494331	        0.1000000000	        0.0010000000	        0.0666666667	        0.1000000000	        0.0010000000
        0.4778426900	        1.0803709978	        0.7163813972	        0.0078354403	       18.8142801252	        0.0004097411	        0.0033308212	        0.0036834815	        0.0003469910	        0.1000000000	        0.0010000000	        0.0666666667	        0.1000000000	        0.0010000000
        0.5236952751	        1.0963262721	        0.7121493561	        0.0042751162	       18.6946341866	        0.0004071917	        0.0034327070	        0.0038032145	        0.0003454602	        0.1000000000	        0.0010000000	        0.0666666667	        0.1000000000	        0.0010000000
        0.5722565058	        1.1110821772	        0.7078020070	        0.0008794147	       18.5673442281	        0.0004061677	        0.0035088951	        0.0038927845	        0.0003449601	        0.1000000000	        0.0010000000	        0.0666666667	        0.1000000000	        0.0010000000
        0.6233861842	        1.1244575578	        0.7033102771	       -0.0025600567	       18.4337175275	        0.0004067676	        0.0035591054	        0.0039518301	        0.0003456440	        0.1000000000	        0.0010000000	        0.0666666667	        0.1000000000	        0.0010000000
        0.6768894010	        1.1362461214	        0.6986438790	       -0.0063507726	       18.2925593640	        0.0004089943	        0.0035842834	        0.0039814433	        0.0003477533	        0.1000000000	        0.0010000000	        0.0666666667	        0.1000000000	        0.0010000000
        0.7325164896	        1.1462201343	        0.6937703993	       -0.0106367626	       18.1453382480	        0.0004130538	        0.0035870323	        0.0039846766	        0.0003516150	        0.1000000000	        0.0010000000	        0.0666666667	        0.1000000000	        0.0010000000
        0.7899653716	        1.1541368383	        0.6886562335	       -0.0154451187	       17.9936019608	        0.0004195491	        0.0035721984	        0.0039672291	        0.0003575778	        0.1000000000	        0.0010000000	        0.0666666667	        0.1000000000	        0.0010000000
        0.8488864424	        1.1597498644	        0.6832704807	       -0.0208281493	       17.8368002388	        0.0004289834	        0.0035478413	        0.0039385828	        0.0003659481	        0.1000000000	        0.0010000000	        0.0666666667	        0.1000000000	        0.0010000000
        0.9088899606	        1.1628290197	        0.6775939058	       -0.0268019357	       17.6765713919	        0.0004417593	        0.0035282514	        0.0039155454	        0.0003757817	        0.1000000000	        0.0010000000	        0.0666666667	        0.1000000000	        0.0010000000
        0.9695556872	        1.1631883161	        0.6716758158	       -0.0330928119	       17.5129693777	        0.0004576902	        0.0035847109	        0.0039819461	        0.0003914500	        0.1000000000	        0.0010000000	        0.0666666667	        0.1000000000	        0.0010000000
        1.0304443128	        1.1608373007	        0.6656297716	       -0.0396071925	       17.3486402200	        0.0004773852	        0.0037098388	        0.0041291613	        0.0004126981	        0.1000000000	        0.0010000000	        0.0666666667	        0.1000000000	        0.0010000000
        1.0911100394	        1.1559682136	        0.6595119679	       -0.0461941708	       17.1842275957	        0.0005005607	        0.0038334222	        0.0042746301	        0.0004356573	        0.1000000000	        0.0010000000	        0.0666666667	        0.1000000000	        0.0010000000
        1.1511135576	        1.1488080456	        0.6533168469	       -0.0526274940	       17.0200964921	        0.0005268886	        0.0039416114	        0.0044020332	        0.0004614131	        0.1000000000	        0.0010000000	        0.0666666667	        0.1000000000	        0.0010000000
        1.2100346284	        1.1395935948	        0.6470322839	       -0.0588066109	       16.8584701079	        0.0005560975	        0.0040264427	        0.0045019641	        0.0004896390	        0.1000000000	        0.0010000000	        0.0666666667	        0.1000000000	        0.0010000000
        1.2674835104	        1.1285581638	        0.6406468476	       -0.0648679866	       16.7000891559	        0.0005877646	        0.0040828717	        0.0045684534	        0.0005199154	        0.1000000000	        0.0010000000	        0.0666666667	        0.1000000000	        0.0010000000
        1.3231105990	        1.1159244770	        0.6341512013	       -0.0710379108	       16.5457077706	        0.0006209761	        0.0041079168	        0.0045979674	        0.0005518625	        0.1000000000	        0.0010000000	        0.0666666667	        0.1000000000	        0.0010000000
        1.3766138158	        1.1019006953	        0.6275376206	       -0.0774750291	       16.3957884128	        0.0006560599	        0.0041001907	        0.0045888624	        0.0005851532	        0.1000000000	        0.0010000000	        0.0666666667	        0.1000000000	        0.0010000000
        1.4277434942	        1.0866779143	        0.6207993795	       -0.0844466536	       16.2520577104	        0.0006933261	        0.0040595707	        0.0045409966	        0.0006195189	        0.1000000000	        0.0010000000	        0.0666666667	        0.1000000000	        0.0010000000
        1.4763047249	        1.0704283800	        0.6139293839	       -0.0920171816	       16.1147804953	        0.0007321816	        0.0039869331	        0.0044554184	        0.0006547238	        0.1000000000	        0.0010000000	        0.0666666667	        0.1000000000	        0.0010000000
        1.5221573100	        1.0533040633	        0.6069197173	       -0.1002758435	       15.9839701866	        0.0007717192	        0.0038839222	        0.0043340925	        0.0006905198	        0.1000000000	        0.0010000000	        0.0666666667	        0.1000000000	        0.0010000000
        1.5652136297	        1.0354354097	        0.5997608569	       -0.1094104701	       15.8604338645	        0.0008118600	        0.0037527442	        0.0041796571	        0.0007266649	        0.1000000000	        0.0010000000	        0.0666666667	        0.1000000000	        0.0010000000
        1.6054348249	        1.0169301420	        0.5924403712	       -0.1196021761	       15.7447404407	        0.0008527103	        0.0035959868	        0.0039952094	        0.0007629295	        0.1000000000	        0.0010000000	        0.0666666667	        0.1000000000	        0.0010000000
        1.6428257449	        0.9978719893	        0.5849415562	       -0.1308503508	       15.6357912503	        0.0008940678	        0.0034164653	        0.0037841240	        0.0007990497	        0.1000000000	        0.0010000000	        0.0666666667	        0.1000000000	        0.0010000000
        1.6774291124	        0.9783191878	        0.5772423793	       -0.1432761750	       15.5343086453	        0.0009360758	        0.0032171004	        0.0035499095	        0.0008347052	        0.1000000000	        0.0010000000	        0.0666666667	        0.1000000000	        0.0010000000
        1.7093193206	        0.9583025601	        0.5693135663	       -0.1570927040	       15.4406303036	        0.0009785847	        0.0030008382	        0.0032961158	        0.0008695324	        0.1000000000	        0.0010000000	        0.0666666667	        0.1000000000	        0.0010000000
        1.7385962156	        0.9378229523	        0.5611159197	       -0.1725614588	       15.3531586582	        0.0010216654	        0.0027706190	        0.0030263012	        0.0009031105	        0.1000000000	        0.0010000000	        0.0666666667	        0.1000000000	        0.0010000000
        1.7653791443	        0.9168477796	        0.5525968347	       -0.1899514605	       15.2727229735	        0.0010649480	        0.0025294017	        0.0027440666	        0.0009349168	        0.1000000000	        0.0010000000	        0.0666666667	        0.1000000000	        0.0010000000
        1.7898014704	        0.8953064264	        0.5436858089	       -0.2096120733	       15.1990986050	        0.0011083761	        0.0022802476	        0.0024531629	        0.0009642654	        0.1000000000	        0.0010000000	        0.0666666667	        0.1000000000	        0.0010000000
        1.8120056873	        0.8730843050	        0.5342884206	       -0.2319951760	       15.1313824693	        0.0011520674	        0.0020264572	        0.0021576628	        0.0009902243	        0.1000000000	        0.0010000000	        0.0666666667	        0.1000000000	        0.0010000000
        1.8321391985	        0.8500155583	        0.5242783492	       -0.2577641874	       15.0690861307	        0.0011963016	        0.0017717373	        0.0018621729	        0.0010114989	        0.1000000000	        0.0010000000	        0.0666666667	        0.1000000000	        0.0010000000
        1.8503507799	        0.8258748280	        0.5134869493	       -0.2875196854	       15.0123342609	        0.0012407765	        0.0015203501	        0.0015720245	        0.0010262448	        0.1000000000	        0.0010000000	        0.0666666667	        0.1000000000	        0.0010000000
        1.8667877045	        0.8003694465	        0.5016909297	       -0.3218538194	       14.9607986370	        0.0012853608	        0.0012771640	        0.0012933476	        0.0010318143	        0.1000000000	        0.0010000000	        0.0666666667	        0.1000000000	        0.0010000000
        1.8815934821	        0.7731352016	        0.4885994794	       -0.3613546264	       14.9129514757	        0.0013300940	        0.0010475123	        0.0010329050	        0.0010245027	        0.1000000000	        0.0010000000	        0.0666666667	        0.1000000000	        0.0010000000
        1.8949061510	        0.7437419387	        0.4738458139	       -0.4066646752	       14.8702224350	        0.0013752992	        0.0008367867	        0.0007975780	        0.0009994370	        0.1000000000	        0.0010000000	        0.0666666667	        0.1000000000	        0.0010000000
        1.9068570493	        0.7117196735	        0.4569952996	       -0.4586623093	       14.8302405522	        0.0014212963	        0.0006497748	        0.0005934787	        0.0009509942	        0.1000000000	        0.0010000000	        0.0666666667	        0.1000000000	        0.0010000000
        1.9175699947	        0.6766198285	        0.4375931551	       -0.5171133285	       14.7941254088	        0.0014674777	        0.0004898852	        0.0004248130	        0.0008743607	        0.1000000000	        0.0010000000	        0.0666666667	        0.1000000000	        0.0010000000
        1.9271607996	        0.6381237956	        0.4152822671	       -0.5823213582	       14.7617775494	        0.0015140548	        0.0003585176	        0.0002928125	        0.0007687355	        0.1000000000	        0.0010000000	        0.0666666667	        0.1000000000	        0.0010000000
        1.9357370589	        0.5961925024	        0.3899887921	       -0.6543335500	       14.7315746976	        0.0015611285	        0.0002548552	        0.0001952197	        0.0006407745	        0.1000000000	        0.0010000000	        0.0666666667	        0.1000000000	        0.0010000000
        1.9433981504	        0.5512121028	        0.3620902814	       -0.7313652460	       14.7037235460	        0.0016078143	        0.0001761925	        0.0001267882	        0.0005044843	        0.1000000000	        0.0010000000	        0.0666666667	        0.1000000000	        0.0010000000
        1.9502353978	        0.5040536131	        0.3324164578	       -0.8135762326	       14.6786288308	        0.0016546367	        0.0001186499	        0.0000807905	        0.0003759144	        0.1000000000	        0.0010000000	        0.0666666667	        0.1000000000	        0.0010000000
        1.9563323538	        0.4559755064	        0.3020317746	       -0.8985424258	       14.6558568223	        0.0017007039	        0.0000779548	        0.0000507551	        0.0002667197	        0.1000000000	        0.0010000000	        0.0666666667	        0.1000000000	        0.0010000000
        1.9617651675	        0.4083810036	        0.2719542087	       -0.9853778015	       14.6347710711	        0.0017461274	        0.0000500456	        0.0000315005	        0.0001815211	        0.1000000000	        0.0010000000	        0.0666666667	        0.1000000000	        0.0010000000
        1.9666030060	        0.3625389375	        0.2429736783	       -1.0722594675	       14.6152860742	        0.0017903772	        0.0000314293	        0.0000193120	        0.0001192701	        0.1000000000	        0.0010000000	        0.0666666667	        0.1000000000	        0.0010000000
        1.9709085097	        0.3193930018	        0.2156078301	       -1.1570042360	       14.5976067248	        0.0018326683	        0.0000193214	        0.0000116795	        0.0000760184	        0.1000000000	        0.0010000000	        0.0666666667	        0.1000000000	        0.0010000000
        1.9747382607	        0.2795079491	        0.1901404293	       -1.2392744926	       14.5818803202	        0.0018732903	        0.0000116286	        0.0000069546	        0.0000471341	        0.1000000000	        0.0010000000	        0.0666666667	        0.1000000000	        0.0010000000
        1.9781432525	        0.2431189446	        0.1666842060	       -1.3185138330	       14.5675425468	        0.0019121961	        0.0000068484	        0.0000040681	        0.0000284671	        0.1000000000	        0.0010000000	        0.0666666667	        0.1000000000	        0.0010000000
        1.9811693494	        0.2102232667	        0.1452393533	       -1.3936303938	       14.5543358364	        0.0019489764	        0.0000039418	        0.0000023318	        0.0000167462	        0.1000000000	        0.0010000000	        0.0666666667	        0.1000000000	        0.0010000000
        1.9838577298	        0.1806700235	        0.1257379520	       -1.4632993610	       14.5424024918	        0.0019830674	        0.0000022129	        0.0000013058	        0.0000095826	        0.1000000000	        0.0010000000	        0.0666666667	        0.1000000000	        0.0010000000
        1.9862453073	        0.1542290304	        0.1080742656	       -1.5274912435	       14.5316386008	        0.0020145125	        0.0000012079	        0.0000007117	        0.0000053200	        0.1000000000	        0.0010000000	        0.0666666667	        0.1000000000	        0.0010000000
        1.9883651267	        0.1306367393	        0.0921238745	       -1.5868342983	       14.5218178303	        0.0020436548	        0.0000006382	        0.0000003758	        0.0000028537	        0.1000000000	        0.0010000000	        0.0666666667	        0.1000000000	        0.0010000000
        1.9902467340	        0.1096239392	        0.0777553980	       -1.6415742487	       14.5128534900	        0.0020706183	        0.0000003244	        0.0000001909	        0.0000014702	        0.1000000000	        0.0010000000	        0.0666666667	        0.1000000000	        0.0010000000
        1.9919165179	        0.0909310293	        0.0648375632	       -1.6916320518	       14.5047779586	        0.0020953470	        0.0000001572	        0.0000000925	        0.0000007212	        0.1000000000	        0.0010000000	        0.0666666667	        0.1000000000	        0.0010000000
        1.9933980257	        0.0743155698	        0.0532433112	       -1.7370782578	       14.4975805572	        0.0021178578	        0.0000000717	        0.0000000422	        0.0000003326	        0.1000000000	        0.0010000000	        0.0666666667	        0.1000000000	        0.0010000000
        1.9947122508	        0.0595553336	        0.0428520407	       -1.7781129937	       14.4912138470	        0.0021382342	        0.0000000302	        0.0000000178	        0.0000001415	        0.1000000000	        0.0010000000	        0.0666666667	        0.1000000000	        0.0010000000
        1.9958778967	        0.0464488819	        0.0335507355	       -1.8150103597	       14.4856114652	        0.0021565984	        0.0000000114	        0.0000000067	        0.0000000539	        0.1000000000	        0.0010000000	        0.0666666667	        0.1000000000	        0.0010000000
        1.9969116151	        0.0348148565	        0.0252344329	       -1.8480812449	       14.4806993825	        0.0021730929	        0.0000000037	        0.0000000022	        0.0000000175	        0.1000000000	        0.0010000000	        0.0666666667	        0.1000000000	        0.0010000000
        1.9978282231	        0.0244906672	        0.0178062954	       -1.8776489049	       14.4764027776	        0.0021878687	        0.0000000009	        0.0000000005	        0.0000000044	        0.1000000000	        0.0010000000	        0.0666666667	        0.1000000000	        0.0010000000
        1.9986408981	        0.0153309425	        0.0111774473	       -1.9040333294	       14.4726500298	        0.0022010773	        0.0000000001	        0.0000000001	        0.0000000007	        0.1000000000	        0.0010000000	        0.0666666667	        0.1000000000	        0.0010000000
        1.9993613540	        0.0072059378	        0.0052666679	       -1.9275416219	       14.4693748474	        0.0022128651	        0.0000000000	        0.0000000000	        0.0000000000	        0.1000000000	        0.0010000000	        0.0666666667	        0.1000000000	        0.0010000000
        2.0000000000	        0.0000000000	        0.0000000000	       -1.9484624480	       14.4665172148	        0.0022233709	        0.0000000000	        0.0000000000	        0.0000000000	        0.0000000000	        0.0010000000	        0.0000000000	        0.1000000000	        0.0010000000
