        0.0000000000	        0.0000000000	        1.0000000000	        5.7282948459	       30.0721876987	        0.0005560177	        0.0000000000	        0.0000000000	        0.0000000000	        0.0000000000	        0.0010000000	        0.0000000000	        0.1000000000	        0.0010000000
        0.0006386460	        0.0062815215	        0.9986077756	        5.3685289479	       30.0603928596	        0.0005254654	        0.0000000000	        0.0000000000	        0.0000000000	        0.1000000000	        0.0010000000	        0.0666666667	        0.1000000000	        0.0010000000
        0.0013591019	        0.0133634033	        0.9971244914	        4.9858335742	       30.0474707158	        0.0004930729	        0.0000000000	        0.0000000000	        0.0000000000	        0.1000000000	        0.0010000000	        0.0666666667	        0.1000000000	        0.0010000000
        0.0021717769	        0.0213461486	        0.9955545188	        4.5824781157	       30.0333458738	        0.0004590629	        0.0000000002	        0.0000000001	        0.0000000002	        0.1000000000	        0.0010000000	        0.0666666667	        0.1000000000	        0.0010000000
        0.0030883849	        0.0303424704	        0.9939044294	        4.1619373964	       30.0179360489	        0.0004237624	        0.0000000009	        0.0000000005	        0.0000000008	        0.1000000000	        0.0010000000	        0.0666666667	        0.1000000000	        0.0010000000
        0.0041221033	        0.0404786494	        0.9921829414	        3.7290741550	       30.0011449366	        0.0003876166	        0.0000000029	        0.0000000015	        0.0000000024	        0.1000000000	        0.0010000000	        0.0666666667	        0.1000000000	        0.0010000000
        0.0052877492	        0.0518959929	        0.9904006395	        3.2902575049	       29.9828494713	        0.0003511931	        0.0000000077	        0.0000000041	        0.0000000060	        0.1000000000	        0.0010000000	        0.0666666667	        0.1000000000	        0.0010000000
        0.0066019743	        0.0647523693	        0.9885694181	        2.8533452672	       29.9628782100	        0.0003151734	        0.0000000188	        0.0000000099	        0.0000000131	        0.1000000000	        0.0010000000	        0.0666666667	        0.1000000000	        0.0010000000
        0.0080834821	        0.0792237654	        0.9867016243	        2.4274148805	       29.9409759509	        0.0002803155	        0.0000000423	        0.0000000219	        0.0000000261	        0.1000000000	        0.0010000000	        0.0666666667	        0.1000000000	        0.0010000000
        0.0097532660	        0.0955057554	        0.9848089303	        2.0220630309	       29.9167473178	        0.0002473737	        0.0000000895	        0.0000000455	        0.0000000488	        0.1000000000	        0.0010000000	        0.0666666667	        0.1000000000	        0.0010000000
        0.0116348733	        0.1138146731	        0.9829010110	        1.6459986421	       29.8895686029	        0.0002169458	        0.0000001808	        0.0000000903	        0.0000000865	        0.1000000000	        0.0010000000	        0.0666666667	        0.1000000000	        0.0010000000
        0.0137546927	        0.1343880913	        0.9809840960	        1.3052350417	       29.8585486085	        0.0001893057	        0.0000003518	        0.0000001719	        0.0000001469	        0.1000000000	        0.0010000000	        0.0666666667	        0.1000000000	        0.0010000000
        0.0161422702	        0.1574838909	        0.9790593254	        1.0055834290	       29.8232270611	        0.0001648919	        0.0000006637	        0.0000003163	        0.0000002413	        0.1000000000	        0.0010000000	        0.0666666667	        0.1000000000	        0.0010000000
        0.0188306506	        0.1833766459	        0.9771214657	        0.7491823331	       29.7836434503	        0.0001440462	        0.0000012200	        0.0000005659	        0.0000003873	        0.1000000000	        0.0010000000	        0.0666666667	        0.1000000000	        0.0010000000
        0.0218567475	        0.2123491354	        0.9751577185	        0.5363824924	       29.7395580213	        0.0001269163	        0.0000021924	        0.0000009892	        0.0000006127	        0.1000000000	        0.0010000000	        0.0666666667	        0.1000000000	        0.0010000000
        0.0252617393	        0.2446754223	        0.9731470842	        0.3663651614	       29.6901261059	        0.0001134126	        0.0000038610	        0.0000016968	        0.0000009630	        0.1000000000	        0.0010000000	        0.0666666667	        0.1000000000	        0.0010000000
        0.0290914903	        0.2805901660	        0.9710608794	        0.2358486115	       29.6349613272	        0.0001033159	        0.0000066737	        0.0000028678	        0.0000015131	        0.1000000000	        0.0010000000	        0.0666666667	        0.1000000000	        0.0010000000
        0.0333969940	        0.3202373599	        0.9688643242	        0.1388296707	       29.5739222267	        0.0000962738	        0.0000113304	        0.0000047902	        0.0000023848	        0.1000000000	        0.0010000000	        0.0666666667	        0.1000000000	        0.0010000000
        0.0382348325	        0.3635926771	        0.9665187534	        0.0692125185	       29.5055277191	        0.0000919130	        0.0000188935	        0.0000079251	        0.0000037727	        0.1000000000	        0.0010000000	        0.0666666667	        0.1000000000	        0.0010000000
        0.0436676462	        0.4103616629	        0.9639854745	        0.0203722747	       29.4299700507	        0.0000898424	        0.0000309194	        0.0000129927	        0.0000059714	        0.1000000000	        0.0010000000	        0.0666666667	        0.1000000000	        0.0010000000
        0.0497646022	        0.4598770239	        0.9612308615	       -0.0139151793	       29.3467459367	        0.0000897363	        0.0000495843	        0.0000210842	        0.0000093973	        0.1000000000	        0.0010000000	        0.0666666667	        0.1000000000	        0.0010000000
        0.0566018496	        0.5110509406	        0.9582325327	       -0.0387741644	       29.2537264487	        0.0000913865	        0.0000777512	        0.0000337725	        0.0000145775	        0.1000000000	        0.0010000000	        0.0666666667	        0.1000000000	        0.0010000000
        0.0642629411	        0.5624575649	        0.9549853986	       -0.0580388042	       29.1509871187	        0.0000947162	        0.0001188907	        0.0000531339	        0.0000220619	        0.1000000000	        0.0010000000	        0.0666666667	        0.1000000000	        0.0010000000
        0.0728392004	        0.6125781445	        0.9515037643	       -0.0741991840	       29.0382994558	        0.0000997780	        0.0001767773	        0.0000815137	        0.0000322363	        0.1000000000	        0.0010000000	        0.0666666667	        0.1000000000	        0.0010000000
        0.0824300053	        0.6601275161	        0.9478144847	       -0.0886094710	       28.9127551246	        0.0001067324	        0.0002549537	        0.0001209183	        0.0000451231	        0.1000000000	        0.0010000000	        0.0666666667	        0.1000000000	        0.0010000000
        0.0931429507	        0.7042964455	        0.9439409000	       -0.1017755679	       28.7744741756	        0.0001158085	        0.0003560832	        0.0001722967	        0.0000603756	        0.1000000000	        0.0010000000	        0.0666666667	        0.1000000000	        0.0010000000
        0.1050938490	        0.7448004316	        0.9398867109	       -0.1136184771	       28.6223749098	        0.0001272611	        0.0004813865	        0.0002353523	        0.0000775541	        0.1000000000	        0.0010000000	        0.0666666667	        0.1000000000	        0.0010000000
        0.1184065179	        0.7817651976	        0.9356299892	       -0.1237849636	       28.4534713357	        0.0001413325	        0.0006303398	        0.0003090325	        0.0000964275	        0.1000000000	        0.0010000000	        0.0666666667	        0.1000000000	        0.0010000000
        0.1332122955	        0.8155545295	        0.9311269350	       -0.1317784708	       28.2681915826	        0.0001581659	        0.0008007134	        0.0003920208	        0.0001169951	        0.1000000000	        0.0010000000	        0.0666666667	        0.1000000000	        0.0010000000
        0.1496492201	        0.8466227954	        0.9263199174	       -0.1371458978	       28.0644275741	        0.0001778417	        0.0009889153	        0.0004831779	        0.0001394011	        0.1000000000	        0.0010000000	        0.0666666667	        0.1000000000	        0.0010000000
        0.1678608015	        0.8754200591	        0.9211445564	       -0.1395921955	       27.8408020319	        0.0002002827	        0.0011905081	        0.0005813581	        0.0001637355	        0.1000000000	        0.0010000000	        0.0666666667	        0.1000000000	        0.0010000000
        0.1879943127	        0.9023433615	        0.9155342295	       -0.1391268543	       27.5945817227	        0.0002252761	        0.0014007396	        0.0006853245	        0.0001899663	        0.1000000000	        0.0010000000	        0.0666666667	        0.1000000000	        0.0010000000
        0.2101985296	        0.9277180029	        0.9094226311	       -0.1356994718	       27.3245914380	        0.0002524696	        0.0016149608	        0.0007936559	        0.0002179028	        0.1000000000	        0.0010000000	        0.0666666667	        0.1000000000	        0.0010000000
        0.2346208557	        0.9517949682	        0.9027459788	       -0.1294543411	       27.0300887584	        0.0002813209	        0.0018288748	        0.0009045672	        0.0002471439	        0.1000000000	        0.0010000000	        0.0666666667	        0.1000000000	        0.0010000000
        0.2614037844	        0.9747556038	        0.8954450877	       -0.1208856981	       26.7078500957	        0.0003111714	        0.0020386284	        0.0010161348	        0.0002771424	        0.1000000000	        0.0010000000	        0.0666666667	        0.1000000000	        0.0010000000
        0.2906806794	        0.9967186801	        0.8874677076	       -0.1108129812	       26.3571611080	        0.0003413783	        0.0022407948	        0.0011266182	        0.0003073320	        0.1000000000	        0.0010000000	        0.0666666667	        0.1000000000	        0.0010000000
        0.3225708876	        1.0177474868	        0.8787692863	       -0.1001277566	       25.9761295809	        0.0003713208	        0.0024323087	        0.0012342890	        0.0003371444	        0.1000000000	        0.0010000000	        0.0666666667	        0.1000000000	        0.0010000000
        0.3571742551	        1.0378559962	        0.8693131196	       -0.0897229236	       25.5627270767	        0.0004005475	        0.0026104026	        0.0013378694	        0.0003661523	        0.1000000000	        0.0010000000	        0.0666666667	        0.1000000000	        0.0010000000
        0.3945651751	        1.0570138512	        0.8590711208	       -0.0807601842	       25.1154198387	        0.0004289244	        0.0027725752	        0.0014367942	        0.0003942139	        0.1000000000	        0.0010000000	        0.0666666667	        0.1000000000	        0.0010000000
        0.4347863703	        1.0751502431	        0.8480209317	       -0.0737735293	       24.6338623786	        0.0004566190	        0.0029166206	        0.0015310636	        0.0004214678	        0.1000000000	        0.0010000000	        0.0666666667	        0.1000000000	        0.0010000000
        0.4778426900	        1.0921569195	        0.8361452113	       -0.0693654746	       24.1152686627	        0.0004841410	        0.0030407176	        0.0016213640	        0.0004483737	        0.1000000000	        0.0010000000	        0.0666666667	        0.1000000000	        0.0010000000
        0.5236952751	        1.1078906510	        0.8234282226	       -0.0674258799	       23.5622405796	        0.0005122370	        0.0031435976	        0.0017088117	        0.0004756187	        0.1000000000	        0.0010000000	        0.0666666667	        0.1000000000	        0.0010000000
        0.5722565058	        1.1221756007	        0.8098562187	       -0.0677260818	       22.9725552763	        0.0005417220	        0.0032247844	        0.0017947255	        0.0005039608	        0.1000000000	        0.0010000000	        0.0666666667	        0.1000000000	        0.0010000000
        0.6233861842	        1.1348062304	        0.7954192479	       -0.0705005609	       22.3493876867	        0.0005735471	        0.0032849254	        0.0018807207	        0.0005342923	        0.1000000000	        0.0010000000	        0.0666666667	        0.1000000000	        0.0010000000
        0.6768894010	        1.1455516853	        0.7801100804	       -0.0770234512	       21.6935006683	        0.0006090248	        0.0033262452	        0.0019689290	        0.0005678547	        0.1000000000	        0.0010000000	        0.0666666667	        0.1000000000	        0.0010000000
        0.7325164896	        1.1541632044	        0.7639186145	       -0.0882984264	       21.0078119476	        0.0006503728	        0.0033531919	        0.0020637860	        0.0006067577	        0.1000000000	        0.0010000000	        0.0666666667	        0.1000000000	        0.0010000000
        0.7899653716	        1.1603870937	        0.7468334400	       -0.1027695180	       20.2962497344	        0.0006998273	        0.0033734763	        0.0021711046	        0.0006531753	        0.1000000000	        0.0010000000	        0.0666666667	        0.1000000000	        0.0010000000
        0.8488864424	        1.1639868790	        0.7288715538	       -0.1195636925	       19.5649628885	        0.0007588264	        0.0034009884	        0.0022970961	        0.0007086469	        0.1000000000	        0.0010000000	        0.0666666667	        0.1000000000	        0.0010000000
        0.9088899606	        1.1647697462	        0.7101037118	       -0.1387851488	       18.8204452015	        0.0008285134	        0.0035102077	        0.0024497039	        0.0007754163	        0.1000000000	        0.0010000000	        0.0666666667	        0.1000000000	        0.0010000000
        0.9695556872	        1.1627544599	        0.6906299472	       -0.1585125718	       18.0693742985	        0.0009095187	        0.0036990566	        0.0026270762	        0.0008541843	        0.1000000000	        0.0010000000	        0.0666666667	        0.1000000000	        0.0010000000
        1.0304443128	        1.1581642327	        0.6705325102	       -0.1758021339	       17.3191674709	        0.0010008097	        0.0038906688	        0.0028159158	        0.0009429013	        0.1000000000	        0.0010000000	        0.0666666667	        0.1000000000	        0.0010000000
        1.0911100394	        1.1512534007	        0.6498781363	       -0.1894670843	       16.5784727131	        0.0010999786	        0.0040664575	        0.0030038947	        0.0010390689	        0.1000000000	        0.0010000000	        0.0666666667	        0.1000000000	        0.0010000000
        1.1511135576	        1.1422760930	        0.6287423097	       -0.1991839914	       15.8539479181	        0.0012043590	        0.0042184525	        0.0031815339	        0.0011400613	        0.1000000000	        0.0010000000	        0.0666666667	        0.1000000000	        0.0010000000
        1.2100346284	        1.1314790644	        0.6072144288	       -0.2021372706	       15.1503931984	        0.0013104343	        0.0043412072	        0.0033397224	        0.0012424436	        0.1000000000	        0.0010000000	        0.0666666667	        0.1000000000	        0.0010000000
        1.2674835104	        1.1190971283	        0.5854043011	       -0.1968461186	       14.4756604463	        0.0014127108	        0.0044310201	        0.0034675041	        0.0013408939	        0.1000000000	        0.0010000000	        0.0666666667	        0.1000000000	        0.0010000000
        1.3231105990	        1.1053504599	        0.5634454632	       -0.1866612667	       13.8292302533	        0.0015071143	        0.0044855567	        0.0035601669	        0.0014314266	        0.1000000000	        0.0010000000	        0.0666666667	        0.1000000000	        0.0010000000
        1.3766138158	        1.0904425906	        0.5414895053	       -0.1765222148	       13.2158114960	        0.0015933208	        0.0045036330	        0.0036209636	        0.0015136239	        0.1000000000	        0.0010000000	        0.0666666667	        0.1000000000	        0.0010000000
        1.4277434942	        1.0745588193	        0.5196761421	       -0.1649550518	       12.6326209568	        0.0016712029	        0.0044851172	        0.0036506748	        0.0015872665	        0.1000000000	        0.0010000000	        0.0666666667	        0.1000000000	        0.0010000000
        1.4763047249	        1.0578650310	        0.4981209301	       -0.1486989585	       12.0839583002	        0.0017386984	        0.0044308097	        0.0036464175	        0.0016503053	        0.1000000000	        0.0010000000	        0.0666666667	        0.1000000000	        0.0010000000
        1.5221573100	        1.0405067552	        0.4769289946	       -0.1268795732	       11.5677656662	        0.0017946748	        0.0043422546	        0.0036099377	        0.0017015822	        0.1000000000	        0.0010000000	        0.0666666667	        0.1000000000	        0.0010000000
        1.5652136297	        1.0226083190	        0.4562029869	       -0.0978811235	       11.0837797408	        0.0018374245	        0.0042215652	        0.0035432681	        0.0017394009	        0.1000000000	        0.0010000000	        0.0666666667	        0.1000000000	        0.0010000000
        1.6054348249	        1.0042720691	        0.4360452120	       -0.0640416694	       10.6302320334	        0.0018665819	        0.0040712643	        0.0034498962	        0.0017633441	        0.1000000000	        0.0010000000	        0.0666666667	        0.1000000000	        0.0010000000
        1.6428257449	        0.9855776963	        0.4165373964	       -0.0240722355	       10.2041227417	        0.0018815504	        0.0038941912	        0.0033305055	        0.0017727789	        0.1000000000	        0.0010000000	        0.0666666667	        0.1000000000	        0.0010000000
        1.6774291124	        0.9665815934	        0.3977343271	        0.0227324069	        9.8055538683	        0.0018819999	        0.0036933834	        0.0031857173	        0.0017673259	        0.1000000000	        0.0010000000	        0.0666666667	        0.1000000000	        0.0010000000
        1.7093193206	        0.9473159531	        0.3796653939	        0.0801109624	        9.4314539488	        0.0018676985	        0.0034719594	        0.0030170853	        0.0017466951	        0.1000000000	        0.0010000000	        0.0666666667	        0.1000000000	        0.0010000000
        1.7385962156	        0.9277872759	        0.3623439458	        0.1484930319	        9.0796674632	        0.0018378701	        0.0032330189	        0.0028260835	        0.0017100828	        0.1000000000	        0.0010000000	        0.0666666667	        0.1000000000	        0.0010000000
        1.7653791443	        0.9079739834	        0.3457689011	        0.2268466662	        8.7490833545	        0.0017929712	        0.0029796091	        0.0026162737	        0.0016578268	        0.1000000000	        0.0010000000	        0.0666666667	        0.1000000000	        0.0010000000
        1.7898014704	        0.8878228431	        0.3299265732	        0.3139244766	        8.4372827354	        0.0017340245	        0.0027147521	        0.0023916604	        0.0015907562	        0.1000000000	        0.0010000000	        0.0666666667	        0.1000000000	        0.0010000000
        1.8120056873	        0.8672438493	        0.3147886713	        0.4082339796	        8.1433500667	        0.0016627300	        0.0024415509	        0.0021561770	        0.0015102603	        0.1000000000	        0.0010000000	        0.0666666667	        0.1000000000	        0.0010000000
        1.8321391985	        0.8461032501	        0.3003065023	        0.5067344786	        7.8647547193	        0.0015806312	        0.0021633743	        0.0019125488	        0.0014174882	        0.1000000000	        0.0010000000	        0.0666666667	        0.1000000000	        0.0010000000
        1.8503507799	        0.8242145178	        0.2864058482	        0.6054824488	        7.6008433237	        0.0014901015	        0.0018840911	        0.0016645904	        0.0013142020	        0.1000000000	        0.0010000000	        0.0666666667	        0.1000000000	        0.0010000000
        1.8667877045	        0.8013273640	        0.2729897089	        0.6993446674	        7.3510098131	        0.0013944286	        0.0016082865	        0.0014175472	        0.0012027531	        0.1000000000	        0.0010000000	        0.0666666667	        0.1000000000	        0.0010000000
        1.8815934821	        0.7771158524	        0.2599370977	        0.7826969725	        7.1148196187	        0.0012966893	        0.0013413875	        0.0011764048	        0.0010849899	        0.1000000000	        0.0010000000	        0.0666666667	        0.1000000000	        0.0010000000
        1.8949061510	        0.7511688711	        0.2470977324	        0.8497652461	        6.8914496875	        0.0011998669	        0.0010895532	        0.0009464281	        0.0009623270	        0.1000000000	        0.0010000000	        0.0666666667	        0.1000000000	        0.0010000000
        1.9068570493	        0.7229902365	        0.2342924156	        0.8949050372	        6.6790709392	        0.0011064073	        0.0008591924	        0.0007336130	        0.0008354888	        0.1000000000	        0.0010000000	        0.0666666667	        0.1000000000	        0.0010000000
        1.9175699947	        0.6920220455	        0.2213321019	        0.9122338658	        6.4800677082	        0.0010200924	        0.0006560875	        0.0005455185	        0.0007063147	        0.1000000000	        0.0010000000	        0.0666666667	        0.1000000000	        0.0010000000
        1.9271607996	        0.6577122902	        0.2080521837	        0.8974625991	        6.2931124791	        0.0009426994	        0.0004843440	        0.0003873494	        0.0005761238	        0.1000000000	        0.0010000000	        0.0666666667	        0.1000000000	        0.0010000000
        1.9357370589	        0.6196485682	        0.1943626347	        0.8461990928	        6.1171606562	        0.0008756742	        0.0003455426	        0.0002622555	        0.0004486909	        0.1000000000	        0.0010000000	        0.0666666667	        0.1000000000	        0.0010000000
        1.9433981504	        0.5777558087	        0.1803261758	        0.7555537686	        5.9546845236	        0.0008211335	        0.0002384540	        0.0001702413	        0.0003314438	        0.1000000000	        0.0010000000	        0.0666666667	        0.1000000000	        0.0010000000
        1.9502353978	        0.5324939631	        0.1661924404	        0.6196107283	        5.8027395551	        0.0007790255	        0.0001594876	        0.0001068799	        0.0002319233	        0.1000000000	        0.0010000000	        0.0666666667	        0.1000000000	        0.0010000000
        1.9563323538	        0.4849262266	        0.1523173758	        0.4361435089	        5.6628356958	        0.0007501571	        0.0001036584	        0.0000656545	        0.0001550332	        0.1000000000	        0.0010000000	        0.0666666667	        0.1000000000	        0.0010000000
        1.9617651675	        0.4365532392	        0.1390237421	        0.1984284266	        5.5336633714	        0.0007345755	        0.0000656451	        0.0000397742	        0.0001002027	        0.1000000000	        0.0010000000	        0.0666666667	        0.1000000000	        0.0010000000
        1.9666030060	        0.3889633401	        0.1264978856	       -0.0960562680	        5.4151717762	        0.0007320003	        0.0000405984	        0.0000238339	        0.0000633109	        0.1000000000	        0.0010000000	        0.0666666667	        0.1000000000	        0.0010000000
        1.9709085097	        0.3434899855	        0.1147886615	       -0.4474003744	        5.3080646999	        0.0007420480	        0.0000245597	        0.0000141261	        0.0000393989	        0.1000000000	        0.0010000000	        0.0666666667	        0.1000000000	        0.0010000000
        1.9747382607	        0.3010336505	        0.1038579160	       -0.8593648041	        5.2104581069	        0.0007638883	        0.0000145448	        0.0000082648	        0.0000242264	        0.1000000000	        0.0010000000	        0.0666666667	        0.1000000000	        0.0010000000
        1.9781432525	        0.2620614890	        0.0936289192	       -1.3365626316	        5.1217388802	        0.0007971335	        0.0000084330	        0.0000047643	        0.0000147309	        0.1000000000	        0.0010000000	        0.0666666667	        0.1000000000	        0.0010000000
        1.9811693494	        0.2267053906	        0.0840179688	       -1.8726885308	        5.0418813146	        0.0008404784	        0.0000047829	        0.0000026971	        0.0000088345	        0.1000000000	        0.0010000000	        0.0666666667	        0.1000000000	        0.0010000000
        1.9838577298	        0.1948793627	        0.0749531648	       -2.4532029782	        4.9709826835	        0.0008918658	        0.0000026488	        0.0000014933	        0.0000052003	        0.1000000000	        0.0010000000	        0.0666666667	        0.1000000000	        0.0010000000
        1.9862453073	        0.1663756058	        0.0663822448	       -3.0746160392	        4.9083889492	        0.0009500427	        0.0000014280	        0.0000008058	        0.0000029893	        0.1000000000	        0.0010000000	        0.0666666667	        0.1000000000	        0.0010000000
        1.9883651267	        0.1409299184	        0.0582702765	       -3.7374578830	        4.8530855751	        0.0010141149	        0.0000007462	        0.0000004218	        0.0000016682	        0.1000000000	        0.0010000000	        0.0666666667	        0.1000000000	        0.0010000000
        1.9902467340	        0.1182613040	        0.0505949580	       -4.4308415873	        4.8041858105	        0.0010825894	        0.0000003755	        0.0000002128	        0.0000008965	        0.1000000000	        0.0010000000	        0.0666666667	        0.1000000000	        0.0010000000
        1.9919165179	        0.0980938404	        0.0433434267	       -5.1371106431	        4.7609254917	        0.0011537782	        0.0000001804	        0.0000001025	        0.0000004591	        0.1000000000	        0.0010000000	        0.0666666667	        0.1000000000	        0.0010000000
        1.9933980257	        0.0801676220	        0.0365093215	       -5.8406789746	        4.7226391720	        0.0012260452	        0.0000000817	        0.0000000465	        0.0000002208	        0.1000000000	        0.0010000000	        0.0666666667	        0.1000000000	        0.0010000000
        1.9947122508	        0.0642434333	        0.0300896277	       -6.5290778343	        4.6887448190	        0.0012979458	        0.0000000342	        0.0000000195	        0.0000000978	        0.1000000000	        0.0010000000	        0.0666666667	        0.1000000000	        0.0010000000
        1.9958778967	        0.0501040229	        0.0240819695	       -7.1928163900	        4.6587318636	        0.0013682874	        0.0000000128	        0.0000000073	        0.0000000387	        0.1000000000	        0.0010000000	        0.0666666667	        0.1000000000	        0.0010000000
        1.9969116151	        0.0375536366	        0.0184826564	       -7.8250630999	        4.6321513793	        0.0014361405	        0.0000000041	        0.0000000023	        0.0000000130	        0.1000000000	        0.0010000000	        0.0666666667	        0.1000000000	        0.0010000000
        1.9978282231	        0.0264167275	        0.0132855043	       -8.4212536291	        4.6086079116	        0.0015008231	        0.0000000010	        0.0000000006	        0.0000000034	        0.1000000000	        0.0010000000	        0.0666666667	        0.1000000000	        0.0010000000
        1.9986408981	        0.0165363333	        0.0084813103	       -8.9786881797	        4.5877526063	        0.0015618704	        0.0000000002	        0.0000000001	        0.0000000005	        0.1000000000	        0.0010000000	        0.0666666667	        0.1000000000	        0.0010000000
        1.9993613540	        0.0077723747	        0.0040578166	       -9.4961532662	        4.5692773732	        0.0016190013	        0.0000000000	        0.0000000000	        0.0000000000	        0.1000000000	        0.0010000000	        0.0666666667	        0.1000000000	        0.0010000000
        2.0000000000	        0.0000000000	        0.0000000000	       -9.9735852991	        4.5529098873	        0.0016720830	        0.0000000000	        0.0000000000	        0.0000000000	        0.0000000000	        0.0010000000	        0.0000000000	        0.1000000000	        0.0010000000
