        0.0000000000	        0.0000000000	        1.0000000000	        5.7282948459	       30.0721876987	        0.0005560177	        0.0000000000	        0.0000000000	        0.0000000000	        0.0000000000	        0.0010000000	        0.0000000000	        0.1000000000	        0.0010000000
        0.0006386460	        0.0063727536	        0.9981356101	        5.3685289479	       30.0603928596	        0.0005254654	        0.0000000000	        0.0000000000	        0.0000000000	        0.1000000000	        0.0010000000	        0.0666666667	        0.1000000000	        0.0010000000
        0.0013591019	        0.0135575801	        0.9961195977	        4.9858335742	       30.0474707158	        0.0004930729	        0.0000000000	        0.0000000000	        0.0000000001	        0.1000000000	        0.0010000000	        0.0666666667	        0.1000000000	        0.0010000000
        0.0021717769	        0.0216564778	        0.9939486186	        4.5824781157	       30.0333458738	        0.0004590629	        0.0000000002	        0.0000000001	        0.0000000003	        0.1000000000	        0.0010000000	        0.0666666667	        0.1000000000	        0.0010000000
        0.0030883849	        0.0307838428	        0.9916205606	        4.1619373964	       30.0179360489	        0.0004237624	        0.0000000009	        0.0000000005	        0.0000000013	        0.1000000000	        0.0010000000	        0.0666666667	        0.1000000000	        0.0010000000
        0.0041221033	        0.0410678499	        0.9891343734	        3.7290741550	       30.0011449366	        0.0003876166	        0.0000000029	        0.0000000017	        0.0000000040	        0.1000000000	        0.0010000000	        0.0666666667	        0.1000000000	        0.0010000000
        0.0052877492	        0.0526519349	        0.9864896595	        3.2902575049	       29.9828494713	        0.0003511931	        0.0000000079	        0.0000000047	        0.0000000103	        0.1000000000	        0.0010000000	        0.0666666667	        0.1000000000	        0.0010000000
        0.0066019743	        0.0656963545	        0.9836859772	        2.8533452672	       29.9628782100	        0.0003151734	        0.0000000193	        0.0000000113	        0.0000000235	        0.1000000000	        0.0010000000	        0.0666666667	        0.1000000000	        0.0010000000
        0.0080834821	        0.0803797666	        0.9807218341	        2.4274148805	       29.9409759509	        0.0002803155	        0.0000000434	        0.0000000255	        0.0000000494	        0.1000000000	        0.0010000000	        0.0666666667	        0.1000000000	        0.0010000000
        0.0097532660	        0.0969007160	        0.9775934036	        2.0220630309	       29.9167473178	        0.0002473737	        0.0000000919	        0.0000000541	        0.0000000981	        0.1000000000	        0.0010000000	        0.0666666667	        0.1000000000	        0.0010000000
        0.0116348733	        0.1154788053	        0.9742930537	        1.6459986421	       29.8895686029	        0.0002169458	        0.0000001860	        0.0000001094	        0.0000001860	        0.1000000000	        0.0010000000	        0.0666666667	        0.1000000000	        0.0010000000
        0.0137546927	        0.1363551350	        0.9708077749	        1.3052350417	       29.8585486085	        0.0001893057	        0.0000003625	        0.0000002133	        0.0000003404	        0.1000000000	        0.0010000000	        0.0666666667	        0.1000000000	        0.0010000000
        0.0161422702	        0.1597912522	        0.9671174795	        1.0055834290	       29.8232270611	        0.0001648919	        0.0000006852	        0.0000004034	        0.0000006065	        0.1000000000	        0.0010000000	        0.0666666667	        0.1000000000	        0.0010000000
        0.0188306506	        0.1860652546	        0.9631938011	        0.7491823331	       29.7836434503	        0.0001440462	        0.0000012618	        0.0000007436	        0.0000010588	        0.1000000000	        0.0010000000	        0.0666666667	        0.1000000000	        0.0010000000
        0.0218567475	        0.2154627169	        0.9589992597	        0.5363824924	       29.7395580213	        0.0001269163	        0.0000022722	        0.0000013409	        0.0000018194	        0.1000000000	        0.0010000000	        0.0666666667	        0.1000000000	        0.0010000000
        0.0252617393	        0.2482586287	        0.9544874950	        0.3663651614	       29.6901261059	        0.0001134126	        0.0000040105	        0.0000023727	        0.0000030876	        0.1000000000	        0.0010000000	        0.0666666667	        0.1000000000	        0.0010000000
        0.0290914903	        0.2846846313	        0.9496055593	        0.2358486115	       29.6349613272	        0.0001033159	        0.0000069488	        0.0000041283	        0.0000051818	        0.1000000000	        0.0010000000	        0.0666666667	        0.1000000000	        0.0010000000
        0.0333969940	        0.3248742781	        0.9442988247	        0.1388296707	       29.5739222267	        0.0000962738	        0.0000118279	        0.0000070757	        0.0000085982	        0.1000000000	        0.0010000000	        0.0666666667	        0.1000000000	        0.0010000000
        0.0382348325	        0.3687802516	        0.9385189619	        0.0692125185	       29.5055277191	        0.0000919130	        0.0000197776	        0.0000119628	        0.0000140791	        0.1000000000	        0.0010000000	        0.0666666667	        0.1000000000	        0.0010000000
        0.0436676462	        0.4160665982	        0.9322370745	        0.0203722747	       29.4299700507	        0.0000898424	        0.0000324611	        0.0000199733	        0.0000226663	        0.1000000000	        0.0010000000	        0.0666666667	        0.1000000000	        0.0010000000
        0.0497646022	        0.4660025567	        0.9254621315	       -0.0139151793	       29.3467459367	        0.0000897363	        0.0000522149	        0.0000329556	        0.0000356791	        0.1000000000	        0.0010000000	        0.0666666667	        0.1000000000	        0.0010000000
        0.0566018496	        0.5174204516	        0.9182627763	       -0.0387741644	       29.2537264487	        0.0000913865	        0.0000821243	        0.0000537285	        0.0000545040	        0.1000000000	        0.0010000000	        0.0666666667	        0.1000000000	        0.0010000000
        0.0642629411	        0.5688188329	        0.9107840766	       -0.0580388042	       29.1509871187	        0.0000947162	        0.0001259321	        0.0000863941	        0.0000800816	        0.1000000000	        0.0010000000	        0.0666666667	        0.1000000000	        0.0010000000
        0.0728392004	        0.6186388826	        0.9032412819	       -0.0741991840	       29.0382994558	        0.0000997780	        0.0001876843	        0.0001364162	        0.0001121754	        0.1000000000	        0.0010000000	        0.0666666667	        0.1000000000	        0.0010000000
        0.0824300053	        0.6656129019	        0.8958736139	       -0.0886094710	       28.9127551246	        0.0001067324	        0.0002711071	        0.0002100264	        0.0001489323	        0.1000000000	        0.0010000000	        0.0666666667	        0.1000000000	        0.0010000000
        0.0931429507	        0.7090003132	        0.8888700560	       -0.1017755679	       28.7744741756	        0.0001158085	        0.0003788759	        0.0003127490	        0.0001874218	        0.1000000000	        0.0010000000	        0.0666666667	        0.1000000000	        0.0010000000
        0.1050938490	        0.7486067605	        0.8823157491	       -0.1136184771	       28.6223749098	        0.0001272611	        0.0005120227	        0.0004477287	        0.0002250472	        0.1000000000	        0.0010000000	        0.0666666667	        0.1000000000	        0.0010000000
        0.1184065179	        0.7846395823	        0.8761929262	       -0.1237849636	       28.4534713357	        0.0001413325	        0.0006696736	        0.0006149059	        0.0002605964	        0.1000000000	        0.0010000000	        0.0666666667	        0.1000000000	        0.0010000000
        0.1332122955	        0.8175207504	        0.8704182404	       -0.1317784708	       28.2681915826	        0.0001581659	        0.0008491714	        0.0008112776	        0.0002941659	        0.1000000000	        0.0010000000	        0.0666666667	        0.1000000000	        0.0010000000
        0.1496492201	        0.8477387369	        0.8648815014	       -0.1371458978	       28.0644275741	        0.0001778417	        0.0010465087	        0.0010317745	        0.0003264828	        0.1000000000	        0.0010000000	        0.0666666667	        0.1000000000	        0.0010000000
        0.1678608015	        0.8757596035	        0.8594698432	       -0.1395921955	       27.8408020319	        0.0002002827	        0.0012569134	        0.0012702583	        0.0003583304	        0.1000000000	        0.0010000000	        0.0666666667	        0.1000000000	        0.0010000000
        0.1879943127	        0.9019850971	        0.8540786041	       -0.1391268543	       27.5945817227	        0.0002252761	        0.0014754103	        0.0015203542	        0.0003902759	        0.1000000000	        0.0010000000	        0.0666666667	        0.1000000000	        0.0010000000
        0.2101985296	        0.9267392309	        0.8486144480	       -0.1356994718	       27.3245914380	        0.0002524696	        0.0016972347	        0.0017760067	        0.0004225843	        0.1000000000	        0.0010000000	        0.0666666667	        0.1000000000	        0.0010000000
        0.2346208557	        0.9502691852	        0.8429958081	       -0.1294543411	       27.0300887584	        0.0002813209	        0.0019180540	        0.0020317554	        0.0004552117	        0.1000000000	        0.0010000000	        0.0666666667	        0.1000000000	        0.0010000000
        0.2614037844	        0.9727520404	        0.8371523583	       -0.1208856981	       26.7078500957	        0.0003111714	        0.0021340245	        0.0022827936	        0.0004878718	        0.1000000000	        0.0010000000	        0.0666666667	        0.1000000000	        0.0010000000
        0.2906806794	        0.9943029537	        0.8310239463	       -0.1108129812	       26.3571611080	        0.0003413783	        0.0023417457	        0.0025248998	        0.0005201522	        0.1000000000	        0.0010000000	        0.0666666667	        0.1000000000	        0.0010000000
        0.3225708876	        1.0149827981	        0.8245589875	       -0.1001277566	       25.9761295809	        0.0003713208	        0.0025381764	        0.0027543239	        0.0005516315	        0.1000000000	        0.0010000000	        0.0666666667	        0.1000000000	        0.0010000000
        0.3571742551	        1.0348045467	        0.8177126182	       -0.0897229236	       25.5627270767	        0.0004005475	        0.0027205611	        0.0029676889	        0.0005819792	        0.1000000000	        0.0010000000	        0.0666666667	        0.1000000000	        0.0010000000
        0.3945651751	        1.0537382977	        0.8104444438	       -0.0807601842	       25.1154198387	        0.0004289244	        0.0028864003	        0.0031619459	        0.0006110956	        0.1000000000	        0.0010000000	        0.0666666667	        0.1000000000	        0.0010000000
        0.4347863703	        1.0717150968	        0.8027144710	       -0.0737735293	       24.6338623786	        0.0004566190	        0.0030334813	        0.0033344044	        0.0006391616	        0.1000000000	        0.0010000000	        0.0666666667	        0.1000000000	        0.0010000000
        0.4778426900	        1.0886298506	        0.7944802210	       -0.0693654746	       24.1152686627	        0.0004841410	        0.0031599741	        0.0034828402	        0.0006666391	        0.1000000000	        0.0010000000	        0.0666666667	        0.1000000000	        0.0010000000
        0.5236952751	        1.1043436895	        0.7856927308	       -0.0674258799	       23.5622405796	        0.0005122370	        0.0032645974	        0.0036056885	        0.0006942063	        0.1000000000	        0.0010000000	        0.0666666667	        0.1000000000	        0.0010000000
        0.5722565058	        1.1186862297	        0.7762953779	       -0.0677260818	       22.9725552763	        0.0005417220	        0.0033468539	        0.0037023189	        0.0007226172	        0.1000000000	        0.0010000000	        0.0666666667	        0.1000000000	        0.0010000000
        0.6233861842	        1.1314583394	        0.7662242097	       -0.0705005609	       22.3493876867	        0.0005735471	        0.0034073425	        0.0037734017	        0.0007527551	        0.1000000000	        0.0010000000	        0.0666666667	        0.1000000000	        0.0010000000
        0.6768894010	        1.1424362780	        0.7554073873	       -0.0770234512	       21.6935006683	        0.0006090248	        0.0034481715	        0.0038213928	        0.0007859522	        0.1000000000	        0.0010000000	        0.0666666667	        0.1000000000	        0.0010000000
        0.7325164896	        1.1513785690	        0.7437602350	       -0.0882984264	       21.0078119476	        0.0006503728	        0.0034735254	        0.0038511986	        0.0008241793	        0.1000000000	        0.0010000000	        0.0666666667	        0.1000000000	        0.0010000000
        0.7899653716	        1.1580377755	        0.7311851293	       -0.1027695180	       20.2962497344	        0.0006998273	        0.0034905229	        0.0038711826	        0.0008693359	        0.1000000000	        0.0010000000	        0.0666666667	        0.1000000000	        0.0010000000
        0.8488864424	        1.1621803184	        0.7175997025	       -0.1195636925	       19.5649628885	        0.0007588264	        0.0035112147	        0.0038955121	        0.0009214162	        0.1000000000	        0.0010000000	        0.0666666667	        0.1000000000	        0.0010000000
        0.9088899606	        1.1636136339	        0.7030234695	       -0.1387851488	       18.8204452015	        0.0008285134	        0.0035763542	        0.0039721170	        0.0009841528	        0.1000000000	        0.0010000000	        0.0666666667	        0.1000000000	        0.0010000000
        0.9695556872	        1.1622843806	        0.6876663554	       -0.1585125718	       18.0693742985	        0.0009095187	        0.0037257602	        0.0041478984	        0.0010666364	        0.1000000000	        0.0010000000	        0.0666666667	        0.1000000000	        0.0010000000
        1.0304443128	        1.1583517136	        0.6717274850	       -0.1758021339	       17.3191674709	        0.0010008097	        0.0038915993	        0.0043431330	        0.0011566003	        0.1000000000	        0.0010000000	        0.0666666667	        0.1000000000	        0.0010000000
        1.0911100394	        1.1520451074	        0.6552562448	       -0.1894670843	       16.5784727131	        0.0010999786	        0.0040462618	        0.0045253151	        0.0012528356	        0.1000000000	        0.0010000000	        0.0666666667	        0.1000000000	        0.0010000000
        1.1511135576	        1.1436056559	        0.6382802631	       -0.1991839914	       15.8539479181	        0.0012043590	        0.0041804826	        0.0046834955	        0.0013536141	        0.1000000000	        0.0010000000	        0.0666666667	        0.1000000000	        0.0010000000
        1.2100346284	        1.1332746565	        0.6208456857	       -0.2021372706	       15.1503931984	        0.0013104343	        0.0042880777	        0.0048103466	        0.0014554078	        0.1000000000	        0.0010000000	        0.0666666667	        0.1000000000	        0.0010000000
        1.2674835104	        1.1212857467	        0.6030341725	       -0.1968461186	       14.4756604463	        0.0014127108	        0.0043648589	        0.0049008948	        0.0015537199	        0.1000000000	        0.0010000000	        0.0666666667	        0.1000000000	        0.0010000000
        1.3231105990	        1.1078602542	        0.5849628965	       -0.1866612667	       13.8292302533	        0.0015071143	        0.0044081620	        0.0049519715	        0.0016447750	        0.1000000000	        0.0010000000	        0.0666666667	        0.1000000000	        0.0010000000
        1.3766138158	        1.0932041230	        0.5667564107	       -0.1765222148	       13.2158114960	        0.0015933208	        0.0044166248	        0.0049619542	        0.0017270889	        0.1000000000	        0.0010000000	        0.0666666667	        0.1000000000	        0.0010000000
        1.4277434942	        1.0775058177	        0.5485178985	       -0.1649550518	       12.6326209568	        0.0016712029	        0.0043900431	        0.0049305992	        0.0018002846	        0.1000000000	        0.0010000000	        0.0666666667	        0.1000000000	        0.0010000000
        1.4763047249	        1.0609348194	        0.5303364115	       -0.1486989585	       12.0839583002	        0.0017386984	        0.0043291665	        0.0048588000	        0.0018632233	        0.1000000000	        0.0010000000	        0.0666666667	        0.1000000000	        0.0010000000
        1.5221573100	        1.0436403959	        0.5122981766	       -0.1268795732	       11.5677656662	        0.0017946748	        0.0042354919	        0.0047483443	        0.0019142747	        0.1000000000	        0.0010000000	        0.0666666667	        0.1000000000	        0.0010000000
        1.5652136297	        1.0257505596	        0.4944847908	       -0.0978811235	       11.0837797408	        0.0018374245	        0.0041110974	        0.0046017158	        0.0019518370	        0.1000000000	        0.0010000000	        0.0666666667	        0.1000000000	        0.0010000000
        1.6054348249	        1.0073711753	        0.4769734227	       -0.0640416694	       10.6302320334	        0.0018665819	        0.0039584778	        0.0044218993	        0.0019749343	        0.1000000000	        0.0010000000	        0.0666666667	        0.1000000000	        0.0010000000
        1.6428257449	        0.9885851489	        0.4598249410	       -0.0240722355	       10.2041227417	        0.0018815504	        0.0037804224	        0.0042122363	        0.0019832689	        0.1000000000	        0.0010000000	        0.0666666667	        0.1000000000	        0.0010000000
        1.6774291124	        0.9694515566	        0.4430853694	        0.0227324069	        9.8055538683	        0.0018819999	        0.0035798785	        0.0039762623	        0.0019766246	        0.1000000000	        0.0010000000	        0.0666666667	        0.1000000000	        0.0010000000
        1.7093193206	        0.9500044558	        0.4267852118	        0.0801109624	        9.4314539488	        0.0018676985	        0.0033598469	        0.0037175858	        0.0019545934	        0.1000000000	        0.0010000000	        0.0666666667	        0.1000000000	        0.0010000000
        1.7385962156	        0.9302511086	        0.4109449790	        0.1484930319	        9.0796674632	        0.0018378701	        0.0031233020	        0.0034397959	        0.0019166750	        0.1000000000	        0.0010000000	        0.0666666667	        0.1000000000	        0.0010000000
        1.7653791443	        0.9101693346	        0.3955720018	        0.2268466662	        8.7490833545	        0.0017929712	        0.0028731827	        0.0031464555	        0.0018629058	        0.1000000000	        0.0010000000	        0.0666666667	        0.1000000000	        0.0010000000
        1.7898014704	        0.8897037287	        0.3806555467	        0.3139244766	        8.4372827354	        0.0017340245	        0.0026124454	        0.0028411714	        0.0017938878	        0.1000000000	        0.0010000000	        0.0666666667	        0.1000000000	        0.0010000000
        1.8120056873	        0.8687604109	        0.3661631290	        0.4082339796	        8.1433500667	        0.0016627300	        0.0023441808	        0.0025277412	        0.0017106127	        0.1000000000	        0.0010000000	        0.0666666667	        0.1000000000	        0.0010000000
        1.8321391985	        0.8471999921	        0.3520376461	        0.5067344786	        7.8647547193	        0.0015806312	        0.0020717908	        0.0022103762	        0.0016143789	        0.1000000000	        0.0010000000	        0.0666666667	        0.1000000000	        0.0010000000
        1.8503507799	        0.8248286284	        0.3381934210	        0.6054824488	        7.6008433237	        0.0014901015	        0.0017992058	        0.0018939744	        0.0015067063	        0.1000000000	        0.0010000000	        0.0666666667	        0.1000000000	        0.0010000000
        1.8667877045	        0.8013875329	        0.3245125103	        0.6993446674	        7.3510098131	        0.0013944286	        0.0015310771	        0.0015843681	        0.0013891556	        0.1000000000	        0.0010000000	        0.0666666667	        0.1000000000	        0.0010000000
        1.8815934821	        0.7765424295	        0.3108414096	        0.7826969725	        7.1148196187	        0.0012966893	        0.0012728425	        0.0012884187	        0.0012631090	        0.1000000000	        0.0010000000	        0.0666666667	        0.1000000000	        0.0010000000
        1.8949061510	        0.7498767353	        0.2969905024	        0.8497652461	        6.8914496875	        0.0011998669	        0.0010305333	        0.0010137913	        0.0011295554	        0.1000000000	        0.0010000000	        0.0666666667	        0.1000000000	        0.0010000000
        1.9068570493	        0.7208964335	        0.2827404423	        0.8949050372	        6.6790709392	        0.0011064073	        0.0008102296	        0.0007682675	        0.0009890847	        0.1000000000	        0.0010000000	        0.0666666667	        0.1000000000	        0.0010000000
        1.9175699947	        0.6890608562	        0.2678640109	        0.9122338658	        6.4800677082	        0.0010200924	        0.0006171948	        0.0005585781	        0.0008424140	        0.1000000000	        0.0010000000	        0.0666666667	        0.1000000000	        0.0010000000
        1.9271607996	        0.6538595244	        0.2521757099	        0.8974625991	        6.2931124791	        0.0009426994	        0.0004549094	        0.0003889592	        0.0006917065	        0.1000000000	        0.0010000000	        0.0666666667	        0.1000000000	        0.0010000000
        1.9357370589	        0.6149519139	        0.2356179068	        0.8461990928	        6.1171606562	        0.0008756742	        0.0003243674	        0.0002598894	        0.0005424153	        0.1000000000	        0.0010000000	        0.0666666667	        0.1000000000	        0.0010000000
        1.9433981504	        0.5723586921	        0.2183530239	        0.7555537686	        5.9546845236	        0.0008211335	        0.0002239610	        0.0001676677	        0.0004036821	        0.1000000000	        0.0010000000	        0.0666666667	        0.1000000000	        0.0010000000
        1.9502353978	        0.5266335085	        0.2007813608	        0.6196107283	        5.8027395551	        0.0007790255	        0.0001500143	        0.0001053862	        0.0002852195	        0.1000000000	        0.0010000000	        0.0666666667	        0.1000000000	        0.0010000000
        1.9563323538	        0.4788939613	        0.1834195744	        0.4361435089	        5.6628356958	        0.0007501571	        0.0000977122	        0.0000650590	        0.0001925956	        0.1000000000	        0.0010000000	        0.0666666667	        0.1000000000	        0.0010000000
        1.9617651675	        0.4306324203	        0.1667211531	        0.1984284266	        5.5336633714	        0.0007345755	        0.0000620408	        0.0000396352	        0.0001255124	        0.1000000000	        0.0010000000	        0.0666666667	        0.1000000000	        0.0010000000
        1.9666030060	        0.3833754879	        0.1509650938	       -0.0960562680	        5.4151717762	        0.0007320003	        0.0000384784	        0.0000238635	        0.0000796832	        0.1000000000	        0.0010000000	        0.0666666667	        0.1000000000	        0.0010000000
        1.9709085097	        0.3383733470	        0.1362566798	       -0.4474003744	        5.3080646999	        0.0007420480	        0.0000233452	        0.0000141898	        0.0000496122	        0.1000000000	        0.0010000000	        0.0666666667	        0.1000000000	        0.0010000000
        1.9747382607	        0.2964513183	        0.1225840653	       -0.8593648041	        5.2104581069	        0.0007638883	        0.0000138658	        0.0000083186	        0.0000304015	        0.1000000000	        0.0010000000	        0.0666666667	        0.1000000000	        0.0010000000
        1.9781432525	        0.2580230912	        0.1098750843	       -1.3365626316	        5.1217388802	        0.0007971335	        0.0000080621	        0.0000047973	        0.0000183525	        0.1000000000	        0.0010000000	        0.0666666667	        0.1000000000	        0.0010000000
        1.9811693494	        0.2231887784	        0.0980369335	       -1.8726885308	        5.0418813146	        0.0008404784	        0.0000045849	        0.0000027147	        0.0000109008	        0.1000000000	        0.0010000000	        0.0666666667	        0.1000000000	        0.0010000000
        1.9838577298	        0.1918465809	        0.0869812480	       -2.4532029782	        4.9709826835	        0.0008918658	        0.0000025456	        0.0000015029	        0.0000063509	        0.1000000000	        0.0010000000	        0.0666666667	        0.1000000000	        0.0010000000
        1.9862453073	        0.1637828019	        0.0766359781	       -3.0746160392	        4.9083889492	        0.0009500427	        0.0000013758	        0.0000008108	        0.0000036126	        0.1000000000	        0.0010000000	        0.0666666667	        0.1000000000	        0.0010000000
        1.9883651267	        0.1387327919	        0.0669455911	       -3.7374578830	        4.8530855751	        0.0010141149	        0.0000007206	        0.0000004243	        0.0000019946	        0.1000000000	        0.0010000000	        0.0666666667	        0.1000000000	        0.0010000000
        1.9902467340	        0.1164177871	        0.0578678086	       -4.4308415873	        4.8041858105	        0.0010825894	        0.0000003634	        0.0000002139	        0.0000010609	        0.1000000000	        0.0010000000	        0.0666666667	        0.1000000000	        0.0010000000
        1.9919165179	        0.0965652282	        0.0493711029	       -5.1371106431	        4.7609254917	        0.0011537782	        0.0000001749	        0.0000001029	        0.0000005381	        0.1000000000	        0.0010000000	        0.0666666667	        0.1000000000	        0.0010000000
        1.9933980257	        0.0789188964	        0.0414320273	       -5.8406789746	        4.7226391720	        0.0012260452	        0.0000000793	        0.0000000467	        0.0000002567	        0.1000000000	        0.0010000000	        0.0666666667	        0.1000000000	        0.0010000000
        1.9947122508	        0.0632431973	        0.0340321157	       -6.5290778343	        4.6887448190	        0.0012979458	        0.0000000333	        0.0000000196	        0.0000001129	        0.1000000000	        0.0010000000	        0.0666666667	        0.1000000000	        0.0010000000
        1.9958778967	        0.0493242635	        0.0271551198	       -7.1928163900	        4.6587318636	        0.0013682874	        0.0000000125	        0.0000000074	        0.0000000444	        0.1000000000	        0.0010000000	        0.0666666667	        0.1000000000	        0.0010000000
        1.9969116151	        0.0369694263	        0.0207849483	       -7.8250630999	        4.6321513793	        0.0014361405	        0.0000000040	        0.0000000024	        0.0000000149	        0.1000000000	        0.0010000000	        0.0666666667	        0.1000000000	        0.0010000000
        1.9978282231	        0.0260059164	        0.0149043606	       -8.4212536291	        4.6086079116	        0.0015008231	        0.0000000010	        0.0000000006	        0.0000000038	        0.1000000000	        0.0010000000	        0.0666666667	        0.1000000000	        0.0010000000
        1.9986408981	        0.0162792553	        0.0094943117	       -8.9786881797	        4.5877526063	        0.0015618704	        0.0000000002	        0.0000000001	        0.0000000006	        0.1000000000	        0.0010000000	        0.0666666667	        0.1000000000	        0.0010000000
        1.9993613540	        0.0076515774	        0.0045337916	       -9.4961532662	        4.5692773732	        0.0016190013	        0.0000000000	        0.0000000000	        0.0000000000	        0.1000000000	        0.0010000000	        0.0666666667	        0.1000000000	        0.0010000000
        2.0000000000	        0.0000000000	        0.0000000000	       -9.9735852991	        4.5529098873	        0.0016720830	        0.0000000000	        0.0000000000	        0.0000000000	        0.0000000000	        0.0010000000	        0.0000000000	        0.1000000000	        0.0010000000
