        0.0000000000	        0.0000000000	        1.0000000000	        8.9658905180	       30.4043084579	        0.0007720205	        0.0000000000	        0.0000000000	        0.0000000000	        0.0000000000	        0.0010000000	        0.0000000000	        0.1000000000	        0.0010000000
        0.0006386460	        0.0072238993	        0.9985408744	        8.1351373265	       30.3838870232	        0.0007139638	        0.0000000000	        0.0000000000	        0.0000000000	        0.1000000000	        0.0010000000	        0.0666666667	        0.1000000000	        0.0010000000
        0.0013591019	        0.0153688860	        0.9970272079	        7.2718392166	       30.3615111251	        0.0006539175	        0.0000000001	        0.0000000001	        0.0000000001	        0.1000000000	        0.0010000000	        0.0666666667	        0.1000000000	        0.0010000000
        0.0021717769	        0.0245507994	        0.9954703775	        6.3873772480	       30.3370594152	        0.0005927522	        0.0000000006	        0.0000000004	        0.0000000006	        0.1000000000	        0.0010000000	        0.0666666667	        0.1000000000	        0.0010000000
        0.0030883849	        0.0348995893	        0.9938827446	        5.4967696681	       30.3104068438	        0.0005315960	        0.0000000026	        0.0000000014	        0.0000000024	        0.1000000000	        0.0010000000	        0.0666666667	        0.1000000000	        0.0010000000
        0.0041221033	        0.0465608776	        0.9922765119	        4.6188337075	       30.2814172120	        0.0004718373	        0.0000000083	        0.0000000045	        0.0000000067	        0.1000000000	        0.0010000000	        0.0666666667	        0.1000000000	        0.0010000000
        0.0052877492	        0.0596976092	        0.9906621826	        3.7759003107	       30.2499284976	        0.0004150889	        0.0000000223	        0.0000000121	        0.0000000158	        0.1000000000	        0.0010000000	        0.0666666667	        0.1000000000	        0.0010000000
        0.0066019743	        0.0744917308	        0.9890467497	        2.9927348983	       30.2157264748	        0.0003630877	        0.0000000541	        0.0000000290	        0.0000000335	        0.1000000000	        0.0010000000	        0.0666666667	        0.1000000000	        0.0010000000
        0.0080834821	        0.0911457630	        0.9874319126	        2.2941270942	       30.1784998533	        0.0003174836	        0.0000001213	        0.0000000638	        0.0000000657	        0.1000000000	        0.0010000000	        0.0666666667	        0.1000000000	        0.0010000000
        0.0097532660	        0.1098840054	        0.9858127923	        1.7003314742	       30.1377667914	        0.0002794557	        0.0000002559	        0.0000001328	        0.0000001220	        0.1000000000	        0.0010000000	        0.0666666667	        0.1000000000	        0.0010000000
        0.0116348733	        0.1309528663	        0.9841776116	        1.2191300392	       30.0927577451	        0.0002490562	        0.0000005156	        0.0000002645	        0.0000002190	        0.1000000000	        0.0010000000	        0.0666666667	        0.1000000000	        0.0010000000
        0.0137546927	        0.1546193790	        0.9825081411	        0.8376201536	       30.0423504658	        0.0002246205	        0.0000010004	        0.0000005069	        0.0000003831	        0.1000000000	        0.0010000000	        0.0666666667	        0.1000000000	        0.0010000000
        0.0161422702	        0.1811662134	        0.9807791573	        0.5474203080	       29.9858949757	        0.0002056003	        0.0000018820	        0.0000009409	        0.0000006593	        0.1000000000	        0.0010000000	        0.0666666667	        0.1000000000	        0.0010000000
        0.0188306506	        0.2108802556	        0.9789593721	        0.3340043775	       29.9232635824	        0.0001920055	        0.0000034482	        0.0000017060	        0.0000011271	        0.1000000000	        0.0010000000	        0.0666666667	        0.1000000000	        0.0010000000
        0.0218567475	        0.2440300019	        0.9770124431	        0.1797468592	       29.8541578622	        0.0001833683	        0.0000061731	        0.0000030391	        0.0000019238	        0.1000000000	        0.0010000000	        0.0666666667	        0.1000000000	        0.0010000000
        0.0252617393	        0.2808247947	        0.9748976224	        0.0711301477	       29.7778331537	        0.0001786956	        0.0000108210	        0.0000053270	        0.0000032771	        0.1000000000	        0.0010000000	        0.0666666667	        0.1000000000	        0.0010000000
        0.0290914903	        0.3213476030	        0.9725717155	       -0.0058615880	       29.6932546459	        0.0001773352	        0.0000185944	        0.0000092006	        0.0000055610	        0.1000000000	        0.0010000000	        0.0666666667	        0.1000000000	        0.0010000000
        0.0333969940	        0.3654562649	        0.9699913244	       -0.0639515348	       29.5993633705	        0.0001791502	        0.0000313293	        0.0000156959	        0.0000093862	        0.1000000000	        0.0010000000	        0.0666666667	        0.1000000000	        0.0010000000
        0.0382348325	        0.4126628302	        0.9671158073	       -0.1110068430	       29.4960543423	        0.0001840886	        0.0000517277	        0.0000264712	        0.0000156971	        0.1000000000	        0.0010000000	        0.0666666667	        0.1000000000	        0.0010000000
        0.0436676462	        0.4620333585	        0.9639139507	       -0.1524915950	       29.3814065498	        0.0001923617	        0.0000835777	        0.0000441391	        0.0000258625	        0.1000000000	        0.0010000000	        0.0666666667	        0.1000000000	        0.0010000000
        0.0497646022	        0.5121910088	        0.9603743160	       -0.1915964167	       29.2542096724	        0.0002044642	        0.0001318545	        0.0000726650	        0.0000416465	        0.1000000000	        0.0010000000	        0.0666666667	        0.1000000000	        0.0010000000
        0.0566018496	        0.5615049574	        0.9565162176	       -0.2295924409	       29.1143401148	        0.0002210562	        0.0002025298	        0.0001175445	        0.0000648536	        0.1000000000	        0.0010000000	        0.0666666667	        0.1000000000	        0.0010000000
        0.0642629411	        0.6084475061	        0.9523911161	       -0.2665570271	       28.9581696183	        0.0002429554	        0.0003019345	        0.0001852377	        0.0000966245	        0.1000000000	        0.0010000000	        0.0666666667	        0.1000000000	        0.0010000000
        0.0728392004	        0.6519490537	        0.9480629880	       -0.3016580355	       28.7856228782	        0.0002710296	        0.0004357010	        0.0002814560	        0.0001368397	        0.1000000000	        0.0010000000	        0.0666666667	        0.1000000000	        0.0010000000
        0.0824300053	        0.6915538803	        0.9435753264	       -0.3334394045	       28.5961137482	        0.0003061240	        0.0006075741	        0.0004092916	        0.0001844459	        0.1000000000	        0.0010000000	        0.0666666667	        0.1000000000	        0.0010000000
        0.0931429507	        0.7273375822	        0.9389299511	       -0.3600976793	       28.3869926039	        0.0003489511	        0.0008185022	        0.0005686452	        0.0002384518	        0.1000000000	        0.0010000000	        0.0666666667	        0.1000000000	        0.0010000000
        0.1050938490	        0.7597036129	        0.9340883821	       -0.3798063394	       28.1569958295	        0.0003999090	        0.0010663385	        0.0007568666	        0.0002984243	        0.1000000000	        0.0010000000	        0.0666666667	        0.1000000000	        0.0010000000
        0.1184065179	        0.7891885940	        0.9289855860	       -0.3910372150	       27.9058754455	        0.0004590909	        0.0013462428	        0.0009699597	        0.0003643606	        0.1000000000	        0.0010000000	        0.0666666667	        0.1000000000	        0.0010000000
        0.1332122955	        0.8163334547	        0.9235427166	       -0.3930809837	       27.6321848165	        0.0005259479	        0.0016515954	        0.0012027833	        0.0004360477	        0.1000000000	        0.0010000000	        0.0666666667	        0.1000000000	        0.0010000000
        0.1496492201	        0.8416185281	        0.9176761457	       -0.3858191256	       27.3354367795	        0.0005996629	        0.0019750684	        0.0014504162	        0.0005130746	        0.1000000000	        0.0010000000	        0.0666666667	        0.1000000000	        0.0010000000
        0.1678608015	        0.8654406505	        0.9113032392	       -0.3698145220	       27.0157390551	        0.0006788135	        0.0023095129	        0.0017077267	        0.0005944382	        0.1000000000	        0.0010000000	        0.0666666667	        0.1000000000	        0.0010000000
        0.1879943127	        0.8881122013	        0.9043459363	       -0.3463955764	       26.6696885053	        0.0007616822	        0.0026484827	        0.0019701502	        0.0006787632	        0.1000000000	        0.0010000000	        0.0666666667	        0.1000000000	        0.0010000000
        0.2101985296	        0.9098693418	        0.8967339740	       -0.3170270267	       26.2995842890	        0.0008463583	        0.0029863939	        0.0022338007	        0.0007644040	        0.1000000000	        0.0010000000	        0.0666666667	        0.1000000000	        0.0010000000
        0.2346208557	        0.9308827613	        0.8884070095	       -0.2837070330	       25.9039273722	        0.0009306806	        0.0033184263	        0.0024947305	        0.0008494112	        0.1000000000	        0.0010000000	        0.0666666667	        0.1000000000	        0.0010000000
        0.2614037844	        0.9512679021	        0.8793152568	       -0.2495858380	       25.4816950711	        0.0010127530	        0.0036403029	        0.0027493493	        0.0009320189	        0.1000000000	        0.0010000000	        0.0666666667	        0.1000000000	        0.0010000000
        0.2906806794	        0.9710935592	        0.8694173399	       -0.2169907939	       25.0332585687	        0.0010912992	        0.0039480538	        0.0029946434	        0.0010110011	        0.1000000000	        0.0010000000	        0.0666666667	        0.1000000000	        0.0010000000
        0.3225708876	        0.9903886450	        0.8586775118	       -0.1852726465	       24.5581659699	        0.0011651480	        0.0042378309	        0.0032274390	        0.0010852179	        0.1000000000	        0.0010000000	        0.0666666667	        0.1000000000	        0.0010000000
        0.3571742551	        1.0091472921	        0.8470689524	       -0.1545348762	       24.0550707576	        0.0012329413	        0.0045058010	        0.0034438912	        0.0011533470	        0.1000000000	        0.0010000000	        0.0666666667	        0.1000000000	        0.0010000000
        0.3945651751	        1.0273325949	        0.8345735559	       -0.1265293159	       23.5257367057	        0.0012933968	        0.0047481266	        0.0036391051	        0.0012141293	        0.1000000000	        0.0010000000	        0.0666666667	        0.1000000000	        0.0010000000
        0.4347863703	        1.0448793115	        0.8211776899	       -0.1019035860	       22.9674135556	        0.0013459601	        0.0049610285	        0.0038097889	        0.0012669884	        0.1000000000	        0.0010000000	        0.0666666667	        0.1000000000	        0.0010000000
        0.4778426900	        1.0616958270	        0.8068769137	       -0.0807022229	       22.3818320284	        0.0013910086	        0.0051409207	        0.0039559280	        0.0013122334	        0.1000000000	        0.0010000000	        0.0666666667	        0.1000000000	        0.0010000000
        0.5236952751	        1.0776656411	        0.7916785439	       -0.0626298061	       21.7683337871	        0.0014285934	        0.0052846112	        0.0040767373	        0.0013498783	        0.1000000000	        0.0010000000	        0.0666666667	        0.1000000000	        0.0010000000
        0.5722565058	        1.0926486176	        0.7756023597	       -0.0484024780	       21.1283544896	        0.0014597794	        0.0053895597	        0.0041728809	        0.0013809048	        0.1000000000	        0.0010000000	        0.0666666667	        0.1000000000	        0.0010000000
        0.6233861842	        1.1064822186	        0.7586700109	       -0.0371395038	       20.4614429182	        0.0014855152	        0.0054541894	        0.0042418654	        0.0014061970	        0.1000000000	        0.0010000000	        0.0666666667	        0.1000000000	        0.0010000000
        0.6768894010	        1.1189829748	        0.7408915080	       -0.0297313342	       19.7705614019	        0.0015061288	        0.0054782546	        0.0042771685	        0.0014260616	        0.1000000000	        0.0010000000	        0.0666666667	        0.1000000000	        0.0010000000
        0.7325164896	        1.1299485393	        0.7222538579	       -0.0251477482	       19.0583595047	        0.0015229529	        0.0054632762	        0.0042778882	        0.0014417703	        0.1000000000	        0.0010000000	        0.0666666667	        0.1000000000	        0.0010000000
        0.7899653716	        1.1391609004	        0.7027449359	       -0.0237638667	       18.3276313983	        0.0015374217	        0.0054130782	        0.0042501842	        0.0014547113	        0.1000000000	        0.0010000000	        0.0666666667	        0.1000000000	        0.0010000000
        0.8488864424	        1.1463917809	        0.6823815224	       -0.0290116554	       17.5841622842	        0.0015532985	        0.0053345120	        0.0042097681	        0.0014685089	        0.1000000000	        0.0010000000	        0.0666666667	        0.1000000000	        0.0010000000
        0.9088899606	        1.1514120447	        0.6612126942	       -0.0394900550	       16.8335278592	        0.0015756705	        0.0052386966	        0.0041767256	        0.0014880943	        0.1000000000	        0.0010000000	        0.0666666667	        0.1000000000	        0.0010000000
        0.9695556872	        1.1540080798	        0.6393378497	       -0.0515869976	       16.0838749914	        0.0016068228	        0.0051450769	        0.0041664048	        0.0015158988	        0.1000000000	        0.0010000000	        0.0666666667	        0.1000000000	        0.0010000000
        1.0304443128	        1.1540080798	        0.6169325443	       -0.0671075017	       15.3438014143	        0.0016484061	        0.0051450769	        0.0041920248	        0.0015551290	        0.1000000000	        0.0010000000	        0.0666666667	        0.1000000000	        0.0010000000
        1.0911100394	        1.1514120447	        0.5941893925	       -0.0828072833	       14.6223308691	        0.0017011938	        0.0052386966	        0.0042503410	        0.0016066411	        0.1000000000	        0.0010000000	        0.0666666667	        0.1000000000	        0.0010000000
        1.1511135576	        1.1463917809	        0.5712647661	       -0.0935529029	       13.9278881394	        0.0017623211	        0.0053345120	        0.0043221977	        0.0016661217	        0.1000000000	        0.0010000000	        0.0666666667	        0.1000000000	        0.0010000000
        1.2100346284	        1.1391609004	        0.5482940046	       -0.0992565397	       13.2667899947	        0.0018283701	        0.0054130782	        0.0043935770	        0.0017300072	        0.1000000000	        0.0010000000	        0.0666666667	        0.1000000000	        0.0010000000
        1.2674835104	        1.1299485393	        0.5253943919	       -0.1024238926	       12.6430281464	        0.0018958377	        0.0054632762	        0.0044490521	        0.0017947782	        0.1000000000	        0.0010000000	        0.0666666667	        0.1000000000	        0.0010000000
        1.3231105990	        1.1189829748	        0.5026344000	       -0.1006882015	       12.0587777626	        0.0019603445	        0.0054782546	        0.0044732082	        0.0018561309	        0.1000000000	        0.0010000000	        0.0666666667	        0.1000000000	        0.0010000000
        1.3766138158	        1.1064822186	        0.4800731703	       -0.0905933420	       11.5167999594	        0.0020178598	        0.0054541894	        0.0044626795	        0.0019101174	        0.1000000000	        0.0010000000	        0.0666666667	        0.1000000000	        0.0010000000
        1.4277434942	        1.0926486176	        0.4578176524	       -0.0734472100	       11.0114483279	        0.0020648196	        0.0053895597	        0.0044223620	        0.0019532536	        0.1000000000	        0.0010000000	        0.0666666667	        0.1000000000	        0.0010000000
        1.4763047249	        1.0776656411	        0.4360173991	       -0.0557175295	       10.5444849210	        0.0021006345	        0.0052846112	        0.0043584976	        0.0019848901	        0.1000000000	        0.0010000000	        0.0666666667	        0.1000000000	        0.0010000000
        1.5221573100	        1.0616958270	        0.4148037466	       -0.0348283758	       10.1108404855	        0.0021250716	        0.0051409207	        0.0042713565	        0.0020047252	        0.1000000000	        0.0010000000	        0.0666666667	        0.1000000000	        0.0010000000
        1.5652136297	        1.0448793115	        0.3942790030	       -0.0078306217	        9.7068885488	        0.0021361186	        0.0049610285	        0.0041576748	        0.0020107858	        0.1000000000	        0.0010000000	        0.0666666667	        0.1000000000	        0.0010000000
        1.6054348249	        1.0273325949	        0.3745254871	        0.0206204018	        9.3308018717	        0.0021341231	        0.0047481266	        0.0040178139	        0.0020033307	        0.1000000000	        0.0010000000	        0.0666666667	        0.1000000000	        0.0010000000
        1.6428257449	        1.0091472921	        0.3555848180	        0.0532234047	        8.9793826806	        0.0021190747	        0.0045058010	        0.0038502213	        0.0019822747	        0.1000000000	        0.0010000000	        0.0666666667	        0.1000000000	        0.0010000000
        1.6774291124	        0.9903886450	        0.3374697121	        0.0926105991	        8.6502718196	        0.0020906405	        0.0042378309	        0.0036556268	        0.0019472208	        0.1000000000	        0.0010000000	        0.0666666667	        0.1000000000	        0.0010000000
        1.7093193206	        0.9710935592	        0.3201817696	        0.1426406584	        8.3412283734	        0.0020484980	        0.0039480538	        0.0034375404	        0.0018977689	        0.1000000000	        0.0010000000	        0.0666666667	        0.1000000000	        0.0010000000
        1.7385962156	        0.9512679021	        0.3037214636	        0.2015444517	        8.0496630525	        0.0019918020	        0.0036403029	        0.0031979292	        0.0018330205	        0.1000000000	        0.0010000000	        0.0666666667	        0.1000000000	        0.0010000000
        1.7653791443	        0.9308827613	        0.2880731890	        0.2669330821	        7.7741934385	        0.0019210216	        0.0033184263	        0.0029383220	        0.0017532731	        0.1000000000	        0.0010000000	        0.0666666667	        0.1000000000	        0.0010000000
        1.7898014704	        0.9098693418	        0.2731953149	        0.3406434390	        7.5128841834	        0.0018367106	        0.0029863939	        0.0026601375	        0.0016588589	        0.1000000000	        0.0010000000	        0.0666666667	        0.1000000000	        0.0010000000
        1.8120056873	        0.8881122013	        0.2590272191	        0.4208222886	        7.2650270641	        0.0017401382	        0.0026484827	        0.0023670844	        0.0015507014	        0.1000000000	        0.0010000000	        0.0666666667	        0.1000000000	        0.0010000000
        1.8321391985	        0.8654406505	        0.2454919106	        0.5029602123	        7.0288994404	        0.0016333392	        0.0023095129	        0.0020644780	        0.0014303180	        0.1000000000	        0.0010000000	        0.0666666667	        0.1000000000	        0.0010000000
        1.8503507799	        0.8416185281	        0.2324951571	        0.5821484279	        6.8042225927	        0.0015194845	        0.0019750684	        0.0017595246	        0.0013000787	        0.1000000000	        0.0010000000	        0.0666666667	        0.1000000000	        0.0010000000
        1.8667877045	        0.8163334547	        0.2199267067	        0.6523173516	        6.5909648131	        0.0014025157	        0.0016515954	        0.0014605005	        0.0011627839	        0.1000000000	        0.0010000000	        0.0666666667	        0.1000000000	        0.0010000000
        1.8815934821	        0.7891885940	        0.2076585797	        0.7077634943	        6.3892380296	        0.0012864026	        0.0013462428	        0.0011755765	        0.0010209619	        0.1000000000	        0.0010000000	        0.0666666667	        0.1000000000	        0.0010000000
        1.8949061510	        0.7597036129	        0.1955455137	        0.7444860334	        6.1989973584	        0.0011749327	        0.0010663385	        0.0009128753	        0.0008767704	        0.1000000000	        0.0010000000	        0.0666666667	        0.1000000000	        0.0010000000
        1.9068570493	        0.7273375822	        0.1834350887	        0.7596851275	        6.0190028919	        0.0010706470	        0.0008185022	        0.0006799081	        0.0007316146	        0.1000000000	        0.0010000000	        0.0666666667	        0.1000000000	        0.0010000000
        1.9175699947	        0.6915538803	        0.1712010997	        0.7510324164	        5.8515740750	        0.0009772591	        0.0006075741	        0.0004843123	        0.0005888185	        0.1000000000	        0.0010000000	        0.0666666667	        0.1000000000	        0.0010000000
        1.9271607996	        0.6519490537	        0.1587954157	        0.7173175190	        5.6958708973	        0.0008960332	        0.0004357010	        0.0003293742	        0.0004523969	        0.1000000000	        0.0010000000	        0.0666666667	        0.1000000000	        0.0010000000
        1.9357370589	        0.6084475061	        0.1462959266	        0.6574527964	        5.5509802347	        0.0008276940	        0.0003019345	        0.0002145181	        0.0003291779	        0.1000000000	        0.0010000000	        0.0666666667	        0.1000000000	        0.0010000000
        1.9433981504	        0.5615049574	        0.1339279538	        0.5720005878	        5.4185975656	        0.0007735788	        0.0002025298	        0.0001351421	        0.0002269532	        0.1000000000	        0.0010000000	        0.0666666667	        0.1000000000	        0.0010000000
        1.9502353978	        0.5121910088	        0.1219968034	        0.4587800799	        5.2962725904	        0.0007327967	        0.0001318545	        0.0000831571	        0.0001492603	        0.1000000000	        0.0010000000	        0.0666666667	        0.1000000000	        0.0010000000
        1.9563323538	        0.4620333585	        0.1107598274	        0.3182884630	        5.1849345498	        0.0007053531	        0.0000835777	        0.0000504114	        0.0000948329	        0.1000000000	        0.0010000000	        0.0666666667	        0.1000000000	        0.0010000000
        1.9617651675	        0.4126628302	        0.1003527571	        0.1471167813	        5.0832218080	        0.0006906198	        0.0000517277	        0.0000302221	        0.0000588886	        0.1000000000	        0.0010000000	        0.0666666667	        0.1000000000	        0.0010000000
        1.9666030060	        0.3654562649	        0.0907898824	       -0.0562195078	        4.9907133751	        0.0006877778	        0.0000313293	        0.0000179233	        0.0000360348	        0.1000000000	        0.0010000000	        0.0666666667	        0.1000000000	        0.0010000000
        1.9709085097	        0.3213476030	        0.0820099229	       -0.2924432131	        4.9077115129	        0.0006961107	        0.0000185944	        0.0000105044	        0.0000218292	        0.1000000000	        0.0010000000	        0.0666666667	        0.1000000000	        0.0010000000
        1.9747382607	        0.2808247947	        0.0739211724	       -0.5656533158	        4.8326426282	        0.0007146676	        0.0000108210	        0.0000060720	        0.0000131062	        0.1000000000	        0.0010000000	        0.0666666667	        0.1000000000	        0.0010000000
        1.9781432525	        0.2440300019	        0.0664287086	       -0.8810008285	        4.7648210757	        0.0007430096	        0.0000061731	        0.0000034559	        0.0000077952	        0.1000000000	        0.0010000000	        0.0666666667	        0.1000000000	        0.0010000000
        1.9811693494	        0.2108802556	        0.0594477098	       -1.2363955613	        4.7040975114	        0.0007800143	        0.0000034482	        0.0000019310	        0.0000045786	        0.1000000000	        0.0010000000	        0.0666666667	        0.1000000000	        0.0010000000
        1.9838577298	        0.1811662134	        0.0529101518	       -1.6240665246	        4.6505114522	        0.0008239780	        0.0000018820	        0.0000010552	        0.0000026423	        0.1000000000	        0.0010000000	        0.0666666667	        0.1000000000	        0.0010000000
        1.9862453073	        0.1546193790	        0.0467664126	       -2.0428744366	        4.6034584062	        0.0008739138	        0.0000010004	        0.0000005619	        0.0000014905	        0.1000000000	        0.0010000000	        0.0666666667	        0.1000000000	        0.0010000000
        1.9883651267	        0.1309528663	        0.0409818154	       -2.4937128802	        4.5620362295	        0.0009291343	        0.0000005156	        0.0000002903	        0.0000008169	        0.1000000000	        0.0010000000	        0.0666666667	        0.1000000000	        0.0010000000
        1.9902467340	        0.1098840054	        0.0355325062	       -2.9689389496	        4.5255391840	        0.0009883911	        0.0000002559	        0.0000001445	        0.0000004314	        0.1000000000	        0.0010000000	        0.0666666667	        0.1000000000	        0.0010000000
        1.9919165179	        0.0911457630	        0.0304027996	       -3.4558473168	        4.4934431674	        0.0010502513	        0.0000001213	        0.0000000686	        0.0000002172	        0.1000000000	        0.0010000000	        0.0666666667	        0.1000000000	        0.0010000000
        1.9933980257	        0.0744917308	        0.0255828584	       -3.9431174353	        4.4652605190	        0.0011132861	        0.0000000541	        0.0000000307	        0.0000001028	        0.1000000000	        0.0010000000	        0.0666666667	        0.1000000000	        0.0010000000
        1.9947122508	        0.0596976092	        0.0210662744	       -4.4216157143	        4.4405366070	        0.0011762095	        0.0000000223	        0.0000000127	        0.0000000448	        0.1000000000	        0.0010000000	        0.0666666667	        0.1000000000	        0.0010000000
        1.9958778967	        0.0465608776	        0.0168479905	       -4.8843256690	        4.4188567034	        0.0012379445	        0.0000000083	        0.0000000047	        0.0000000175	        0.1000000000	        0.0010000000	        0.0666666667	        0.1000000000	        0.0010000000
        1.9969116151	        0.0348995893	        0.0129227717	       -5.3261377019	        4.3998480849	        0.0012976411	        0.0000000026	        0.0000000015	        0.0000000058	        0.1000000000	        0.0010000000	        0.0666666667	        0.1000000000	        0.0010000000
        1.9978282231	        0.0245507994	        0.0092842395	       -5.7435784283	        4.3831792570	        0.0013546670	        0.0000000006	        0.0000000004	        0.0000000015	        0.1000000000	        0.0010000000	        0.0666666667	        0.1000000000	        0.0010000000
        1.9986408981	        0.0153688860	        0.0059243840	       -6.1345273899	        4.3685575515	        0.0014085840	        0.0000000001	        0.0000000001	        0.0000000002	        0.1000000000	        0.0010000000	        0.0666666667	        0.1000000000	        0.0010000000
        1.9993613540	        0.0072238993	        0.0028334385	       -6.4979481369	        4.3557259000	        0.0014591190	        0.0000000000	        0.0000000000	        0.0000000000	        0.1000000000	        0.0010000000	        0.0666666667	        0.1000000000	        0.0010000000
        2.0000000000	        0.0000000000	        0.0000000000	       -6.8336473605	        4.3444592947	        0.0015061341	        0.0000000000	        0.0000000000	        0.0000000000	        0.0000000000	        0.0010000000	        0.0000000000	        0.1000000000	        0.0010000000
